6.73 -7.06 3.34 -.13 .65 -.01
6.73 -7.06 3.34 -.23 .64 -.08
6.84 -6.67 2.71 -.23 .64 -.08
6.84 -6.67 2.71 -.29 .55 -.13
2.92 -2.55 18.50 -.35 -.12 -.20
2.92 -2.55 18.50 .53 -.73 .26
-.21 6.85 25.12 .53 -.73 .26
-.21 6.85 25.12 2.01 -2.05 1.22
-2.68 9.50 26.87 2.01 -2.05 1.22
-2.68 9.50 26.87 3.36 -3.96 4.21
-5.74 11.29 20.79 3.36 -3.96 4.21
-5.74 11.29 20.79 2.88 -5.60 5.13
-10.12 4.78 21.04 2.88 -5.60 5.13
-10.12 4.78 21.04 2.54 -7.37 5.49
-14.83 -3.39 15.63 2.54 -7.37 5.49
-14.83 -3.39 15.63 3.05 -8.65 5.20
-22.25 -26.61 5.55 3.05 -8.65 5.20
-22.25 -26.61 5.55 4.74 -8.15 4.10
-16.29 -34.61 -4.58 4.74 -8.15 4.10
-16.29 -34.61 -4.58 3.45 -8.96 6.18
-9.35 -37.84 -6.38 3.45 -8.96 6.18
-9.35 -37.84 -6.38 3.52 -6.40 4.19
-3.71 -33.31 -10.83 3.52 -6.40 4.19
-3.71 -33.31 -10.83 2.55 -5.92 2.09
2.01 -23.57 -9.97 2.55 -5.92 2.09
2.01 -23.57 -9.97 1.35 -5.10 1.00
5.18 -16.62 -10.44 1.35 -5.10 1.00
5.18 -16.62 -10.44 -.13 -4.45 -.24
5.22 -10.08 -10.37 -.13 -4.45 -.24
5.22 -10.08 -10.37 -.70 -3.40 -1.50
5.32 -6.48 -8.99 -.70 -3.40 -1.50
5.32 -6.48 -8.99 -.47 -2.23 -1.59
7.15 -4.86 -7.82 -.47 -2.23 -1.59
7.15 -4.86 -7.82 .00 -1.32 -1.37
7.64 -3.92 -6.26 .00 -1.32 -1.37
7.64 -3.92 -6.26 .47 -.38 -1.14
7.01 -3.28 -3.83 .47 -.38 -1.14
7.01 -3.28 -3.83 .36 .27 -.93
6.92 -3.62 -2.95 .36 .27 -.93
6.92 -3.62 -2.95 .01 .46 -.60
7.07 -4.57 -2.96 -.22 .59 -.36
7.07 -4.57 -2.96 .01 .46 -.60
6.76 -5.06 -2.57 -.22 .59 -.36
6.76 -5.06 -2.57 -.11 .73 -.18
6.41 -5.63 -.63 -.11 .73 -.18
6.41 -5.63 -.63 .08 .82 -.01
6.39 -6.51 .18 .08 .82 -.01
6.39 -6.51 .18 .18 .77 .10
7.03 -6.40 .17 .18 .77 .10
7.03 -6.40 .17 .09 .65 .15
