4.00 -7.38 4.58 -.09 .66 -.71
4.00 -7.38 4.58 -.21 .62 -.74
-11.40 3.50 29.55 -1.02 .91 -.26
-11.40 3.50 29.55 .31 .05 1.11
-15.56 15.76 38.69 .31 .05 1.11
-15.56 15.76 38.69 2.84 -2.89 4.46
-15.57 19.32 24.77 2.84 -2.89 4.46
-15.57 19.32 24.77 3.20 -6.17 5.73
-18.15 7.46 17.26 3.20 -6.17 5.73
-18.15 7.46 17.26 1.77 -8.40 7.24
-22.69 -13.97 12.96 .08 -11.02 6.09
-22.69 -13.97 12.96 1.77 -8.40 7.24
-27.53 -28.44 1.86 .08 -11.02 6.09
-27.53 -28.44 1.86 -1.55 -10.97 4.86
-13.11 -34.23 -18.30 -1.55 -10.97 4.86
-13.11 -34.23 -18.30 .86 -9.95 5.39
-8.66 -33.21 -26.04 -.07 -7.19 2.56
-8.66 -33.21 -26.04 .86 -9.95 5.39
-3.29 -22.86 -20.88 -.07 -7.19 2.56
-3.29 -22.86 -20.88 .09 -5.04 1.75
.70 -17.26 -18.51 .09 -5.04 1.75
.70 -17.26 -18.51 -1.87 -3.00 -.21
7.72 -11.75 -12.60 -.83 -1.48 -.20
7.72 -11.75 -12.60 -1.87 -3.00 -.21
11.66 -8.33 -7.92 -.83 -1.48 -.20
11.66 -8.33 -7.92 .10 -.17 -.20
9.66 -7.14 -4.38 .10 -.17 -.20
9.66 -7.14 -4.38 .64 .43 -.49
6.78 -7.47 -.98 .64 .43 -.49
6.78 -7.47 -.98 .05 .69 -.50
7.18 -7.35 .62 .05 .69 -.50
7.18 -7.35 .62 -.48 .34 -.44
7.60 -7.52 .47 -.48 .34 -.44
7.60 -7.52 .47 -.60 .23 -.46
6.78 -8.16 .00 -.60 .23 -.46
6.78 -8.16 .00 -.17 .27 -.45
6.44 -8.45 -.35 -.17 .27 -.45
6.44 -8.45 -.35 .51 .30 -.41
5.94 -8.06 .36 .51 .30 -.41
5.94 -8.06 .36 1.21 .40 -.27
5.28 -7.39 1.20 1.28 .41 -.25
5.28 -7.39 1.20 1.21 .40 -.27
4.82 -7.28 1.60 .62 .37 -.23
4.82 -7.28 1.60 1.28 .41 -.25
4.98 -7.65 1.42 -.09 .32 -.17
4.98 -7.65 1.42 .62 .37 -.23
5.27 -8.13 1.46 -.09 .32 -.17
5.27 -8.13 1.46 -.23 .33 -.10
5.10 -8.61 1.61 -.23 .33 -.10
5.10 -8.61 1.61 .37 .39 -.08
5.18 -7.70 1.82 .37 .39 -.08
