5.25 -8.97 1.00 -.16 .51 -.30
5.25 -8.97 1.00 .19 .50 -.32
-5.82 -.66 26.28 1.02 .15 .00
-5.82 -.66 26.28 2.69 -1.24 .93
-7.52 9.85 32.81 2.69 -1.24 .93
-7.52 9.85 32.81 4.99 -3.85 3.91
-8.79 10.72 26.30 4.34 -6.63 4.43
-8.79 10.72 26.30 4.99 -3.85 3.91
-12.26 1.72 23.31 4.34 -6.63 4.43
-12.26 1.72 23.31 .88 -9.95 5.33
-23.96 -25.16 3.58 .88 -9.95 5.33
-23.96 -25.16 3.58 .10 -11.12 3.38
-23.44 -33.88 -9.42 -.18 -10.66 3.99
-23.44 -33.88 -9.42 .10 -11.12 3.38
-10.98 -27.12 -19.54 -.18 -10.66 3.99
-10.98 -27.12 -19.54 1.90 -8.33 2.40
-4.21 -20.28 -23.08 1.90 -8.33 2.40
-4.21 -20.28 -23.08 .73 -6.33 .76
.75 -15.00 -21.50 .73 -6.33 .76
.75 -15.00 -21.50 .12 -4.11 .52
5.42 -9.14 -17.80 .12 -4.11 .52
5.42 -9.14 -17.80 -1.28 -2.31 -.07
7.98 -7.02 -12.14 -1.28 -2.31 -.07
7.98 -7.02 -12.14 -.66 -.63 .05
6.50 -9.00 -7.58 -.66 -.63 .05
6.50 -9.00 -7.58 .23 .50 .39
7.17 -7.54 -5.92 .23 .50 .39
7.17 -7.54 -5.92 .29 .63 -.14
7.65 -6.68 -4.56 .29 .63 -.14
7.65 -6.68 -4.56 .11 .68 -.20
7.17 -7.39 -3.03 .11 .68 -.20
7.17 -7.39 -3.03 -.05 .64 -.23
6.70 -7.60 -1.81 -.05 .64 -.23
6.70 -7.60 -1.81 .19 .54 -.27
6.32 -7.60 -1.44 .19 .54 -.27
6.32 -7.60 -1.44 .46 .48 -.36
6.20 -7.21 -1.43 .46 .48 -.36
6.20 -7.21 -1.43 .38 .49 -.40
6.05 -7.04 -1.67 .38 .49 -.40
6.05 -7.04 -1.67 .12 .63 -.35
5.83 -7.22 -.86 .12 .63 -.35
5.83 -7.22 -.86 -.13 .77 -.25
5.57 -7.79 .01 -.13 .77 -.25
5.57 -7.79 .01 -.16 .81 -.19
5.29 -7.96 .51 -.16 .81 -.19
5.29 -7.96 .51 -.07 .79 -.19
5.21 -7.81 1.08 -.07 .79 -.19
5.21 -7.81 1.08 -.18 .83 -.21
5.33 -7.81 .95 -.18 .83 -.21
5.33 -7.81 .95 -.42 .77 -.23
5.64 -7.98 1.21 -.42 .77 -.23
