5.64 -7.98 1.21 -.42 .72 -.17
-9.76 10.78 30.70 .97 -.37 .93
-9.76 10.78 30.70 2.53 -1.66 3.09
-12.98 17.31 31.53 2.53 -1.66 3.09
-12.98 17.31 31.53 3.89 -3.78 5.07
-14.70 16.58 23.60 3.68 -6.12 6.88
-14.70 16.58 23.60 3.89 -3.78 5.07
-21.33 1.92 23.12 3.68 -6.12 6.88
-21.33 1.92 23.12 .57 -8.50 8.02
-32.15 -15.39 7.95 -3.74 -10.85 5.76
-32.15 -15.39 7.95 .57 -8.50 8.02
-23.33 -34.66 -4.09 -2.66 -11.55 5.44
-23.33 -34.66 -4.09 -3.74 -10.85 5.76
-19.66 -32.41 -14.28 .79 -10.34 4.06
-19.66 -32.41 -14.28 -2.66 -11.55 5.44
-14.77 -22.34 -21.44 .79 -10.34 4.06
-14.77 -22.34 -21.44 -1.63 -7.54 1.58
-2.13 -15.93 -20.81 -1.63 -7.54 1.58
-2.13 -15.93 -20.81 -2.58 -5.38 .63
4.82 -10.81 -18.22 -1.86 -3.33 -.08
4.82 -10.81 -18.22 -2.58 -5.38 .63
9.33 -8.03 -14.15 -1.86 -3.33 -.08
9.33 -8.03 -14.15 .19 -1.33 -.02
6.99 -8.13 -9.24 .19 -1.33 -.02
6.99 -8.13 -9.24 1.09 .46 .16
6.34 -7.39 -7.54 1.09 .46 .16
6.34 -7.39 -7.54 .74 .86 -.10
6.92 -8.34 -4.26 .74 .86 -.10
6.92 -8.34 -4.26 .32 1.04 -.04
6.61 -8.76 -1.99 .32 1.04 -.04
6.61 -8.76 -1.99 .09 .97 -.19
7.05 -8.78 -1.24 .09 .97 -.19
7.05 -8.78 -1.24 .66 .64 -.25
7.43 -8.52 -1.30 .66 .64 -.25
7.43 -8.52 -1.30 1.15 .51 -.35
6.95 -7.83 -.58 1.15 .51 -.35
6.95 -7.83 -.58 .94 .63 -.45
6.32 -7.94 -.17 .94 .63 -.45
6.32 -7.94 -.17 .40 .66 -.45
6.47 -8.06 .05 .11 .64 -.40
6.47 -8.06 .05 .40 .66 -.45
6.34 -7.98 .53 .11 .64 -.40
6.34 -7.98 .53 .15 .68 -.37
5.83 -8.17 1.44 .15 .68 -.37
5.83 -8.17 1.44 .22 .71 -.35
5.80 -8.07 1.43 .22 .71 -.35
5.80 -8.07 1.43 .18 .63 -.35
6.09 -7.74 1.33 .18 .63 -.35
6.09 -7.74 1.33 .13 .57 -.33
5.79 -7.70 1.81 .13 .57 -.33
