5.79 -7.70 1.81 .00 .65 -.34
-3.74 3.12 20.23 1.25 -.33 .13
-3.74 3.12 20.23 1.80 -1.17 1.05
-6.69 2.82 24.70 1.80 -1.17 1.05
-6.69 2.82 24.70 1.99 -2.36 2.32
-8.93 4.55 25.67 1.99 -2.36 2.32
-8.93 4.55 25.67 2.91 -3.95 3.57
-11.06 6.26 23.71 2.91 -3.95 3.57
-11.06 6.26 23.71 4.04 -5.95 5.17
-12.92 6.65 21.27 4.04 -5.95 5.17
-12.92 6.65 21.27 3.78 -7.90 6.20
-18.01 -4.02 17.76 3.78 -7.90 6.20
-18.01 -4.02 17.76 2.44 -9.23 6.82
-25.97 -17.64 4.36 2.44 -9.23 6.82
-25.97 -17.64 4.36 .22 -9.72 5.39
-23.92 -36.79 -4.46 .46 -9.86 5.66
-23.92 -36.79 -4.46 .22 -9.72 5.39
-15.28 -31.97 -13.22 .46 -9.86 5.66
-15.28 -31.97 -13.22 1.01 -8.61 3.92
-6.62 -24.55 -21.57 1.01 -8.61 3.92
-6.62 -24.55 -21.57 .92 -6.66 2.35
.38 -18.05 -20.91 .92 -6.66 2.35
.38 -18.05 -20.91 -.59 -4.37 1.45
6.23 -13.65 -18.68 -.59 -4.37 1.45
6.23 -13.65 -18.68 -1.64 -2.51 .37
7.98 -11.02 -13.29 -1.64 -2.51 .37
7.98 -11.02 -13.29 -.62 -.35 .30
6.31 -10.15 -9.22 -.62 -.35 .30
6.31 -10.15 -9.22 .23 .83 -.05
6.39 -8.31 -6.68 .23 .83 -.05
6.39 -8.31 -6.68 .14 1.17 -.37
6.42 -8.11 -2.62 .14 1.17 -.37
6.42 -8.11 -2.62 -.15 1.32 -.28
6.48 -8.48 -.18 -.15 1.32 -.28
7.30 -8.62 -.02 -.46 1.11 -.30
6.48 -8.48 -.18 -.46 1.11 -.30
7.30 -8.62 -.02 -.27 .73 -.37
6.91 -8.41 -.09 -.27 .73 -.37
6.91 -8.41 -.09 .01 .70 -.50
6.02 -7.97 .37 .01 .70 -.50
6.02 -7.97 .37 .12 .68 -.55
5.60 -8.02 .90 .07 .65 -.54
5.60 -8.02 .90 .12 .68 -.55
5.54 -8.35 1.00 .07 .65 -.54
5.54 -8.35 1.00 .13 .57 -.48
5.46 -8.21 .58 .13 .57 -.48
5.46 -8.21 .58 .08 .50 -.47
5.48 -8.17 1.24 .08 .50 -.47
5.48 -8.17 1.24 -.21 .53 -.49
5.25 -8.47 1.49 -.21 .53 -.49
