5.25 -8.47 1.49 -.38 .56 -.51
-3.62 4.05 21.52 1.58 .49 .38
-3.62 4.05 21.52 1.86 -.37 1.42
-6.22 4.80 26.23 1.86 -.37 1.42
-6.22 4.80 26.23 2.27 -1.96 2.68
-8.03 10.70 24.71 2.27 -1.96 2.68
-8.03 10.70 24.71 3.63 -3.83 4.37
-9.40 16.86 23.80 3.63 -3.83 4.37
-9.40 16.86 23.80 4.61 -6.03 6.54
-12.24 14.94 24.11 4.61 -6.03 6.54
-12.24 14.94 24.11 3.45 -7.63 7.71
-20.94 -2.30 17.25 .59 -8.64 7.62
-20.94 -2.30 17.25 3.45 -7.63 7.71
-33.00 -17.52 1.46 .59 -8.64 7.62
-33.00 -17.52 1.46 -2.71 -9.10 6.17
-26.08 -42.56 -5.79 -2.71 -9.10 6.17
-26.08 -42.56 -5.79 -2.75 -10.02 5.91
-14.02 -34.43 -18.38 -2.75 -10.02 5.91
-14.02 -34.43 -18.38 -.68 -6.98 2.24
-2.33 -18.72 -22.20 -.68 -6.98 2.24
-2.33 -18.72 -22.20 -.81 -4.88 1.05
4.20 -13.69 -18.15 -.81 -4.88 1.05
4.20 -13.69 -18.15 -1.84 -2.79 .42
10.22 -9.29 -12.82 -1.84 -2.79 .42
10.22 -9.29 -12.82 -1.19 -.75 .18
7.60 -10.12 -7.50 -1.19 -.75 .18
7.60 -10.12 -7.50 .60 1.18 .26
5.92 -8.23 -4.64 .60 1.18 .26
5.92 -8.23 -4.64 .59 1.49 -.37
6.17 -8.02 -.96 .59 1.49 -.37
6.17 -8.02 -.96 .34 1.30 -.14
6.17 -8.74 1.22 .34 1.30 -.14
6.17 -8.74 1.22 -.12 .90 -.20
6.39 -8.48 .96 -.12 .90 -.20
6.39 -8.48 .96 .03 .34 -.23
6.73 -7.91 -.22 .03 .34 -.23
6.73 -7.91 -.22 .26 .11 -.28
6.53 -7.84 -.27 .27 .20 -.30
6.53 -7.84 -.27 .26 .11 -.28
6.06 -8.29 -.05 .27 .20 -.30
6.06 -8.29 -.05 .29 .22 -.33
5.63 -8.61 .31 .29 .22 -.33
5.63 -8.61 .31 .45 .20 -.34
5.25 -7.91 .72 .45 .20 -.34
5.25 -7.91 .72 .19 .22 -.36
5.31 -8.18 .84 -.29 .25 -.33
5.31 -8.18 .84 .19 .22 -.36
