5.66 -8.48 .44 -.29 .25 -.33
5.66 -8.48 .44 -.49 .31 -.36
5.67 -8.41 .33 -.49 .31 -.36
5.67 -8.41 .33 -.35 .42 -.37
-12.59 .33 12.63 .70 -4.71 7.02
-12.59 .33 12.63 -2.28 -5.77 6.84
-18.06 -11.03 3.29 -2.28 -5.77 6.84
-18.06 -11.03 3.29 -3.75 -6.64 5.97
-21.35 -24.82 -3.06 -3.75 -6.64 5.97
-21.35 -24.82 -3.06 -3.60 -6.88 5.76
-13.12 -25.68 -10.24 -3.60 -6.88 5.76
-13.12 -25.68 -10.24 -1.48 -6.45 4.67
-7.72 -23.85 -12.85 -1.48 -6.45 4.67
-7.72 -23.85 -12.85 -.20 -4.59 3.28
-2.83 -19.67 -13.88 -.20 -4.59 3.28
-2.83 -19.67 -13.88 -.22 -3.34 1.54
1.01 -16.37 -12.50 -.22 -3.34 1.54
1.01 -16.37 -12.50 -.74 -2.15 .69
4.83 -13.46 -10.35 -.74 -2.15 .69
4.83 -13.46 -10.35 -1.43 -1.26 -.20
6.06 -11.25 -8.25 -1.43 -1.26 -.20
6.06 -11.25 -8.25 -.97 -.33 -.49
5.57 -10.60 -6.76 -.97 -.33 -.49
5.57 -10.60 -6.76 -.38 .26 -.67
5.69 -9.34 -4.60 -.38 .26 -.67
5.69 -9.34 -4.60 -.15 .69 -.76
5.95 -9.10 -2.43 -.15 .69 -.76
5.95 -9.10 -2.43 .19 .86 -.65
5.85 -9.32 -.96 .19 .86 -.65
5.85 -9.32 -.96 .45 .78 -.55
5.62 -8.75 -.02 .45 .78 -.55
5.62 -8.75 -.02 .01 .59 -.49
5.66 -8.90 -.20 -.56 .55 -.49
5.66 -8.90 -.20 .01 .59 -.49
5.15 -9.59 .27 -.56 .55 -.49
5.15 -9.59 .27 -.74 .61 -.53
4.48 -10.40 .36 -.74 .61 -.53
4.48 -10.40 .36 -.28 .56 -.55
4.49 -9.68 .75 -.28 .56 -.55
4.49 -9.68 .75 .04 .44 -.55
4.95 -8.67 1.09 .04 .44 -.55
4.95 -8.67 1.09 -.20 .41 -.57
5.21 -9.04 .91 -.20 .41 -.57
5.21 -9.04 .91 -.47 .49 -.65
4.94 -9.86 .47 -.47 .49 -.65
4.94 -9.86 .47 -.37 .65 -.71
4.55 -9.48 .84 -.37 .65 -.71
4.55 -9.48 .84 -.07 .74 -.75
4.80 -8.90 .88 -.07 .74 -.75
4.80 -8.90 .88 -.01 .78 -.78
