5.04 -8.73 .50 -.01 .78 -.78
5.04 -8.73 .50 .01 .90 -.83
4.99 -8.52 .43 .01 .90 -.83
4.99 -8.52 .43 .15 .99 -.84
-15.47 .42 14.18 1.69 -6.24 7.69
-15.47 .42 14.18 -1.78 -7.21 7.83
-22.84 -14.29 1.72 -1.78 -7.21 7.83
-22.84 -14.29 1.72 -3.26 -7.60 6.39
-25.43 -28.65 -6.00 -.88 -7.28 6.48
-25.43 -28.65 -6.00 -3.26 -7.60 6.39
-11.65 -25.29 -9.69 1.62 -5.81 5.99
-11.65 -25.29 -9.69 -.88 -7.28 6.48
-7.22 -24.70 -11.60 1.62 -5.81 5.99
-7.22 -24.70 -11.60 .10 -3.41 4.35
-2.68 -21.41 -10.71 .10 -3.41 4.35
-2.68 -21.41 -10.71 -1.72 -2.14 1.89
-.71 -18.81 -8.41 -1.72 -2.14 1.89
-.71 -18.81 -8.41 -2.39 -1.05 .75
3.72 -14.31 -7.13 -2.39 -1.05 .75
3.72 -14.31 -7.13 -2.05 -.45 -.35
7.20 -12.67 -4.97 -2.05 -.45 -.35
7.20 -12.67 -4.97 -.55 .11 -.20
6.83 -11.69 -2.65 -.55 .11 -.20
6.83 -11.69 -2.65 .61 .51 -.56
5.74 -9.17 -.17 .57 .63 -1.20
5.74 -9.17 -.17 .61 .51 -.56
4.31 -8.42 1.98 .57 .63 -1.20
4.31 -8.42 1.98 .00 .51 -.87
5.82 -8.45 1.56 .00 .51 -.87
5.82 -8.45 1.56 -.85 .15 -.74
6.27 -9.24 .85 -.85 .15 -.74
6.27 -9.24 .85 -1.18 .18 -.65
5.28 -9.78 .81 -1.18 .18 -.65
5.28 -9.78 .81 -.86 .30 -.67
4.61 -9.33 1.59 -.86 .30 -.67
4.61 -9.33 1.59 -.37 .33 -.62
4.40 -9.00 1.86 -.37 .33 -.62
4.40 -9.00 1.86 -.18 .34 -.60
4.35 -9.05 1.86 -.18 .34 -.60
4.35 -9.05 1.86 -.20 .41 -.60
4.21 -9.25 1.87 -.20 .41 -.60
4.21 -9.25 1.87 -.34 .49 -.64
4.34 -8.88 2.40 -.34 .49 -.64
4.34 -8.88 2.40 -.58 .55 -.66
4.68 -9.12 2.60 -.58 .55 -.66
4.68 -9.12 2.60 -.64 .63 -.69
4.61 -9.18 2.19 -.64 .63 -.69
