4.61 -9.18 2.19 -.32 .77 -.74
4.42 -8.94 2.81 -.32 .77 -.74
4.42 -8.94 2.81 .03 .81 -.74
4.31 -8.80 3.37 .03 .81 -.74
4.31 -8.80 3.37 .10 .79 -.77
4.31 -8.25 2.76 .10 .79 -.77
4.31 -8.25 2.76 .01 .68 -.81
-2.60 6.05 19.09 1.11 .32 .15
-2.60 6.05 19.09 2.41 -.19 1.71
-5.27 9.12 24.79 2.41 -.19 1.71
-5.27 9.12 24.79 2.72 -1.23 3.05
-6.82 11.77 25.02 2.72 -1.23 3.05
-6.82 11.77 25.02 2.45 -3.00 4.12
-8.41 14.62 24.11 2.45 -3.00 4.12
-8.41 14.62 24.11 1.84 -5.11 5.63
-11.66 8.95 22.89 1.84 -5.11 5.63
-11.66 8.95 22.89 .98 -7.06 6.81
-17.99 -.85 16.02 -.40 -8.32 6.21
-17.99 -.85 16.02 .98 -7.06 6.81
-24.65 -10.07 4.76 -.40 -8.32 6.21
-24.65 -10.07 4.76 -1.32 -8.71 6.19
-21.43 -21.85 -.77 -1.32 -8.71 6.19
-21.43 -21.85 -.77 -1.34 -8.58 6.03
-15.04 -26.66 -6.67 -1.34 -8.58 6.03
-15.04 -26.66 -6.67 .10 -7.22 5.49
-11.65 -23.52 -11.08 .10 -7.22 5.49
-11.65 -23.52 -11.08 -.03 -5.86 4.01
-5.86 -19.56 -12.71 -.03 -5.86 4.01
-5.86 -19.56 -12.71 -1.33 -4.58 2.76
-.71 -17.62 -11.72 -1.33 -4.58 2.76
-.71 -17.62 -11.72 -2.72 -3.23 1.76
3.35 -15.58 -10.05 -2.72 -3.23 1.76
3.35 -15.58 -10.05 -2.50 -1.97 .71
4.82 -13.93 -9.10 -2.50 -1.97 .71
4.82 -13.93 -9.10 -.86 -.87 .10
4.99 -12.01 -7.41 -.86 -.87 .10
4.99 -12.01 -7.41 .43 -.19 -.22
5.09 -9.70 -4.10 .43 -.19 -.22
5.12 -8.84 -1.69 .57 .21 -.58
5.09 -9.70 -4.10 .57 .21 -.58
5.12 -8.84 -1.69 .57 .33 -.61
4.91 -8.88 -.84 .57 .33 -.61
4.91 -8.88 -.84 .07 .25 -.68
5.57 -8.47 -1.10 .07 .25 -.68
5.57 -8.47 -1.10 -.20 .30 -.65
5.29 -8.24 -.84 -.20 .30 -.65
5.29 -8.24 -.84 -.30 .48 -.63
4.98 -8.74 .02 -.30 .48 -.63
4.98 -8.74 .02 -.09 .61 -.57
4.76 -8.68 .34 -.09 .61 -.57
4.76 -8.68 .34 .13 .60 -.56
4.79 -8.36 .56 .13 .60 -.56
4.79 -8.36 .56 .10 .60 -.54
5.01 -8.14 .85 .10 .60 -.54
5.01 -8.14 .85 -.18 .64 -.51
5.25 -8.67 1.31 -.18 .64 -.51
