5.25 -8.67 1.31 -.38 .70 -.48
-2.40 1.54 22.32 1.56 .31 .33
-2.40 1.54 22.32 2.29 -.54 1.26
-5.76 9.67 28.29 3.39 -2.96 4.49
-5.76 9.67 28.29 2.29 -.54 1.26
-9.69 19.83 24.09 3.39 -2.96 4.49
-9.69 19.83 24.09 3.31 -5.08 5.93
-10.57 13.88 17.03 3.31 -5.08 5.93
-10.57 13.88 17.03 2.41 -6.55 7.12
-14.15 -1.35 15.98 2.41 -6.55 7.12
-14.15 -1.35 15.98 1.69 -8.02 8.03
-22.83 -13.76 11.64 1.69 -8.02 8.03
-22.83 -13.76 11.64 -.60 -8.29 6.90
-32.75 -19.06 -2.46 -.60 -8.29 6.90
-32.75 -19.06 -2.46 -4.17 -8.10 6.35
-17.02 -32.73 -14.03 -4.17 -8.10 6.35
-17.02 -32.73 -14.03 -.14 -8.90 5.37
-9.08 -29.92 -15.34 -.14 -8.90 5.37
-9.08 -29.92 -15.34 1.13 -6.33 4.74
-3.49 -19.02 -13.19 1.13 -6.33 4.74
-3.49 -19.02 -13.19 1.02 -4.42 2.65
-.31 -17.36 -9.93 1.02 -4.42 2.65
-.31 -17.36 -9.93 -1.01 -2.74 1.93
2.85 -15.44 -8.34 -1.01 -2.74 1.93
2.85 -15.44 -8.34 -2.79 -1.60 .18
5.20 -13.64 -6.83 -2.79 -1.60 .18
5.20 -13.64 -6.83 -1.79 -.81 .25
