6.46 -12.86 -5.71 -1.79 -.81 .25
6.46 -12.86 -5.71 -.58 -.20 -.24
6.37 -11.45 -3.32 -.58 -.20 -.24
6.37 -11.45 -3.32 .30 .35 -.69
5.02 -9.92 -.81 .30 .35 -.69
5.02 -9.92 -.81 .93 .47 -.65
5.38 -8.72 -.10 .93 .47 -.65
5.38 -8.72 -.10 .78 .24 -.67
5.92 -8.32 .20 .78 .24 -.67
5.92 -8.32 .20 .07 .21 -.62
5.80 -9.21 .01 .07 .21 -.62
5.80 -9.21 .01 -.50 .28 -.63
5.13 -9.67 .02 -.50 .28 -.63
5.13 -9.67 .02 -.43 .37 -.67
4.89 -9.32 .12 -.43 .37 -.67
4.89 -9.32 .12 .00 .31 -.65
5.03 -8.84 .55 .00 .31 -.65
5.03 -8.84 .55 .18 .33 -.61
4.92 -8.53 .41 .18 .33 -.61
4.92 -8.53 .41 -.03 .41 -.65
4.93 -8.46 .39 -.03 .41 -.65
4.93 -8.46 .39 -.28 .55 -.68
5.03 -8.69 1.08 -.28 .55 -.68
5.03 -8.69 1.08 -.39 .71 -.68
-5.09 2.48 23.19 1.16 .14 -.02
-5.09 2.48 23.19 1.42 -.60 .93
-7.59 9.13 30.06 1.42 -.60 .93
-7.59 9.13 30.06 2.01 -1.79 2.35
-10.30 11.03 29.59 2.01 -1.79 2.35
-10.30 11.03 29.59 4.11 -3.86 4.45
-10.77 18.81 26.76 4.11 -3.86 4.45
-10.77 18.81 26.76 4.49 -6.32 5.99
-14.66 19.35 25.38 4.49 -6.32 5.99
-14.66 19.35 25.38 2.60 -8.03 8.80
-25.17 3.75 17.65 -1.47 -9.78 9.29
-25.17 3.75 17.65 2.60 -8.03 8.80
-34.10 -15.24 -.16 -1.47 -9.78 9.29
-34.10 -15.24 -.16 -2.08 -10.13 7.14
-30.72 -31.64 -4.23 -2.08 -10.13 7.14
-30.72 -31.64 -4.23 .06 -9.68 8.45
-24.93 -26.54 -11.87 -1.00 -8.14 6.91
-24.93 -26.54 -11.87 .06 -9.68 8.45
-17.75 -26.94 -21.04 -1.00 -8.14 6.91
-17.75 -26.94 -21.04 -3.78 -6.53 4.15
-8.19 -21.82 -19.89 -4.23 -4.48 2.05
-8.19 -21.82 -19.89 -3.78 -6.53 4.15
-.68 -16.46 -16.06 -4.23 -4.48 2.05
-.68 -16.46 -16.06 -3.27 -2.30 .51
5.51 -13.18 -12.16 -3.27 -2.30 .51
5.51 -13.18 -12.16 -.53 -.61 -.10
