6.28 -11.47 -8.20 1.84 .82 .15
6.28 -11.47 -8.20 -.53 -.61 -.10
5.65 -9.91 -5.45 1.84 .82 .15
5.65 -9.91 -5.45 1.84 1.03 -.57
5.36 -7.98 -1.96 1.84 1.03 -.57
5.36 -7.98 -1.96 .51 1.14 -.97
4.69 -8.49 .45 .51 1.14 -.97
4.69 -8.49 .45 -.55 .78 -.67
6.35 -9.74 -.37 -.55 .78 -.67
6.35 -9.74 -.37 -.60 .27 -.54
6.27 -10.08 -1.30 -.15 .20 -.45
6.27 -10.08 -1.30 -.60 .27 -.54
5.37 -9.36 -1.08 -.07 .31 -.54
5.37 -9.36 -1.08 -.15 .20 -.45
4.93 -9.46 -.35 -.07 .31 -.54
4.93 -9.46 -.35 -.01 .51 -.54
4.61 -10.08 .20 -.01 .51 -.54
4.61 -10.08 .20 .29 .53 -.55
4.95 -9.19 .28 .30 .49 -.60
4.95 -9.19 .28 .29 .53 -.55
5.05 -8.71 .53 .30 .49 -.60
5.05 -8.71 .53 -.08 .58 -.63
4.97 -9.20 .93 -.08 .58 -.63
4.97 -9.20 .93 -.31 .70 -.66
-3.61 2.37 24.49 -.37 -.60 .62
-3.61 2.37 24.49 -.03 -1.83 1.50
-7.61 3.04 28.15 -.03 -1.83 1.50
-7.61 3.04 28.15 2.17 -4.80 3.50
-11.53 10.59 24.20 2.17 -4.80 3.50
-11.53 10.59 24.20 3.00 -7.12 4.98
-12.82 8.62 21.94 3.00 -7.12 4.98
-12.82 8.62 21.94 1.80 -9.09 6.22
-18.08 -2.09 11.59 -1.40 -10.42 6.29
-18.08 -2.09 11.59 1.80 -9.09 6.22
-21.74 -15.33 -1.84 -1.40 -10.42 6.29
-21.74 -15.33 -1.84 -.90 -10.30 4.55
-22.77 -26.93 -4.98 -.90 -10.30 4.55
-22.77 -26.93 -4.98 2.00 -8.86 6.43
-18.77 -27.20 -11.01 2.00 -8.86 6.43
-18.77 -27.20 -11.01 1.95 -6.94 5.38
-11.97 -22.96 -17.66 1.95 -6.94 5.38
-11.97 -22.96 -17.66 .43 -5.31 3.81
-6.31 -20.22 -16.44 .43 -5.31 3.81
-6.31 -20.22 -16.44 -.90 -3.71 2.53
-.80 -17.61 -13.46 -.90 -3.71 2.53
-.80 -17.61 -13.46 -1.76 -2.27 1.20
5.50 -14.51 -9.28 -1.76 -2.27 1.20
5.50 -14.51 -9.28 -.94 -1.23 .28
6.45 -13.17 -6.55 .78 -.16 .33
6.45 -13.17 -6.55 -.94 -1.23 .28
5.69 -10.63 -5.12 .78 -.16 .33
5.69 -10.63 -5.12 .67 .23 -.84
5.13 -9.01 -2.89 .67 .23 -.84
5.13 -9.01 -2.89 .14 .55 -.81
5.09 -9.81 -.92 .14 .55 -.81
5.09 -9.81 -.92 -.37 .47 -.71
5.34 -10.63 -1.19 -.37 .47 -.71
5.34 -10.63 -1.19 -.32 .38 -.74
4.92 -10.63 -1.66 -.32 .38 -.74
4.92 -10.63 -1.66 .11 .32 -.78
4.85 -9.34 -1.48 .11 .32 -.78
4.85 -9.34 -1.48 .07 .34 -.81
5.01 -9.22 -.60 .07 .34 -.81
5.01 -9.22 -.60 -.32 .52 -.79
