5.18 -7.70 1.82 .85 .36 -.05
-12.72 7.80 31.92 .40 .61 .57
-12.72 7.80 31.92 1.76 -1.43 2.75
-14.57 12.20 31.94 1.76 -1.43 2.75
-14.57 12.20 31.94 2.55 -5.86 5.07
-16.59 5.64 15.47 2.55 -5.86 5.07
-16.59 5.64 15.47 2.71 -8.20 6.58
-15.14 -5.33 12.69 2.71 -8.20 6.58
-15.14 -5.33 12.69 1.49 -10.53 6.02
-19.07 -18.60 5.66 1.49 -10.53 6.02
-19.07 -18.60 5.66 -.06 -10.48 5.45
-15.06 -27.10 -7.76 -.06 -10.48 5.45
-15.06 -27.10 -7.76 -1.22 -10.57 5.36
-13.26 -35.76 -19.37 -1.22 -10.57 5.36
-13.26 -35.76 -19.37 .64 -8.69 4.61
-7.33 -27.82 -22.88 .64 -8.69 4.61
-7.33 -27.82 -22.88 .35 -6.68 1.66
-2.69 -20.95 -20.18 .35 -6.68 1.66
-2.69 -20.95 -20.18 .15 -4.35 1.27
4.68 -14.66 -18.12 .15 -4.35 1.27
4.68 -14.66 -18.12 -1.29 -2.50 -.20
12.18 -9.62 -13.06 -1.29 -2.50 -.20
12.18 -9.62 -13.06 -.61 -.90 .01
11.79 -9.31 -8.30 -.61 -.90 .01
11.79 -9.31 -8.30 .54 .65 -.15
7.29 -7.87 -3.36 .54 .65 -.15
7.29 -7.87 -3.36 .47 1.56 -.88
5.27 -7.06 -.16 .47 1.56 -.88
5.27 -7.06 -.16 .08 1.39 -.57
6.88 -7.12 .57 .08 1.39 -.57
6.88 -7.12 .57 -.42 .99 -.58
7.26 -7.85 .80 -.57 1.00 -.56
7.26 -7.85 .80 -.42 .99 -.58
6.34 -8.51 1.24 -.57 1.00 -.56
6.34 -8.51 1.24 -.25 .95 -.59
