4.63 -9.95 -.47 -.32 .52 -.79
4.63 -9.95 -.47 -.45 .70 -.82
4.33 -9.58 -.50 -.45 .70 -.82
4.33 -9.58 -.50 -.17 .75 -.83
4.57 -8.91 .55 -.17 .75 -.83
4.57 -8.91 .55 -.07 .79 -.81
4.86 -8.98 1.11 -.07 .79 -.81
4.86 -8.98 1.11 -.24 .84 -.83
4.73 -9.10 1.17 -.24 .84 -.83
4.73 -9.10 1.17 -.20 .90 -.85
-4.63 6.51 19.37 1.49 -.07 1.33
-4.63 6.51 19.37 2.73 -.64 2.58
-7.48 13.96 23.78 2.73 -.64 2.58
-7.48 13.96 23.78 3.87 -1.74 4.33
-11.82 18.85 23.47 4.77 -3.12 6.74
-11.82 18.85 23.47 3.87 -1.74 4.33
-14.78 25.99 22.64 4.77 -3.12 6.74
-14.78 25.99 22.64 3.61 -4.77 8.98
-19.67 16.56 20.19 .55 -6.04 10.55
-19.67 16.56 20.19 3.61 -4.77 8.98
-28.06 -6.92 7.48 -1.55 -7.04 9.72
-28.06 -6.92 7.48 .55 -6.04 10.55
-38.92 -28.06 3.99 .08 -6.44 9.21
-38.92 -28.06 3.99 -1.55 -7.04 9.72
-25.02 -29.58 -2.75 .28 -7.08 8.99
-25.02 -29.58 -2.75 .08 -6.44 9.21
-21.21 -32.76 -7.78 .28 -7.08 8.99
-21.21 -32.76 -7.78 -1.72 -5.66 6.60
-10.94 -29.52 -13.80 -2.90 -5.22 3.94
-10.94 -29.52 -13.80 -1.72 -5.66 6.60
-2.18 -23.60 -11.80 -2.90 -5.22 3.94
-2.18 -23.60 -11.80 -3.14 -4.02 2.84
5.11 -19.18 -9.11 -3.14 -4.02 2.84
5.11 -19.18 -9.11 -3.72 -2.84 1.12
8.96 -15.77 -7.88 -3.72 -2.84 1.12
8.96 -15.77 -7.88 -1.58 -1.25 .13
5.79 -13.94 -5.15 -1.58 -1.25 .13
5.79 -13.94 -5.15 .31 .03 -.37
4.52 -10.79 -3.91 .31 .03 -.37
4.52 -10.79 -3.91 .23 .42 -1.01
4.48 -10.52 -1.64 .07 .54 -.70
4.48 -10.52 -1.64 .23 .42 -1.01
4.87 -10.37 -.40 .07 .54 -.70
4.87 -10.37 -.40 .00 .44 -.73
5.51 -9.72 .69 .00 .44 -.73
5.51 -9.72 .69 .16 .31 -.57
5.32 -9.13 .87 .16 .31 -.57
5.32 -9.13 .87 -.05 .29 -.58
4.78 -9.36 1.22 -.05 .29 -.58
4.78 -9.36 1.22 -.41 .35 -.61
4.47 -9.48 .86 -.41 .35 -.61
4.47 -9.48 .86 -.43 .35 -.62
4.43 -9.38 1.49 -.43 .35 -.62
4.43 -9.38 1.49 -.11 .36 -.54
4.40 -9.02 2.08 -.11 .36 -.54
4.40 -9.02 2.08 -.05 .32 -.54
