4.54 -8.99 2.77 -.18 .29 -.53
4.54 -8.99 2.77 -.05 .32 -.54
4.53 -8.84 2.41 -.50 .27 -.61
4.53 -8.84 2.41 -.18 .29 -.53
-7.15 12.23 24.13 2.41 -.01 1.78
-7.15 12.23 24.13 2.62 -1.26 2.98
-8.03 19.23 24.27 2.62 -1.26 2.98
-8.03 19.23 24.27 2.74 -3.04 5.17
-11.29 20.77 22.84 2.74 -3.04 5.17
-11.29 20.77 22.84 2.50 -4.81 7.34
-16.09 15.29 19.67 1.78 -6.45 9.48
-16.09 15.29 19.67 2.50 -4.81 7.34
-23.08 1.13 15.66 1.78 -6.45 9.48
-23.08 1.13 15.66 -.24 -7.47 9.21
-31.21 -10.76 5.39 -.24 -7.47 9.21
-31.21 -10.76 5.39 -2.15 -8.05 8.23
-25.80 -25.70 -.49 -3.20 -8.57 6.76
-25.80 -25.70 -.49 -2.15 -8.05 8.23
-18.19 -30.34 -9.41 -3.20 -8.57 6.76
-18.19 -30.34 -9.41 -2.99 -7.96 6.68
-11.65 -27.63 -14.13 -2.99 -7.96 6.68
-3.16 -20.78 -14.79 -2.98 -6.81 4.04
-11.65 -27.63 -14.13 -2.98 -6.81 4.04
-3.16 -20.78 -14.79 -2.01 -5.05 2.84
3.00 -17.93 -14.17 -2.01 -5.05 2.84
3.00 -17.93 -14.17 -1.41 -3.43 1.71
5.79 -14.58 -11.15 -1.41 -3.43 1.71
5.79 -14.58 -11.15 -.61 -1.53 .87
5.54 -12.62 -7.53 -.61 -1.53 .87
5.54 -12.62 -7.53 .15 -.37 .62
