5.49 -11.15 -5.49 .15 -.37 .62
5.49 -11.15 -5.49 -.38 .11 .01
6.03 -10.71 -4.83 -.38 .11 .01
6.03 -10.71 -4.83 -.59 .25 -.17
6.19 -10.81 -3.09 -.59 .25 -.17
6.19 -10.81 -3.09 .01 .36 -.20
6.28 -10.37 -.99 .01 .36 -.20
6.28 -10.37 -.99 .60 .38 -.27
6.07 -9.51 -.35 .60 .38 -.27
6.07 -9.51 -.35 .66 .36 -.42
5.26 -9.10 -.34 .66 .36 -.42
5.26 -9.10 -.34 .33 .46 -.53
4.72 -9.17 -.52 .33 .46 -.53
4.72 -9.17 -.52 .01 .55 -.54
4.46 -9.34 -.22 .01 .55 -.54
4.46 -9.34 -.22 -.05 .65 -.54
4.09 -9.34 .70 -.05 .65 -.54
4.09 -9.34 .70 .06 .71 -.56
3.85 -9.24 1.21 .06 .71 -.56
3.85 -9.24 1.21 .13 .71 -.62
4.02 -8.71 1.37 .13 .71 -.62
4.02 -8.71 1.37 -.06 .73 -.69
4.21 -8.86 1.30 -.06 .73 -.69
4.21 -8.86 1.30 -.32 .84 -.72
-6.83 8.29 26.11 3.32 -1.02 2.54
-6.83 8.29 26.11 5.83 -2.41 3.81
-6.18 21.04 22.30 5.83 -2.41 3.81
-6.18 21.04 22.30 9.11 -4.12 6.20
-5.63 27.06 21.58 9.11 -4.12 6.20
-5.63 27.06 21.58 8.53 -4.91 9.39
-22.61 19.44 22.82 8.53 -4.91 9.39
-22.61 19.44 22.82 -.52 -4.86 12.11
-37.56 -6.69 -4.56 -.52 -4.86 12.11
-37.56 -6.69 -4.56 -11.18 -7.31 8.70
-37.91 -55.65 -4.54 -11.18 -7.31 8.70
-37.91 -55.65 -4.54 -7.74 -10.40 5.86
-10.46 -34.49 -12.03 -7.74 -10.40 5.86
-10.46 -34.49 -12.03 -2.18 -8.54 4.57
-7.30 -23.76 -18.39 -2.18 -8.54 4.57
-7.30 -23.76 -18.39 .26 -6.48 2.76
-1.46 -17.19 -17.71 .26 -6.48 2.76
-1.46 -17.19 -17.71 -.47 -3.86 1.88
4.18 -12.36 -11.17 -.47 -3.86 1.88
4.18 -12.36 -11.17 -3.26 -2.39 .84
8.51 -11.12 -9.10 -3.26 -2.39 .84
8.51 -11.12 -9.10 -2.11 -.57 .29
3.93 -14.14 -6.72 -2.11 -.57 .29
3.93 -14.14 -6.72 .66 .73 .43
4.77 -11.12 -4.90 .66 .73 .43
4.77 -11.12 -4.90 1.63 .36 -.59
4.91 -8.82 -1.09 1.14 .47 -.50
4.91 -8.82 -1.09 1.63 .36 -.59
5.25 -7.90 .59 1.14 .47 -.50
5.25 -7.90 .59 .24 .10 -.61
5.71 -8.04 .22 .24 .10 -.61
5.71 -8.04 .22 -.50 -.01 -.55
5.64 -8.26 -.54 -.50 -.01 -.55
5.64 -8.26 -.54 -.62 .08 -.56
5.07 -8.46 -.71 -.26 .25 -.52
5.07 -8.46 -.71 -.62 .08 -.56
4.60 -8.97 -.02 -.26 .25 -.52
4.60 -8.97 -.02 .11 .28 -.44
4.69 -8.97 .35 .11 .28 -.44
4.69 -8.97 .35 .23 .24 -.43
4.88 -8.79 .54 .23 .24 -.43
4.88 -8.79 .54 .01 .26 -.45
5.07 -8.66 .47 .01 .26 -.45
5.07 -8.66 .47 -.41 .36 -.51
5.16 -9.24 .34 -.49 .62 -.57
5.16 -9.24 .34 -.41 .36 -.51
5.36 -9.31 .45 -.49 .62 -.57
