5.36 -9.31 .45 -.19 .78 -.60
5.14 -9.11 1.21 .02 .94 -.68
5.14 -9.11 1.21 -.19 .78 -.60
-16.04 10.15 21.54 4.77 -4.61 7.87
-16.04 10.15 21.54 1.78 -5.78 8.80
-23.81 -4.82 14.05 1.78 -5.78 8.80
-23.81 -4.82 14.05 -1.56 -7.64 8.25
-27.31 -20.22 6.92 -1.56 -8.03 7.23
-27.31 -20.22 6.92 -1.56 -7.64 8.25
-21.41 -28.51 2.38 .56 -7.61 7.60
-21.41 -28.51 2.38 -1.56 -8.03 7.23
-15.52 -25.91 -6.66 .56 -7.61 7.60
-15.52 -25.91 -6.66 -.35 -6.37 6.30
-8.75 -23.58 -11.16 -.35 -6.37 6.30
-8.75 -23.58 -11.16 -3.32 -5.24 4.26
-3.66 -23.33 -12.49 -3.32 -5.24 4.26
-3.66 -23.33 -12.49 -4.21 -3.84 2.43
.90 -21.04 -11.39 -4.21 -3.84 2.43
.90 -21.04 -11.39 -2.82 -2.52 .79
4.93 -16.53 -8.02 -2.82 -2.52 .79
4.93 -16.53 -8.02 -.32 -1.22 .34
5.76 -12.73 -4.68 -.32 -1.22 .34
5.76 -12.73 -4.68 .99 -.25 .26
6.65 -10.13 -2.75 .58 -.04 -.45
6.65 -10.13 -2.75 .99 -.25 .26
