6.13 -8.58 -1.32 .58 -.04 -.45
6.13 -8.58 -1.32 -.11 .31 -.84
4.74 -8.87 .46 -.11 .31 -.84
4.74 -8.87 .46 -.56 .35 -.70
5.57 -9.17 1.09 -.56 .35 -.70
5.57 -9.17 1.09 -.52 .14 -.59
6.23 -8.75 .82 -.52 .14 -.59
6.23 -8.75 .82 -.14 .04 -.54
5.54 -8.41 .98 -.14 .04 -.54
5.54 -8.41 .98 -.02 .13 -.57
5.03 -8.52 1.05 -.02 .13 -.57
5.03 -8.52 1.05 -.11 .12 -.52
4.84 -8.36 .95 -.11 .12 -.52
4.84 -8.36 .95 -.29 .11 -.44
4.95 -8.25 1.01 -.29 .11 -.44
4.95 -8.25 1.01 -.60 .10 -.39
4.79 -8.82 1.36 -.60 .10 -.39
4.79 -8.82 1.36 -1.10 .25 -.49
5.05 -8.98 1.17 -1.10 .25 -.49
5.05 -8.98 1.17 -.92 .35 -.53
5.06 -9.33 1.79 -.59 .51 -.57
5.06 -9.33 1.79 -.92 .35 -.53
4.65 -8.98 1.91 -.59 .51 -.57
4.65 -8.98 1.91 -.38 .60 -.64
5.00 -8.35 1.87 -.38 .60 -.64
5.00 -8.35 1.87 -.24 .61 -.64
4.91 -8.47 2.23 -.24 .61 -.64
4.91 -8.47 2.23 -.27 .73 -.69
-5.69 3.18 26.14 .53 .18 .26
-5.69 3.18 26.14 2.52 -.28 1.25
-12.72 13.58 32.30 2.52 -.28 1.25
-12.72 13.58 32.30 5.37 -2.12 5.23
-15.05 26.53 28.36 5.37 -2.12 5.23
-15.05 26.53 28.36 5.34 -5.42 7.00
-16.15 24.46 33.84 5.34 -5.42 7.00
-16.15 24.46 33.84 1.65 -8.38 8.75
-30.42 -6.54 19.49 1.65 -8.38 8.75
-30.42 -6.54 19.49 -1.96 -10.91 8.29
-45.22 -45.36 6.30 -1.96 -10.91 8.29
-45.22 -45.36 6.30 2.09 -10.86 6.14
-22.61 -34.29 -6.65 2.09 -10.86 6.14
-22.61 -34.29 -6.65 2.83 -10.03 7.58
-17.27 -33.92 -19.87 2.83 -10.03 7.58
-17.27 -33.92 -19.87 -1.05 -7.86 4.02
-4.21 -23.28 -21.47 -1.05 -7.86 4.02
-4.21 -23.28 -21.47 -2.74 -5.64 2.40
2.27 -17.27 -19.36 -2.74 -5.64 2.40
2.27 -17.27 -19.36 -3.17 -3.30 .84
6.06 -12.44 -14.02 -3.17 -3.30 .84
6.06 -12.44 -14.02 .43 .09 .21
5.38 -12.12 -7.99 .43 .09 .21
5.38 -12.12 -7.99 1.87 .90 .09
5.69 -8.44 -2.64 1.87 .90 .09
5.69 -8.44 -2.64 1.50 .69 -.22
5.88 -7.62 .26 1.50 .69 -.22
5.88 -7.62 .26 .46 .41 -.09
6.48 -7.91 .54 -.58 .05 -.41
6.48 -7.91 .54 .46 .41 -.09
6.47 -8.58 .34 -.66 -.02 -.37
6.47 -8.58 .34 -.58 .05 -.41
6.22 -8.47 .00 -.66 -.02 -.37
6.22 -8.47 .00 -.27 .04 -.43
5.52 -8.20 .34 -.27 .04 -.43
5.52 -8.20 .34 .10 .24 -.45
4.74 -8.49 .91 .10 .24 -.45
4.74 -8.49 .91 .27 .34 -.43
4.79 -8.09 1.52 .27 .34 -.43
