4.79 -8.09 1.52 .13 .30 -.39
4.99 -7.99 2.31 .13 .30 -.39
4.99 -7.99 2.31 -.09 .30 -.33
5.04 -8.15 3.04 -.09 .30 -.33
5.04 -8.15 3.04 -.30 .36 -.33
4.79 -8.39 3.22 -.30 .36 -.33
4.79 -8.39 3.22 -.30 .38 -.35
4.97 -8.24 3.01 -.30 .38 -.35
4.97 -8.24 3.01 -.12 .27 -.33
5.10 -7.93 2.99 -.12 .27 -.33
5.10 -7.93 2.99 .02 .22 -.31
-6.28 7.23 23.80 .98 -.85 1.90
-6.28 7.23 23.80 1.53 -2.24 3.34
-8.74 7.05 23.19 1.53 -2.24 3.34
-8.74 7.05 23.19 1.83 -3.99 4.49
-9.46 11.58 18.08 1.83 -3.99 4.49
-9.46 11.58 18.08 2.52 -5.84 6.28
-11.67 2.05 15.62 2.07 -7.56 7.34
-11.67 2.05 15.62 2.52 -5.84 6.28
-16.45 -8.15 11.48 2.07 -7.56 7.34
-16.45 -8.15 11.48 -1.77 -9.11 5.93
-24.95 -34.37 -2.03 -.19 -9.30 4.75
-24.95 -34.37 -2.03 -1.77 -9.11 5.93
-13.29 -25.56 -12.13 -.19 -9.30 4.75
-13.29 -25.56 -12.13 -.57 -8.42 4.88
-6.29 -20.75 -15.29 -.57 -8.42 4.88
-6.29 -20.75 -15.29 -2.60 -6.23 2.48
-.40 -15.49 -14.80 -2.60 -6.23 2.48
-.40 -15.49 -14.80 -2.49 -4.32 1.26
2.07 -14.39 -11.66 -2.49 -4.32 1.26
2.07 -14.39 -11.66 -1.49 -2.34 .73
4.53 -12.37 -7.35 -1.49 -2.34 .73
4.53 -12.37 -7.35 -.31 -.90 .34
4.86 -10.90 -4.29 -.31 -.90 .34
4.86 -10.90 -4.29 .70 -.19 .26
5.37 -9.72 -3.29 .70 -.19 .26
5.37 -9.72 -3.29 .54 -.15 -.17
6.02 -9.27 -2.15 .54 -.15 -.17
6.02 -9.27 -2.15 .00 -.19 -.22
5.94 -9.41 -.98 .00 -.19 -.22
5.94 -9.41 -.98 -.32 -.19 -.26
5.71 -9.35 -.47 -.32 -.19 -.26
5.71 -9.35 -.47 -.34 -.17 -.37
5.60 -9.32 -.52 -.34 -.17 -.37
5.60 -9.32 -.52 -.07 -.11 -.41
5.58 -9.22 -.63 -.07 -.11 -.41
5.58 -9.22 -.63 .30 -.02 -.37
5.29 -8.87 -.92 .30 -.02 -.37
5.29 -8.87 -.92 .46 .06 -.33
5.13 -8.50 -.07 .46 .06 -.33
5.13 -8.50 -.07 .23 .15 -.28
