4.82 -8.66 .78 .23 .15 -.28
4.82 -8.66 .78 -.11 .24 -.30
4.82 -8.99 1.08 -.11 .24 -.30
4.82 -8.99 1.08 -.22 .30 -.32
4.80 -8.85 1.15 -.22 .30 -.32
4.80 -8.85 1.15 -.04 .37 -.35
4.66 -8.81 1.73 -.04 .37 -.35
4.66 -8.81 1.73 .23 .46 -.31
4.36 -8.76 2.04 .23 .46 -.31
4.36 -8.76 2.04 .40 .51 -.34
-2.01 .90 19.29 .52 .04 .49
-2.01 .90 19.29 1.19 -.53 1.28
-5.07 6.46 23.31 1.19 -.53 1.28
-5.07 6.46 23.31 2.22 -1.74 2.90
-8.36 13.36 24.76 2.22 -1.74 2.90
-8.36 13.36 24.76 2.42 -3.55 4.64
-9.28 17.09 23.15 2.42 -3.55 4.64
-9.28 17.09 23.15 2.45 -5.71 6.13
-11.21 13.06 23.47 2.45 -5.71 6.13
-11.21 13.06 23.47 1.11 -7.71 7.26
-20.04 -9.43 13.72 1.11 -7.71 7.26
-20.04 -9.43 13.72 .17 -8.69 6.26
-34.84 -24.83 4.90 .17 -8.69 6.26
-34.84 -24.83 4.90 .30 -8.43 5.96
-20.31 -33.36 -6.34 .30 -8.43 5.96
-20.31 -33.36 -6.34 .16 -8.90 5.85
-10.27 -29.82 -16.97 .16 -8.90 5.85
-10.27 -29.82 -16.97 -2.58 -7.31 3.88
-2.51 -21.68 -19.22 -2.58 -7.31 3.88
-2.51 -21.68 -19.22 -2.71 -5.67 1.77
2.18 -16.69 -16.67 -2.71 -5.67 1.77
2.18 -16.69 -16.67 -2.06 -3.64 1.44
7.54 -12.80 -12.35 -2.06 -3.64 1.44
7.54 -12.80 -12.35 -1.21 -1.81 .53
7.59 -11.36 -7.18 -1.21 -1.81 .53
7.59 -11.36 -7.18 .30 -.16 .79
6.93 -10.19 -4.03 .30 -.16 .79
6.93 -10.19 -4.03 .19 .22 -.03
6.52 -9.93 -1.36 .19 .22 -.03
6.52 -9.93 -1.36 .07 .42 -.25
5.76 -9.89 .48 .07 .42 -.25
5.76 -9.89 .48 .12 .19 -.31
6.29 -9.05 .70 .12 .19 -.31
6.29 -9.05 .70 .14 -.11 -.39
6.00 -8.75 .46 .14 -.11 -.39
6.00 -8.75 .46 .16 -.21 -.42
5.56 -8.79 .44 .16 -.21 -.42
