5.56 -8.79 .44 .42 -.09 -.41
4.99 -8.19 .81 .42 -.09 -.41
4.99 -8.19 .81 .50 .03 -.32
4.76 -8.00 .85 .50 .03 -.32
4.76 -8.00 .85 .34 .13 -.26
4.51 -8.13 .92 .34 .13 -.26
4.51 -8.13 .92 .19 .20 -.19
4.43 -8.18 1.33 .19 .20 -.19
4.43 -8.18 1.33 .08 .21 -.16
4.55 -8.46 1.66 .08 .21 -.16
4.55 -8.46 1.66 -.01 .20 -.14
4.64 -8.53 1.75 -.01 .20 -.14
4.64 -8.53 1.75 .00 .19 -.16
-4.02 5.96 24.10 .94 -1.33 1.72
-4.02 5.96 24.10 1.86 -2.52 2.89
-5.76 8.83 24.30 2.77 -4.21 4.51
-5.76 8.83 24.30 1.86 -2.52 2.89
-7.41 8.20 20.26 2.77 -4.21 4.51
-7.41 8.20 20.26 3.07 -6.05 5.83
-11.60 -1.14 19.13 3.07 -6.05 5.83
-11.60 -1.14 19.13 1.02 -7.64 6.01
-18.50 -9.53 7.88 1.02 -7.64 6.01
-18.50 -9.53 7.88 -1.89 -9.01 4.82
-18.12 -29.71 3.15 -1.89 -9.01 4.82
-18.12 -29.71 3.15 -.63 -9.18 4.02
-9.37 -26.36 -9.69 -.63 -9.18 4.02
-9.37 -26.36 -9.69 2.90 -8.27 4.59
-5.42 -21.91 -12.72 2.90 -8.27 4.59
-5.42 -21.91 -12.72 2.09 -6.04 3.84
.68 -15.39 -12.15 -.76 -4.31 1.90
.68 -15.39 -12.15 2.09 -6.04 3.84
2.50 -16.73 -11.43 -.76 -4.31 1.90
2.50 -16.73 -11.43 -1.70 -2.59 1.60
4.16 -14.56 -9.73 -1.43 -1.12 .52
4.16 -14.56 -9.73 -1.70 -2.59 1.60
5.66 -12.28 -5.90 -1.43 -1.12 .52
5.66 -12.28 -5.90 .31 -.02 .42
5.44 -10.21 -2.55 .31 -.02 .42
5.44 -10.21 -2.55 1.51 .53 .14
5.90 -8.07 -.57 1.51 .53 .14
6.22 -7.66 .70 1.28 .47 -.22
5.90 -8.07 -.57 1.28 .47 -.22
6.22 -7.66 .70 .34 .33 -.30
6.44 -7.80 .91 .34 .33 -.30
6.44 -7.80 .91 -.36 .17 -.36
6.24 -7.92 1.19 -.36 .17 -.36
6.24 -7.92 1.19 -.42 .14 -.34
5.88 -7.86 1.22 -.42 .14 -.34
5.88 -7.86 1.22 -.25 .16 -.31
5.75 -7.68 1.40 -.25 .16 -.31
5.75 -7.68 1.40 -.02 .23 -.27
5.12 -7.97 2.24 -.02 .23 -.27
5.12 -7.97 2.24 -.10 .27 -.23
5.05 -7.63 2.72 -.10 .27 -.23
5.05 -7.63 2.72 -.42 .21 -.17
5.28 -7.90 2.67 -.42 .21 -.17
5.28 -7.90 2.67 -.85 .18 -.16
5.26 -8.22 2.85 -.85 .18 -.16
5.26 -8.22 2.85 -.97 .23 -.19
5.07 -8.44 3.10 -.97 .23 -.19
5.07 -8.44 3.10 -.66 .26 -.19
5.03 -8.50 3.22 -.66 .26 -.19
