5.03 -8.50 3.22 -.24 .27 -.18
-4.67 -5.63 17.32 .01 1.35 -1.11
-4.67 -5.63 17.32 .70 .89 -.73
-7.78 -2.69 25.39 .70 .89 -.73
-7.78 -2.69 25.39 1.97 -.17 .36
-10.29 2.49 25.22 1.97 -.17 .36
-10.29 2.49 25.22 3.21 -2.85 2.40
-9.92 17.87 28.10 3.21 -2.85 2.40
-9.92 17.87 28.10 1.51 -6.02 3.98
-12.43 9.12 24.12 1.51 -6.02 3.98
-12.43 9.12 24.12 .33 -8.07 4.88
-15.18 -3.95 16.35 .33 -8.07 4.88
-15.18 -3.95 16.35 .65 -10.11 4.16
-17.35 -16.84 6.69 .65 -10.11 4.16
-17.35 -16.84 6.69 2.42 -10.36 3.96
-16.86 -24.81 -3.16 2.42 -10.36 3.96
-16.86 -24.81 -3.16 2.92 -9.74 5.06
-14.54 -25.90 -10.90 2.92 -9.74 5.06
-14.54 -25.90 -10.90 2.32 -8.40 4.81
-9.87 -23.74 -17.92 -2.27 -7.63 2.78
-9.87 -23.74 -17.92 2.32 -8.40 4.81
-2.60 -18.78 -20.02 -2.27 -7.63 2.78
-2.60 -18.78 -20.02 -2.93 -5.67 1.26
2.56 -13.96 -18.40 -2.93 -5.67 1.26
2.56 -13.96 -18.40 -2.01 -3.30 .50
5.47 -11.87 -14.79 -2.01 -3.30 .50
5.47 -11.87 -14.79 -.02 -1.03 .27
6.28 -10.35 -9.63 1.86 .57 .38
6.28 -10.35 -9.63 -.02 -1.03 .27
5.88 -9.06 -5.99 1.86 .57 .38
5.88 -9.06 -5.99 2.03 1.18 .07
5.46 -8.32 -2.99 2.03 1.18 .07
5.46 -8.32 -2.99 1.15 1.19 -.02
5.83 -8.17 -1.26 1.15 1.19 -.02
5.83 -8.17 -1.26 .31 .90 .00
6.27 -8.17 -.73 .31 .90 .00
6.59 -8.43 -.46 -.01 .65 -.01
6.27 -8.17 -.73 -.01 .65 -.01
6.59 -8.43 -.46 .08 .47 -.07
6.35 -8.02 -1.02 .08 .47 -.07
6.35 -8.02 -1.02 .33 .36 -.22
5.85 -7.83 -.64 .33 .36 -.22
5.85 -7.83 -.64 .40 .36 -.24
5.36 -7.91 .23 .40 .36 -.24
5.36 -7.91 .23 .24 .41 -.23
5.16 -7.97 .84 .24 .41 -.23
5.16 -7.97 .84 .05 .44 -.19
5.36 -7.83 .74 .05 .44 -.19
5.36 -7.83 .74 -.10 .45 -.16
