5.46 -7.62 .74 -.10 .45 -.16
5.46 -7.62 .74 -.29 .51 -.16
-4.03 -2.32 17.31 .41 1.51 -.13
-4.03 -2.32 17.31 1.25 1.55 .81
-8.97 9.86 26.69 1.25 1.55 .81
-8.97 9.86 26.69 3.38 1.10 3.66
-14.33 17.18 31.46 3.38 1.10 3.66
-14.33 17.18 31.46 3.69 -.93 5.85
-12.94 19.22 27.63 3.69 -.93 5.85
-12.94 19.22 27.63 2.25 -4.32 6.07
-14.84 11.04 26.28 2.25 -4.32 6.07
-14.84 11.04 26.28 .97 -7.50 8.56
-22.00 -5.66 19.02 .97 -7.50 8.56
-22.00 -5.66 19.02 .99 -9.74 6.96
-26.02 -25.30 6.06 .99 -9.74 6.96
-26.02 -25.30 6.06 1.89 -10.10 6.14
-26.07 -31.14 -7.72 1.89 -10.10 6.14
-26.07 -31.14 -7.72 .20 -8.97 6.72
-13.54 -27.96 -19.13 .20 -8.97 6.72
-13.54 -27.96 -19.13 -3.80 -8.03 3.66
-2.62 -20.53 -19.57 -3.80 -8.03 3.66
-2.62 -20.53 -19.57 -2.98 -5.40 1.93
3.42 -16.97 -17.56 -2.98 -5.40 1.93
3.42 -16.97 -17.56 -1.91 -3.28 1.37
7.50 -12.33 -12.61 -1.91 -3.28 1.37
7.50 -12.33 -12.61 -.74 -1.15 .37
5.74 -11.05 -7.03 -.74 -1.15 .37
5.74 -11.05 -7.03 .48 .49 .36
4.49 -10.88 -4.18 .48 .49 .36
4.49 -10.88 -4.18 .05 .80 .18
5.67 -9.89 -2.51 -.63 .74 .15
5.67 -9.89 -2.51 .05 .80 .18
5.84 -9.82 .11 -.63 .74 .15
5.84 -9.82 .11 -.88 .78 .06
5.68 -10.47 1.38 -.88 .78 .06
5.68 -10.47 1.38 -.52 .62 -.08
5.75 -10.30 1.37 -.52 .62 -.08
5.75 -10.30 1.37 -.01 .29 -.19
5.69 -9.29 .82 -.01 .29 -.19
5.69 -9.29 .82 .15 .12 -.31
5.04 -8.76 .85 .15 .12 -.31
5.04 -8.76 .85 -.15 .11 -.36
4.63 -9.12 1.47 -.15 .11 -.36
4.63 -9.12 1.47 -.43 .18 -.31
4.40 -9.30 1.25 -.43 .18 -.31
4.40 -9.30 1.25 -.39 .22 -.34
4.40 -8.94 1.59 -.39 .22 -.34
4.40 -8.94 1.59 -.21 .26 -.28
4.27 -9.06 1.98 -.19 .32 -.26
4.27 -9.06 1.98 -.21 .26 -.28
4.22 -9.31 1.60 -.14 .40 -.28
