5.85 -8.28 1.31 -.25 .95 -.59
5.85 -8.28 1.31 .33 .76 -.55
5.65 -7.47 1.60 .33 .76 -.55
5.65 -7.47 1.60 .82 .57 -.44
5.08 -7.08 2.28 .82 .57 -.44
5.08 -7.08 2.28 .74 .51 -.41
4.70 -7.31 2.65 .74 .51 -.41
4.70 -7.31 2.65 .32 .42 -.34
4.72 -7.70 2.29 .32 .42 -.34
4.72 -7.70 2.29 -.10 .32 -.31
4.90 -7.66 1.79 -.10 .32 -.31
4.90 -7.66 1.79 -.36 .26 -.26
5.14 -7.48 2.24 -.43 .23 -.17
5.14 -7.48 2.24 -.36 .26 -.26
5.25 -7.60 2.40 -.43 .23 -.17
5.25 -7.60 2.40 -.34 .22 -.14
-7.52 1.25 22.56 .25 1.82 .10
-7.52 1.25 22.56 1.58 1.12 1.34
-11.66 8.20 33.54 1.58 1.12 1.34
-11.66 8.20 33.54 2.38 -.63 3.18
-14.04 14.80 31.34 2.38 -.63 3.18
-14.04 14.80 31.34 2.92 -4.06 5.48
-14.80 13.53 20.07 2.92 -4.06 5.48
-14.80 13.53 20.07 1.64 -8.21 6.71
-18.61 -7.19 15.82 1.64 -8.21 6.71
-18.61 -7.19 15.82 -.38 -11.42 5.86
-28.46 -24.15 1.25 -.38 -11.42 5.86
-28.46 -24.15 1.25 -1.41 -11.70 4.94
-23.46 -34.76 -12.83 -1.41 -11.70 4.94
-23.46 -34.76 -12.83 -1.97 -11.51 4.50
-17.54 -35.71 -22.41 -1.97 -11.51 4.50
-17.54 -35.71 -22.41 -.31 -9.13 2.52
-6.94 -21.49 -24.84 -.31 -9.13 2.52
-6.94 -21.49 -24.84 -.02 -6.90 .39
-.14 -16.52 -23.44 -.02 -6.90 .39
-.14 -16.52 -23.44 -.14 -4.44 .27
9.05 -10.10 -19.22 -.14 -4.44 .27
9.05 -10.10 -19.22 -.93 -2.59 -.45
14.18 -6.23 -12.55 -.93 -2.59 -.45
14.18 -6.23 -12.55 .37 -.23 .17
6.74 -8.46 -6.26 .37 -.23 .17
6.74 -8.46 -6.26 .86 1.43 -.22
5.14 -7.77 -3.45 .42 1.09 -.25
5.14 -7.77 -3.45 .86 1.43 -.22
7.45 -8.35 -3.24 .42 1.09 -.25
7.45 -8.35 -3.24 -.27 .52 -.19
7.63 -8.85 -2.39 -.27 .52 -.19
7.63 -8.85 -2.39 -.63 .53 -.31
6.66 -8.97 -.80 -.63 .53 -.31
6.66 -8.97 -.80 -.31 .53 -.47
5.78 -8.56 -.08 -.31 .53 -.47
5.78 -8.56 -.08 .15 .49 -.56
5.56 -7.65 -.48 .38 .52 -.57
5.56 -7.65 -.48 .15 .49 -.56
4.94 -7.20 -.29 .33 .73 -.49
4.94 -7.20 -.29 .38 .52 -.57
4.47 -7.75 .79 .33 .73 -.49
4.47 -7.75 .79 .16 .75 -.42
4.58 -8.01 1.45 .16 .75 -.42
4.58 -8.01 1.45 .14 .60 -.30
4.65 -7.88 1.96 .14 .60 -.30
4.65 -7.88 1.96 .21 .46 -.18
