4.22 -9.31 1.60 -.19 .32 -.26
-6.17 4.73 21.62 .43 -.32 .10
-6.17 4.73 21.62 .86 -1.24 1.44
-8.76 9.03 27.04 .86 -1.24 1.44
-8.76 9.03 27.04 1.80 -3.07 3.10
-9.49 11.44 29.06 1.80 -3.07 3.10
-9.49 11.44 29.06 2.84 -5.52 4.64
-12.12 11.89 27.46 2.84 -5.52 4.64
-12.12 11.89 27.46 2.75 -7.43 6.64
-20.38 -2.69 18.73 2.75 -7.43 6.64
-20.38 -2.69 18.73 .76 -8.92 6.57
-26.64 -18.26 5.01 .76 -8.92 6.57
-26.64 -18.26 5.01 .11 -9.37 5.02
-25.65 -36.71 -1.24 .11 -9.37 5.02
-25.65 -36.71 -1.24 1.38 -9.01 5.70
-15.89 -29.80 -8.78 2.65 -8.25 4.32
-15.89 -29.80 -8.78 1.38 -9.01 5.70
-10.70 -27.41 -17.89 2.65 -8.25 4.32
-10.70 -27.41 -17.89 .70 -7.06 2.42
-3.84 -20.60 -19.55 .70 -7.06 2.42
-3.84 -20.60 -19.55 .19 -5.51 1.60
3.31 -15.04 -17.96 .19 -5.51 1.60
3.31 -15.04 -17.96 -.74 -3.82 .73
8.79 -11.26 -14.53 -.74 -3.82 .73
8.79 -11.26 -14.53 -.05 -1.89 .26
7.81 -9.63 -9.72 -.05 -1.89 .26
7.81 -9.63 -9.72 1.40 .06 .24
6.20 -8.70 -6.88 1.40 .06 .24
6.20 -8.70 -6.88 1.16 .73 -.04
6.68 -8.23 -3.79 1.16 .73 -.04
6.68 -8.23 -3.79 .53 .87 .04
6.61 -8.39 -.68 -.25 .73 -.05
6.61 -8.39 -.68 .53 .87 .04
6.26 -8.62 .64 -.25 .73 -.05
6.26 -8.62 .64 -.21 .45 -.18
5.86 -8.24 .70 -.21 .45 -.18
5.86 -8.24 .70 .14 .33 -.24
5.53 -7.82 .56 .14 .33 -.24
5.53 -7.82 .56 .33 .24 -.24
5.37 -7.40 .78 .33 .24 -.24
5.37 -7.40 .78 .04 .18 -.24
5.02 -7.63 1.35 .04 .18 -.24
5.02 -7.63 1.35 -.46 .16 -.19
4.83 -8.08 1.68 -.46 .16 -.19
4.83 -8.08 1.68 -.75 .13 -.12
5.09 -8.20 1.61 -.75 .13 -.12
5.09 -8.20 1.61 -.75 .11 -.05
