5.01 -7.97 1.53 -.75 .11 -.05
5.01 -7.97 1.53 -.70 .15 -.03
5.14 -8.27 1.71 -.70 .15 -.03
5.14 -8.27 1.71 -.63 .18 .00
-4.09 1.19 21.02 1.32 -.57 1.77
-4.09 1.19 21.02 2.07 -1.66 2.72
-6.60 4.62 26.84 2.77 -3.36 4.07
-6.60 4.62 26.84 2.07 -1.66 2.72
-9.27 4.17 21.96 2.67 -5.52 5.08
-9.27 4.17 21.96 2.77 -3.36 4.07
-10.99 2.52 16.86 2.67 -5.52 5.08
-10.99 2.52 16.86 2.42 -7.62 5.61
-15.16 -12.70 14.10 .64 -9.53 4.44
-15.16 -12.70 14.10 2.42 -7.62 5.61
-24.00 -16.74 2.81 .64 -9.53 4.44
-24.00 -16.74 2.81 -5.13 -10.14 3.59
-11.31 -22.76 -11.94 -5.13 -10.14 3.59
-11.31 -22.76 -11.94 -.40 -10.27 3.09
-3.70 -22.42 -17.53 -.40 -10.27 3.09
-3.70 -22.42 -17.53 5.02 -7.51 3.29
-3.60 -21.15 -12.99 5.02 -7.51 3.29
-3.60 -21.15 -12.99 5.25 -5.04 3.29
-4.02 -13.49 -11.25 5.25 -5.04 3.29
-4.02 -13.49 -11.25 .96 -3.70 2.03
-1.81 -16.16 -10.55 .96 -3.70 2.03
-1.81 -16.16 -10.55 -3.60 -2.76 1.37
3.47 -14.71 -10.19 -3.60 -2.76 1.37
3.47 -14.71 -10.19 -3.99 -1.89 .44
6.35 -12.71 -8.81 -3.99 -1.89 .44
6.35 -12.71 -8.81 -1.69 -.96 .13
6.13 -10.60 -6.40 -1.69 -.96 .13
6.13 -10.60 -6.40 .35 -.09 -.20
5.80 -8.40 -2.97 .35 -.09 -.20
5.80 -8.40 -2.97 .77 .23 -.34
5.70 -7.64 -.81 .77 .23 -.34
5.70 -7.64 -.81 .46 .29 -.36
5.47 -8.38 -.89 .46 .29 -.36
5.47 -8.38 -.89 -.27 .17 -.33
5.36 -9.28 -.89 -.27 .17 -.33
5.36 -9.28 -.89 -.67 .21 -.35
5.35 -9.24 -.70 -.67 .21 -.35
5.35 -9.24 -.70 -.51 .14 -.33
5.24 -9.26 -.51 -.51 .14 -.33
5.24 -9.26 -.51 -.18 .18 -.33
4.76 -8.98 -.58 -.18 .18 -.33
4.76 -8.98 -.58 -.08 .28 -.34
4.63 -9.35 .14 -.08 .28 -.34
4.63 -9.35 .14 -.16 .41 -.36
4.75 -9.48 .25 -.16 .41 -.36
4.75 -9.48 .25 .00 .49 -.37
4.63 -9.38 1.13 .00 .49 -.37
4.63 -9.38 1.13 .21 .59 -.40
4.35 -9.16 1.75 .21 .59 -.40
