4.35 -9.16 1.75 .17 .59 -.46
-5.92 1.40 25.83 1.35 -.53 .41
-5.92 1.40 25.83 2.55 -1.73 1.62
-9.31 6.55 32.13 2.55 -1.73 1.62
-9.31 6.55 32.13 3.43 -3.92 3.38
-13.68 6.96 28.99 3.43 -3.92 3.38
-13.68 6.96 28.99 3.96 -6.40 4.97
-17.71 5.11 24.97 3.96 -6.40 4.97
-17.71 5.11 24.97 3.26 -8.77 5.74
-23.59 -1.37 17.02 3.26 -8.77 5.74
-23.59 -1.37 17.02 -.32 -10.85 5.62
-24.61 -15.59 5.45 -.32 -10.85 5.62
-24.61 -15.59 5.45 -.17 -11.43 5.14
-22.56 -26.05 -2.88 -.17 -11.43 5.14
-22.56 -26.05 -2.88 3.88 -10.29 5.89
-21.98 -24.03 -13.92 3.88 -10.29 5.89
-21.98 -24.03 -13.92 2.25 -8.72 5.76
-13.80 -23.37 -20.52 2.25 -8.72 5.76
-13.80 -23.37 -20.52 -3.57 -7.46 3.87
-7.71 -23.46 -20.20 -3.57 -7.46 3.87
-7.71 -23.46 -20.20 -4.74 -5.74 1.76
-1.31 -18.70 -19.75 -4.74 -5.74 1.76
-1.31 -18.70 -19.75 -1.77 -3.33 .17
2.77 -14.23 -15.81 -1.77 -3.33 .17
5.04 -9.82 -10.63 1.71 -1.32 .10
2.77 -14.23 -15.81 1.71 -1.32 .10
5.04 -9.82 -10.63 2.15 -.13 -.27
6.39 -6.75 -6.36 2.15 -.13 -.27
6.39 -6.75 -6.36 .73 .42 -.46
6.05 -7.30 -4.17 .73 .42 -.46
6.05 -7.30 -4.17 -.38 .59 -.36
6.90 -7.91 -3.08 -.38 .59 -.36
6.90 -7.91 -3.08 -.53 .50 -.44
6.93 -8.51 -2.52 -.53 .50 -.44
6.93 -8.51 -2.52 .05 .41 -.36
6.48 -8.31 -.96 .05 .41 -.36
6.48 -8.31 -.96 .43 .40 -.36
5.71 -8.39 -.84 .43 .40 -.36
5.71 -8.39 -.84 .30 .32 -.34
5.48 -8.72 -.69 .30 .32 -.34
5.48 -8.72 -.69 .11 .35 -.33
4.52 -8.81 -.75 .11 .35 -.33
4.52 -8.81 -.75 -.18 .44 -.35
4.46 -8.95 .54 -.18 .44 -.35
4.46 -8.95 .54 -.49 .46 -.27
4.94 -9.03 .40 -.49 .46 -.27
4.94 -9.03 .40 -.40 .41 -.29
5.04 -8.76 .87 -.40 .41 -.29
5.04 -8.76 .87 -.09 .47 -.29
4.61 -8.93 1.65 -.09 .47 -.29
