4.61 -8.93 1.65 .06 .53 -.28
-4.17 4.92 19.44 .84 -.56 .85
-4.17 4.92 19.44 2.17 -1.30 2.35
-6.08 .26 16.19 2.17 -1.30 2.35
-6.08 .26 16.19 2.31 -2.13 3.19
-7.56 -.39 17.03 2.31 -2.13 3.19
-7.56 -.39 17.03 2.14 -3.12 3.35
-10.57 6.06 22.34 2.14 -3.12 3.35
-10.57 6.06 22.34 .80 -4.96 5.16
-14.02 2.86 21.24 .80 -4.96 5.16
-14.02 2.86 21.24 -1.11 -6.74 5.41
-13.43 -7.34 10.46 -1.11 -6.74 5.41
-13.43 -7.34 10.46 1.12 -8.15 5.27
-13.35 -18.50 5.37 1.12 -8.15 5.27
-13.35 -18.50 5.37 5.71 -8.69 6.10
-19.58 -15.39 1.32 .66 -7.34 6.08
-19.58 -15.39 1.32 5.71 -8.69 6.10
-15.95 -17.84 -13.84 .66 -7.34 6.08
-15.95 -17.84 -13.84 -4.97 -8.13 4.20
-5.56 -29.73 -14.92 -4.97 -8.13 4.20
-5.56 -29.73 -14.92 -4.00 -6.93 2.92
-.13 -22.78 -16.39 -4.00 -6.93 2.92
-.13 -22.78 -16.39 .78 -4.97 1.82
3.02 -13.80 -13.13 .78 -4.97 1.82
3.02 -13.80 -13.13 4.45 -2.90 1.61
3.69 -10.91 -7.87 2.87 -1.25 1.12
3.69 -10.91 -7.87 4.45 -2.90 1.61
4.36 -12.31 -6.16 2.87 -1.25 1.12
4.36 -12.31 -6.16 -.13 -.52 .43
3.94 -13.45 -4.67 -.13 -.52 .43
3.94 -13.45 -4.67 -1.09 -.03 .05
4.75 -11.74 -2.63 -1.09 -.03 .05
4.75 -11.74 -2.63 -.41 -.06 -.29
5.14 -9.87 -1.07 -.41 -.06 -.29
5.14 -9.87 -1.07 .25 .00 -.53
4.92 -8.88 .21 .25 .00 -.53
4.92 -8.88 .21 .26 .17 -.73
4.18 -8.61 1.03 .26 .17 -.73
4.18 -8.61 1.03 -.24 .15 -.73
4.33 -8.58 .96 -.24 .15 -.73
4.33 -8.58 .96 -.55 .17 -.66
4.41 -8.43 .73 -.55 .17 -.66
4.41 -8.43 .73 -.61 .23 -.61
3.75 -8.60 1.55 -.61 .23 -.61
3.75 -8.60 1.55 -.48 .34 -.58
3.66 -8.67 2.26 -.48 .34 -.58
3.66 -8.67 2.26 -.38 .30 -.57
