4.18 -8.86 1.93 -.38 .30 -.57
4.18 -8.86 1.93 -.40 .27 -.56
4.40 -8.75 1.66 -.40 .27 -.56
4.40 -8.75 1.66 -.36 .30 -.56
-.96 -1.52 13.84 1.19 .69 -.86
-.96 -1.52 13.84 1.53 .24 -.35
-3.67 3.96 21.79 1.53 .24 -.35
-3.67 3.96 21.79 1.77 -.50 .61
-6.43 8.82 29.87 1.77 -.50 .61
-6.43 8.82 29.87 1.65 -2.00 1.88
-8.62 9.63 25.22 1.65 -2.00 1.88
-8.62 9.63 25.22 3.44 -4.23 4.08
-10.05 15.40 20.59 3.44 -4.23 4.08
-10.05 15.40 20.59 4.42 -6.63 5.30
-12.05 11.25 24.58 2.99 -8.54 6.80
-12.05 11.25 24.58 4.42 -6.63 5.30
-22.27 -5.83 13.32 2.99 -8.54 6.80
-22.27 -5.83 13.32 -.94 -9.56 5.26
-23.72 -27.82 2.46 -.94 -9.56 5.26
-23.72 -27.82 2.46 -.06 -9.46 4.63
-13.97 -30.26 -6.62 2.56 -8.32 5.70
-13.97 -30.26 -6.62 -.06 -9.46 4.63
-13.70 -26.01 -11.10 -.68 -7.27 3.68
-13.70 -26.01 -11.10 2.56 -8.32 5.70
-5.93 -20.70 -14.60 -.68 -7.27 3.68
-5.93 -20.70 -14.60 -2.66 -6.42 1.77
-2.08 -19.14 -14.95 -2.66 -6.42 1.77
-2.08 -19.14 -14.95 -2.65 -4.98 .87
