4.49 -13.98 -14.17 -2.65 -4.98 .87
4.49 -13.98 -14.17 -.81 -3.40 .09
8.40 -10.79 -11.32 -.81 -3.40 .09
8.40 -10.79 -11.32 1.16 -1.80 .41
7.69 -8.67 -8.02 1.16 -1.80 .41
7.69 -8.67 -8.02 1.40 -.37 .19
6.84 -7.24 -4.99 1.40 -.37 .19
6.84 -7.24 -4.99 .25 .26 -.18
6.19 -8.75 -3.38 .25 .26 -.18
6.19 -8.75 -3.38 -.35 .53 -.05
6.43 -9.46 -2.84 -.35 .53 -.05
6.43 -9.46 -2.84 -.19 .51 -.21
6.42 -8.76 -1.63 -.19 .51 -.21
6.42 -8.76 -1.63 .23 .39 -.26
6.51 -8.12 -.90 .23 .39 -.26
6.51 -8.12 -.90 .40 .28 -.32
6.50 -7.96 -.70 .40 .28 -.32
6.50 -7.96 -.70 .29 .29 -.37
6.47 -7.95 -.37 .29 .29 -.37
6.47 -7.95 -.37 .00 .34 -.37
7.79 -8.24 .39 .00 .34 -.37
7.79 -8.24 .39 -.30 .31 -.24
5.82 -8.52 .07 -.30 .31 -.24
5.82 -8.52 .07 -.38 .58 -.42
4.49 -7.74 .57 -.38 .58 -.42
4.49 -7.74 .57 -.50 .41 -.40
-2.92 -3.75 20.08 .89 -.01 .02
-2.92 -3.75 20.08 1.58 -.95 .65
-5.40 .48 25.98 1.58 -.95 .65
-5.40 .48 25.98 2.65 -2.35 1.60
-8.89 2.87 28.29 2.65 -2.35 1.60
-8.89 2.87 28.29 3.47 -4.34 3.05
-13.23 5.28 20.97 3.47 -4.34 3.05
-13.23 5.28 20.97 3.64 -7.99 4.57
-14.26 2.85 21.27 3.64 -7.99 4.57
-14.26 2.85 21.27 1.69 -10.67 4.87
-20.79 -5.55 9.92 1.69 -10.67 4.87
-20.79 -5.55 9.92 -1.80 -11.92 4.73
-23.89 -16.72 -1.30 -1.80 -11.92 4.73
-23.89 -16.72 -1.30 -1.46 -12.39 3.12
-18.95 -22.59 -10.01 -1.46 -12.39 3.12
-18.95 -22.59 -10.01 .48 -11.12 4.03
-17.50 -23.03 -16.14 .48 -11.12 4.03
-17.50 -23.03 -16.14 -.37 -9.06 3.05
-10.44 -16.98 -21.61 -.37 -9.06 3.05
-10.44 -16.98 -21.61 -1.59 -7.06 1.44
-4.40 -16.51 -22.38 -1.59 -7.06 1.44
-4.40 -16.51 -22.38 -1.61 -4.35 .87
1.25 -11.84 -18.51 -1.61 -4.35 .87
1.25 -11.84 -18.51 -1.02 -1.89 .36
6.05 -8.96 -12.44 -1.02 -1.89 .36
6.05 -8.96 -12.44 .34 .00 .41
5.65 -7.67 -8.70 1.48 1.52 .51
5.65 -7.67 -8.70 .34 .00 .41
4.93 -7.35 -4.99 1.48 1.52 .51
4.93 -7.35 -4.99 1.28 1.73 .36
6.32 -7.71 -2.37 1.28 1.73 .36
6.32 -7.71 -2.37 .37 1.52 .14
6.48 -8.35 -.72 .37 1.52 .14
6.48 -8.35 -.72 -.11 1.22 .12
