6.30 -9.05 .29 -.11 1.22 .12
6.30 -9.05 .29 .00 .88 .02
6.18 -8.83 -.02 .00 .88 .02
6.18 -8.83 -.02 .05 .51 -.05
6.11 -9.00 -.41 .05 .51 -.05
6.11 -9.00 -.41 .01 .47 -.07
5.65 -9.34 -.58 .01 .47 -.07
5.65 -9.34 -.58 .03 .52 -.10
4.96 -9.59 -.33 .03 .52 -.10
4.96 -9.59 -.33 .12 .57 -.11
4.73 -9.55 .03 .12 .57 -.11
4.73 -9.55 .03 .16 .55 -.15
4.78 -9.12 .35 .16 .55 -.15
4.78 -9.12 .35 -.01 .55 -.18
4.98 -9.05 .39 -.01 .55 -.18
4.98 -9.05 .39 -.22 .60 -.23
-4.50 -4.37 21.76 -.35 .57 .23
-4.50 -4.37 21.76 .93 .26 1.00
-8.28 2.01 30.89 .93 .26 1.00
-8.28 2.01 30.89 3.39 -1.10 2.64
-12.20 7.69 35.35 3.39 -1.10 2.64
-12.20 7.69 35.35 4.67 -3.84 4.67
-13.07 15.75 29.92 4.67 -3.84 4.67
-13.07 15.75 29.92 1.48 -7.56 5.23
-20.14 .42 18.18 1.48 -7.56 5.23
-20.14 .42 18.18 -2.74 -10.90 5.82
-25.32 -30.48 4.39 -2.74 -10.90 5.82
-25.32 -30.48 4.39 -.43 -12.44 1.82
-26.58 -37.61 -10.28 4.24 -11.61 3.30
-26.58 -37.61 -10.28 -.43 -12.44 1.82
-15.03 -23.86 -15.52 4.24 -11.61 3.30
-15.03 -23.86 -15.52 5.32 -9.68 3.18
-9.06 -19.91 -20.25 5.32 -9.68 3.18
-9.06 -19.91 -20.25 -.54 -7.65 1.91
-1.51 -13.73 -20.82 -.54 -7.65 1.91
-1.51 -13.73 -20.82 -2.53 -6.00 1.15
3.86 -10.59 -17.92 -2.10 -4.12 .27
3.86 -10.59 -17.92 -2.53 -6.00 1.15
6.07 -10.93 -15.44 .40 -1.92 .64
6.07 -10.93 -15.44 -2.10 -4.12 .27
4.11 -8.48 -11.86 .40 -1.92 .64
4.11 -8.48 -11.86 .83 -.43 .31
3.94 -6.93 -8.44 -.16 .01 .21
3.94 -6.93 -8.44 .83 -.43 .31
5.04 -8.41 -6.29 -.16 .01 .21
5.04 -8.41 -6.29 -.82 .31 .21
5.49 -9.65 -4.11 -.82 .31 .21
5.49 -9.65 -4.11 -.36 .59 .24
5.67 -9.40 -2.85 -.36 .59 .24
5.67 -9.40 -2.85 .50 .60 .10
5.54 -8.66 -1.39 .50 .60 .10
5.54 -8.66 -1.39 .80 .60 -.06
5.14 -8.09 -1.24 .80 .60 -.06
5.14 -8.09 -1.24 .46 .47 -.13
9.29 -8.57 -1.41 .46 .47 -.13
9.29 -8.57 -1.41 .15 .15 .21
7.08 -11.12 -.51 .15 .15 .21
7.08 -11.12 -.51 .23 .97 .38
2.10 -10.65 .36 .23 .97 .38
2.10 -10.65 .36 .36 .88 -.24
2.79 -9.90 -.15 .36 .88 -.24
2.79 -9.90 -.15 .18 .35 -.32
4.84 -9.39 -.68 .18 .35 -.32
4.84 -9.39 -.68 .33 .33 -.22
