4.56 -9.05 .22 .33 .33 -.22
4.56 -9.05 .22 .53 .59 -.36
-4.61 2.82 16.32 1.12 2.14 .09
-4.61 2.82 16.32 2.60 1.66 1.19
-7.57 9.19 28.70 2.60 1.66 1.19
-7.57 9.19 28.70 5.69 -1.16 4.22
-10.74 25.93 27.73 5.69 -1.16 4.22
-10.74 25.93 27.73 5.11 -4.02 6.79
-16.83 21.22 25.21 5.11 -4.02 6.79
-16.83 21.22 25.21 1.88 -6.31 9.02
-26.25 -2.96 16.33 1.88 -6.31 9.02
-26.25 -2.96 16.33 -2.83 -8.84 7.31
-30.72 -26.11 2.03 -2.83 -8.84 7.31
-30.72 -26.11 2.03 -.02 -10.01 6.24
-16.51 -24.16 -2.40 -.02 -10.01 6.24
-16.51 -24.16 -2.40 2.29 -9.61 6.87
-16.63 -26.70 -9.28 2.29 -9.61 6.87
-16.63 -26.70 -9.28 1.93 -7.17 7.06
-9.49 -24.56 -15.78 1.93 -7.17 7.06
-9.49 -24.56 -15.78 -3.23 -6.30 3.91
-1.98 -19.66 -13.18 -3.23 -6.30 3.91
-1.98 -19.66 -13.18 -3.86 -4.37 2.64
1.20 -18.68 -11.86 -3.86 -4.37 2.64
1.20 -18.68 -11.86 -3.40 -2.60 1.26
3.96 -15.67 -9.41 -3.40 -2.60 1.26
3.96 -15.67 -9.41 -1.34 -.90 .05
5.34 -12.16 -5.43 -1.34 -.90 .05
5.34 -12.16 -5.43 .86 .24 .12
5.82 -9.95 -2.05 .86 .24 .12
5.82 -9.95 -2.05 1.07 .69 -.22
5.40 -8.78 .33 1.07 .69 -.22
