5.40 -8.78 .33 .18 .80 -.52
5.05 -8.41 2.34 .18 .80 -.52
5.05 -8.41 2.34 -.56 .64 -.60
6.03 -8.99 2.39 -.56 .64 -.60
6.03 -8.99 2.39 -.64 .32 -.50
6.20 -9.06 2.27 -.64 .32 -.50
6.20 -9.06 2.27 -.50 .17 -.49
5.87 -8.53 2.57 -.50 .17 -.49
5.87 -8.53 2.57 -.41 .08 -.53
5.46 -8.56 2.66 -.41 .08 -.53
5.46 -8.56 2.66 -.52 .07 -.56
5.45 -8.61 2.75 -.52 .07 -.56
5.45 -8.61 2.75 -.58 .07 -.56
5.16 -8.39 3.12 -.58 .07 -.56
5.16 -8.39 3.12 -.58 .13 -.52
4.92 -8.34 3.32 -.58 .13 -.52
4.92 -8.34 3.32 -.69 .15 -.47
5.20 -8.20 3.12 -.69 .15 -.47
5.20 -8.20 3.12 -.75 .13 -.40
5.32 -8.25 3.18 -.75 .13 -.40
5.32 -8.25 3.18 -.79 .17 -.39
-6.07 13.59 22.17 3.09 1.15 .79
-6.07 13.59 22.17 3.63 .58 2.37
-10.94 26.89 27.05 3.63 .58 2.37
-10.94 26.89 27.05 4.85 -.79 5.55
-13.83 35.56 22.41 3.21 -3.22 8.15
-13.83 35.56 22.41 4.85 -.79 5.55
-19.85 29.48 23.82 3.21 -3.22 8.15
-19.85 29.48 23.82 -.82 -4.96 10.53
-30.52 7.14 18.50 -4.79 -7.56 10.63
-30.52 7.14 18.50 -.82 -4.96 10.53
-40.74 -14.88 7.04 -4.79 -7.56 10.63
-40.74 -14.88 7.04 -6.18 -9.78 8.53
-26.21 -23.55 -9.61 -6.18 -9.78 8.53
-26.21 -23.55 -9.61 -5.95 -11.72 7.26
-22.79 -34.91 -10.47 -5.95 -11.72 7.26
-22.79 -34.91 -10.47 -4.08 -9.97 6.48
-17.02 -29.82 -16.80 -4.08 -9.97 6.48
-17.02 -29.82 -16.80 -2.12 -8.57 3.27
-7.62 -20.86 -18.83 -2.12 -8.57 3.27
-7.62 -20.86 -18.83 -.32 -6.22 2.14
-1.37 -16.67 -18.09 -1.72 -3.89 1.04
-1.37 -16.67 -18.09 -.32 -6.22 2.14
5.69 -11.36 -13.13 -1.72 -3.89 1.04
5.69 -11.36 -13.13 -2.77 -1.94 -.08
8.27 -9.44 -8.77 -2.77 -1.94 -.08
8.27 -9.44 -8.77 -1.28 .12 .03
5.62 -9.22 -4.88 -1.28 .12 .03
5.62 -9.22 -4.88 .30 1.42 -.03
5.59 -7.55 -2.80 .30 1.42 -.03
5.59 -7.55 -2.80 .24 1.51 -.18
6.10 -7.94 -.84 .24 1.51 -.18
6.10 -7.94 -.84 -.35 1.00 -.12
6.55 -8.49 1.32 -.40 .58 -.15
6.55 -8.49 1.32 -.35 1.00 -.12
6.36 -8.69 1.49 -.40 .58 -.15
6.36 -8.69 1.49 -.29 .29 -.13
6.13 -8.49 1.02 -.29 .29 -.13
6.13 -8.49 1.02 -.45 .13 -.22
6.14 -8.44 .38 -.45 .13 -.22
6.14 -8.44 .38 -.55 .13 -.22
6.03 -8.51 .19 -.55 .13 -.22
6.03 -8.51 .19 -.41 .24 -.20
5.60 -9.06 .87 -.41 .24 -.20
5.60 -9.06 .87 -.17 .34 -.13
5.69 -8.76 1.22 .00 .31 -.11
5.69 -8.76 1.22 -.17 .34 -.13
