5.68 -8.56 1.55 .00 .31 -.11
5.68 -8.56 1.55 .02 .34 -.11
5.34 -8.69 1.53 -.13 .39 -.14
5.34 -8.69 1.53 .02 .34 -.11
-7.94 11.46 27.40 3.65 -.65 1.49
-7.94 11.46 27.40 4.89 -1.98 3.36
-9.20 19.85 28.36 4.89 -1.98 3.36
-9.20 19.85 28.36 5.78 -4.43 5.51
-11.50 21.94 26.24 5.78 -4.43 5.51
-11.50 21.94 26.24 3.21 -6.54 7.33
-22.46 7.71 20.15 3.21 -6.54 7.33
-22.46 7.71 20.15 -3.60 -8.79 8.44
-25.82 -11.42 -1.21 -3.60 -8.79 8.44
-25.82 -11.42 -1.21 -5.61 -10.08 5.95
-20.41 -34.63 -1.80 -5.61 -10.08 5.95
-20.41 -34.63 -1.80 .21 -9.84 5.31
-14.74 -26.73 -7.40 .21 -9.84 5.31
-14.74 -26.73 -7.40 2.97 -8.28 6.46
-11.10 -17.00 -14.13 2.97 -8.28 6.46
-11.10 -17.00 -14.13 -4.74 -6.31 3.07
-3.83 -18.67 -16.39 -4.74 -6.31 3.07
-3.83 -18.67 -16.39 -5.45 -4.57 1.84
1.84 -17.13 -14.14 -5.45 -4.57 1.84
1.84 -17.13 -14.14 -2.54 -2.53 .71
4.07 -13.97 -10.53 -2.54 -2.53 .71
4.07 -13.97 -10.53 1.63 -.41 .66
4.22 -10.40 -6.33 1.63 -.41 .66
4.22 -10.40 -6.33 2.76 .67 .34
4.38 -7.52 -3.36 2.76 .67 .34
4.38 -7.52 -3.36 1.46 .86 -.06
5.08 -8.46 -.75 1.46 .86 -.06
5.08 -8.46 -.75 .08 .73 -.11
5.00 -9.48 .51 .08 .73 -.11
5.00 -9.48 .51 -.52 .61 -.30
4.67 -9.83 1.05 -.52 .61 -.30
4.67 -9.83 1.05 -.13 .40 -.33
4.95 -8.95 .74 -.13 .40 -.33
4.95 -8.95 .74 .25 .17 -.30
5.38 -8.28 .17 .25 .17 -.30
5.38 -8.28 .17 .35 .04 -.19
5.00 -8.60 .57 .35 .04 -.19
5.00 -8.60 .57 .04 .08 -.19
4.47 -9.24 1.25 .04 .08 -.19
4.47 -9.24 1.25 -.46 .11 -.20
4.60 -9.77 1.25 -.46 .11 -.20
4.60 -9.77 1.25 -.65 .11 -.21
4.50 -9.20 1.52 -.65 .11 -.21
4.50 -9.20 1.52 -.65 .16 -.23
4.25 -8.99 1.92 -.65 .16 -.23
