4.75 -7.54 1.94 .21 .46 -.18
4.75 -7.54 1.94 .12 .33 -.14
5.05 -7.64 1.56 .12 .33 -.14
5.05 -7.64 1.56 -.04 .27 -.10
-5.03 -4.71 17.56 .09 2.52 -.80
-5.03 -4.71 17.56 1.09 1.99 -.51
-8.47 3.51 30.24 1.09 1.99 -.51
-8.47 3.51 30.24 3.60 .74 1.13
-12.72 18.99 37.26 3.60 .74 1.13
-12.72 18.99 37.26 4.67 -2.13 4.68
-11.77 25.11 25.30 4.67 -2.13 4.68
-11.77 25.11 25.30 2.50 -5.46 5.36
-17.34 13.58 20.60 2.50 -5.46 5.36
-17.34 13.58 20.60 -.12 -7.89 7.93
-23.31 -16.73 10.69 -.12 -7.89 7.93
-23.31 -16.73 10.69 -.97 -10.76 5.13
-28.93 -32.24 3.00 -.97 -10.76 5.13
-28.93 -32.24 3.00 -2.56 -11.69 4.34
-12.51 -32.40 -13.40 -2.56 -11.69 4.34
-12.51 -32.40 -13.40 -.39 -11.35 3.99
-12.37 -30.14 -22.41 -.39 -11.35 3.99
-12.37 -30.14 -22.41 .73 -8.97 2.07
-3.27 -19.50 -23.75 2.89 -6.56 .85
-3.27 -19.50 -23.75 .73 -8.97 2.07
1.75 -13.61 -19.14 2.89 -6.56 .85
1.75 -13.61 -19.14 1.30 -4.33 1.52
7.56 -9.25 -15.79 1.30 -4.33 1.52
7.56 -9.25 -15.79 -1.80 -2.34 .08
8.86 -9.58 -10.59 -1.80 -2.34 .08
8.86 -9.58 -10.59 -.94 -.36 .34
6.27 -10.92 -6.92 -.94 -.36 .34
6.27 -10.92 -6.92 .43 .87 .28
6.19 -9.64 -4.86 .43 .87 .28
6.19 -9.64 -4.86 1.05 .95 .00
6.36 -8.14 -1.81 1.05 .95 .00
6.36 -8.14 -1.81 .66 1.02 -.10
5.74 -7.90 .42 .66 1.02 -.10
5.74 -7.90 .42 .14 .82 -.24
6.19 -8.48 .37 .14 .82 -.24
6.19 -8.48 .37 .03 .43 -.29
6.54 -8.34 -.38 .03 .43 -.29
6.54 -8.34 -.38 .13 .21 -.28
