4.25 -8.99 1.92 -.77 .22 -.22
4.64 -9.39 1.52 -.77 .22 -.22
4.64 -9.39 1.52 -.69 .21 -.23
4.74 -9.27 1.39 -.69 .21 -.23
4.74 -9.27 1.39 -.32 .26 -.24
-7.27 11.73 25.38 2.13 -.35 1.15
-7.27 11.73 25.38 2.49 -1.81 3.38
-11.83 13.75 29.44 2.49 -1.81 3.38
-11.83 13.75 29.44 1.94 -3.98 4.72
-14.89 16.29 24.40 1.03 -6.44 6.35
-14.89 16.29 24.40 1.94 -3.98 4.72
-18.44 6.87 21.32 1.03 -6.44 6.35
-18.44 6.87 21.32 .76 -8.85 7.31
-22.26 -5.28 14.64 .76 -8.85 7.31
-22.26 -5.28 14.64 .84 -10.32 5.78
-24.12 -15.39 5.70 .49 -10.65 5.76
-24.12 -15.39 5.70 .84 -10.32 5.78
-15.54 -22.21 -5.88 .49 -10.65 5.76
-15.54 -22.21 -5.88 1.21 -9.74 6.63
-19.51 -35.46 -7.63 1.21 -9.74 6.63
-19.51 -35.46 -7.63 2.40 -7.49 6.29
-13.59 -29.00 -14.43 2.40 -7.49 6.29
-13.59 -29.00 -14.43 -.34 -6.46 3.72
-7.82 -24.55 -16.58 -.34 -6.46 3.72
-7.82 -24.55 -16.58 -2.63 -5.15 1.82
-1.65 -17.88 -17.75 -2.63 -5.15 1.82
-1.65 -17.88 -17.75 -3.92 -3.47 .20
5.40 -11.29 -14.80 -3.92 -3.47 .20
5.40 -11.29 -14.80 -2.91 -1.85 -.36
8.98 -9.24 -10.33 -2.91 -1.85 -.36
8.98 -9.24 -10.33 -.11 -.04 .03
7.91 -8.97 -5.82 -.11 -.04 .03
7.91 -8.97 -5.82 1.84 .97 .03
6.66 -6.79 -2.67 1.84 .97 .03
6.66 -6.79 -2.67 1.41 1.40 -.46
6.36 -6.09 -.24 1.41 1.40 -.46
6.36 -6.09 -.24 .44 1.22 -.29
6.76 -7.62 .50 .44 1.22 -.29
6.76 -7.62 .50 -.36 .88 -.15
6.96 -8.19 .43 -.36 .88 -.15
6.96 -8.19 .43 -.32 .56 -.09
6.33 -8.44 .82 -.32 .56 -.09
6.33 -8.44 .82 .07 .36 -.03
5.53 -8.28 .25 .17 .25 -.05
5.53 -8.28 .25 .07 .36 -.03
5.27 -8.06 .84 .17 .25 -.05
5.27 -8.06 .84 .05 .25 .03
4.79 -8.62 .83 .05 .25 .03
4.79 -8.62 .83 .00 .32 .06
4.64 -8.70 .66 .00 .32 .06
4.64 -8.70 .66 -.13 .31 .06
4.49 -8.64 .84 -.13 .31 .06
4.49 -8.64 .84 -.44 .36 .06
4.43 -8.98 .51 -.44 .36 .06
