4.43 -8.98 .51 -.59 .43 .01
-4.45 4.31 26.85 .38 -1.31 .82
-4.45 4.31 26.85 .95 -2.38 2.01
-6.85 7.00 30.82 .95 -2.38 2.01
-6.85 7.00 30.82 2.34 -4.10 3.63
-10.00 10.32 27.50 2.34 -4.10 3.63
-10.00 10.32 27.50 3.52 -6.49 5.32
-13.81 5.21 25.51 3.52 -6.49 5.32
-13.81 5.21 25.51 2.23 -8.55 5.82
-21.76 -3.69 15.38 2.23 -8.55 5.82
-21.76 -3.69 15.38 -2.04 -10.09 5.75
-26.59 -18.61 -1.56 -1.74 -10.76 4.66
-26.59 -18.61 -1.56 -2.04 -10.09 5.75
-22.75 -31.29 -11.73 -1.74 -10.76 4.66
-22.75 -31.29 -11.73 1.48 -9.50 5.28
-16.03 -24.05 -16.80 1.90 -7.63 4.33
-16.03 -24.05 -16.80 1.48 -9.50 5.28
-10.50 -19.73 -18.32 1.90 -7.63 4.33
-10.50 -19.73 -18.32 .10 -5.39 2.54
-6.17 -19.14 -17.73 .10 -5.39 2.54
-6.17 -19.14 -17.73 -1.13 -3.47 1.66
.44 -13.80 -14.90 -1.13 -3.47 1.66
.44 -13.80 -14.90 -1.48 -1.95 .27
6.03 -11.48 -10.84 -.35 -.84 .18
6.03 -11.48 -10.84 -1.48 -1.95 .27
6.62 -10.50 -7.40 -.35 -.84 .18
5.60 -8.82 -3.74 .93 .33 .02
6.62 -10.50 -7.40 .93 .33 .02
5.60 -8.82 -3.74 .67 .58 -.67
5.37 -7.46 -2.34 .67 .58 -.67
5.37 -7.46 -2.34 .20 .54 -.59
5.66 -8.52 -1.60 .20 .54 -.59
5.66 -8.52 -1.60 -.02 .37 -.35
5.84 -9.23 -.95 -.02 .37 -.35
5.84 -9.23 -.95 -.12 .30 -.26
5.53 -9.36 -.93 -.12 .30 -.26
5.53 -9.36 -.93 -.13 .24 -.23
5.28 -9.71 -.63 -.13 .24 -.23
5.28 -9.71 -.63 -.14 .27 -.21
4.68 -9.97 -.42 -.14 .27 -.21
4.68 -9.97 -.42 -.08 .34 -.20
4.35 -9.77 .00 -.08 .34 -.20
4.35 -9.77 .00 -.02 .34 -.23
4.48 -9.89 .48 -.10 .37 -.26
4.48 -9.89 .48 -.02 .34 -.23
4.73 -9.70 .45 -.11 .38 -.33
4.73 -9.70 .45 -.10 .37 -.26
4.70 -9.72 .91 -.11 .38 -.33
4.70 -9.72 .91 .06 .51 -.39
