4.67 -9.24 1.19 .06 .51 -.39
4.67 -9.24 1.19 .26 .51 -.40
-1.49 -5.26 17.76 .47 .03 .05
-1.49 -5.26 17.76 .93 -.34 .39
-4.54 -1.93 28.06 .93 -.34 .39
-4.54 -1.93 28.06 1.82 -1.25 1.21
-7.37 12.60 32.13 1.82 -1.25 1.21
-7.37 12.60 32.13 3.07 -3.34 3.93
-8.88 20.53 30.85 3.07 -3.34 3.93
-8.88 20.53 30.85 2.40 -6.48 5.85
-13.42 12.80 29.54 .68 -9.35 6.21
-13.42 12.80 29.54 2.40 -6.48 5.85
-25.64 -11.02 17.15 .68 -9.35 6.21
-25.64 -11.02 17.15 .39 -10.98 5.28
-41.20 -27.15 1.06 .39 -10.98 5.28
-41.20 -27.15 1.06 -.43 -10.31 5.10
-20.87 -37.91 -14.21 -.43 -10.31 5.10
-20.87 -37.91 -14.21 .91 -9.35 4.34
-12.69 -26.83 -21.64 .91 -9.35 4.34
-12.69 -26.83 -21.64 -.93 -7.96 1.95
-3.51 -18.11 -20.35 -.93 -7.96 1.95
-3.51 -18.11 -20.35 -.47 -5.49 1.05
1.32 -13.62 -17.81 -.47 -5.49 1.05
1.32 -13.62 -17.81 -.90 -3.54 .50
8.18 -8.58 -13.22 -.90 -3.54 .50
8.18 -8.58 -13.22 -.39 -1.83 .32
8.94 -8.48 -9.61 -.39 -1.83 .32
8.94 -8.48 -9.61 .51 -.14 .43
5.40 -8.51 -6.67 .51 -.14 .43
5.40 -8.51 -6.67 .69 .55 .00
5.34 -8.20 -3.87 .69 .55 .00
5.34 -8.20 -3.87 .61 .51 .01
6.61 -8.69 -2.05 .61 .51 .01
6.61 -8.69 -2.05 .61 .39 .03
6.48 -8.80 -1.23 .61 .39 .03
6.48 -8.80 -1.23 .80 .33 -.06
6.06 -8.30 -1.11 .80 .33 -.06
6.06 -8.30 -1.11 .72 .23 -.25
5.71 -8.00 -.70 .72 .23 -.25
5.71 -8.00 -.70 .50 .30 -.20
5.88 -8.10 -.44 .41 .32 -.10
5.88 -8.10 -.44 .50 .30 -.20
5.92 -8.01 .04 .41 .32 -.10
5.92 -8.01 .04 .31 .40 -.08
5.35 -8.30 .26 .31 .40 -.08
5.35 -8.30 .26 .09 .49 -.13
5.19 -8.44 .79 -.07 .52 -.15
5.19 -8.44 .79 .09 .49 -.13
