5.28 -8.65 1.49 -.07 .52 -.15
5.28 -8.65 1.49 -.05 .57 -.18
5.40 -8.46 2.27 -.05 .57 -.18
5.40 -8.46 2.27 .07 .58 -.19
-3.66 -1.59 19.17 .25 -.24 -.11
-3.66 -1.59 19.17 -.31 -.21 .30
-7.09 2.90 25.91 -.31 -.21 .30
-7.09 2.90 25.91 .57 -.94 1.84
-10.15 5.43 28.01 .57 -.94 1.84
-10.15 5.43 28.01 3.86 -2.53 4.52
-9.34 9.58 27.70 3.86 -2.53 4.52
-9.34 9.58 27.70 5.33 -5.08 5.23
-12.37 9.39 26.92 5.33 -5.08 5.23
-12.37 9.39 26.92 3.30 -6.94 6.72
-22.89 -9.87 16.54 -.19 -9.02 6.27
-22.89 -9.87 16.54 3.30 -6.94 6.72
-26.53 -28.74 .91 -.19 -9.02 6.27
-26.53 -28.74 .91 -.63 -9.31 5.30
-13.47 -31.94 -11.53 -.63 -9.31 5.30
-13.47 -31.94 -11.53 5.11 -8.59 5.92
-11.03 -25.19 -16.65 5.11 -8.59 5.92
-11.03 -25.19 -16.65 4.62 -6.20 5.20
-5.43 -18.56 -13.26 4.62 -6.20 5.20
-5.43 -18.56 -13.26 -.37 -4.41 3.23
-1.85 -20.14 -13.27 -.37 -4.41 3.23
-1.85 -20.14 -13.27 -2.85 -2.64 1.96
2.94 -15.80 -12.94 -2.85 -2.64 1.96
2.94 -15.80 -12.94 -1.97 -1.22 .75
5.02 -13.55 -9.60 -1.97 -1.22 .75
5.02 -13.55 -9.60 .09 .00 .66
4.87 -11.65 -5.01 .09 .00 .66
4.87 -11.65 -5.01 .97 .44 .07
4.93 -8.72 -.81 .97 .44 .07
4.93 -8.72 -.81 .75 .44 -.23
5.30 -7.42 1.00 .75 .44 -.23
5.30 -7.42 1.00 -.17 .25 -.16
5.97 -8.14 1.17 -.17 .25 -.16
5.97 -8.14 1.17 -1.04 .15 -.14
5.44 -9.51 .89 -1.04 .15 -.14
5.44 -9.51 .89 -1.15 .17 -.17
4.56 -9.99 1.02 -1.15 .17 -.17
4.56 -9.99 1.02 -.46 .13 -.18
4.16 -9.49 1.55 -.46 .13 -.18
4.16 -9.49 1.55 .11 .09 -.16
3.95 -9.57 2.00 .11 .09 -.16
3.95 -9.57 2.00 .34 .13 -.16
3.73 -9.50 2.63 .34 .13 -.16
3.73 -9.50 2.63 -.01 .16 -.24
3.69 -9.24 3.04 -.01 .16 -.24
3.69 -9.24 3.04 -.41 .13 -.26
3.96 -9.62 2.86 -.41 .13 -.26
3.96 -9.62 2.86 -.65 .14 -.29
4.03 -9.83 2.62 -.51 .20 -.34
