4.03 -9.83 2.62 -.65 .14 -.29
-2.24 -2.62 18.91 .42 -.23 -.38
-2.24 -2.62 18.91 1.01 -.77 .16
-5.20 5.81 27.32 1.01 -.77 .16
-5.20 5.81 27.32 2.40 -1.79 1.85
-9.30 7.26 30.96 2.40 -1.79 1.85
-9.30 7.26 30.96 4.60 -3.27 4.52
-11.82 13.36 28.41 4.60 -3.27 4.52
-11.82 13.36 28.41 4.62 -5.77 5.93
-17.46 8.79 26.66 4.62 -5.77 5.93
-17.46 8.79 26.66 2.59 -7.78 7.72
-31.78 -7.53 20.28 2.59 -7.78 7.72
-31.78 -7.53 20.28 -1.30 -9.98 5.81
-33.40 -38.24 4.03 -1.30 -9.98 5.81
-33.40 -38.24 4.03 -.76 -10.52 4.11
-13.93 -29.71 -9.48 -.76 -10.52 4.11
-13.93 -29.71 -9.48 3.39 -9.75 4.78
-15.40 -23.32 -13.39 3.39 -9.75 4.78
-15.40 -23.32 -13.39 2.08 -7.80 3.43
-8.51 -16.80 -16.69 2.08 -7.80 3.43
-8.51 -16.80 -16.69 -1.05 -6.87 2.33
-4.06 -15.07 -17.34 -1.05 -6.87 2.33
.03 -12.91 -15.44 -2.77 -5.34 1.32
-4.06 -15.07 -17.34 -2.77 -5.34 1.32
.03 -12.91 -15.44 -1.68 -3.54 .62
2.86 -11.50 -12.21 -1.68 -3.54 .62
2.86 -11.50 -12.21 .44 -1.96 .81
4.17 -9.08 -9.48 .44 -1.96 .81
4.17 -9.08 -9.48 1.11 -.85 .43
3.99 -7.52 -6.76 1.11 -.85 .43
3.99 -7.52 -6.76 .61 -.16 .15
3.84 -8.27 -4.29 .61 -.16 .15
3.84 -8.27 -4.29 .03 .10 .11
4.61 -8.46 -2.89 -.17 .20 .06
4.61 -8.46 -2.89 .03 .10 .11
5.44 -8.61 -2.41 -.17 .20 .06
5.44 -8.61 -2.41 .16 .26 .03
5.55 -8.55 -1.59 .16 .26 .03
5.55 -8.55 -1.59 .52 .37 .01
4.91 -8.88 -.55 .52 .37 .01
4.91 -8.88 -.55 .53 .50 -.06
4.46 -9.10 -.07 .29 .45 -.12
4.46 -9.10 -.07 .53 .50 -.06
4.63 -9.11 .23 .29 .45 -.12
4.63 -9.11 .23 .03 .35 -.09
5.05 -9.07 .08 .03 .35 -.09
5.05 -9.07 .08 -.13 .30 -.06
5.04 -9.52 .94 -.13 .30 -.06
5.04 -9.52 .94 -.17 .37 -.06
