4.58 -9.98 1.49 -.17 .37 -.06
4.58 -9.98 1.49 -.12 .29 -.13
-5.51 4.30 22.79 1.13 -.55 .31
-5.51 4.30 22.79 3.23 -1.26 1.83
-7.58 11.49 27.91 3.23 -1.26 1.83
-7.58 11.49 27.91 5.41 -2.52 3.90
-8.68 16.84 27.18 5.41 -2.52 3.90
-8.68 16.84 27.18 5.97 -4.50 5.66
-10.02 18.56 26.89 5.97 -4.50 5.66
-10.02 18.56 26.89 3.15 -6.27 7.53
-20.17 4.94 20.65 3.15 -6.27 7.53
-20.17 4.94 20.65 -2.47 -8.49 8.90
-31.82 -18.99 1.82 -2.47 -8.49 8.90
-31.82 -18.99 1.82 -4.22 -9.93 6.29
-27.43 -33.36 -4.25 -4.22 -9.93 6.29
-27.43 -33.36 -4.25 -.96 -9.96 6.47
-18.22 -29.47 -9.99 -.96 -9.96 6.47
-18.22 -29.47 -9.99 4.66 -7.36 5.50
-15.90 -22.76 -14.39 4.66 -7.36 5.50
-15.90 -22.76 -14.39 2.11 -5.70 4.39
-7.55 -18.85 -14.58 2.11 -5.70 4.39
-7.55 -18.85 -14.58 -2.85 -4.64 2.92
-1.99 -16.28 -15.18 -2.85 -4.64 2.92
-1.99 -16.28 -15.18 -4.74 -3.26 .89
2.94 -15.24 -13.29 -4.74 -3.26 .89
2.94 -15.24 -13.29 -1.83 -1.75 .20
4.06 -14.43 -10.01 -1.83 -1.75 .20
4.06 -14.43 -10.01 1.82 -.31 .14
4.84 -9.33 -5.53 1.82 -.31 .14
4.84 -9.33 -5.53 2.47 .19 -.53
4.52 -6.53 -1.97 2.47 .19 -.53
4.52 -6.53 -1.97 1.14 .34 -.67
5.14 -7.68 -1.55 1.14 .34 -.67
5.14 -7.68 -1.55 -.20 .10 -.46
5.79 -9.53 -1.07 -.20 .10 -.46
5.79 -9.53 -1.07 -.59 .12 -.25
5.76 -9.84 -.61 -.25 .07 -.27
5.76 -9.84 -.61 -.59 .12 -.25
4.80 -9.53 .22 -.25 .07 -.27
4.80 -9.53 .22 -.02 .13 -.34
4.36 -9.75 -.27 -.02 .13 -.34
4.36 -9.75 -.27 .05 .11 -.31
4.41 -9.60 .21 .05 .11 -.31
4.04 -9.82 .58 -.15 .14 -.25
4.41 -9.60 .21 -.15 .14 -.25
4.04 -9.82 .58 -.58 .25 -.28
4.17 -9.53 .60 -.58 .25 -.28
4.17 -9.53 .60 -.93 .31 -.33
4.36 -9.82 1.24 -.93 .31 -.33
4.36 -9.82 1.24 -.81 .49 -.36
3.95 -10.35 .88 -.81 .49 -.36
