3.95 -10.35 .88 -.31 .54 -.42
-2.70 -4.35 18.41 .94 -.35 .52
-2.70 -4.35 18.41 1.48 -.98 1.02
-4.18 -1.22 23.89 1.48 -.98 1.02
-4.18 -1.22 23.89 2.42 -2.09 1.86
-5.14 6.86 23.00 4.56 -3.92 3.78
-5.14 6.86 23.00 2.42 -2.09 1.86
-6.68 5.63 20.76 4.56 -3.92 3.78
-6.68 5.63 20.76 4.89 -5.95 4.79
-9.84 3.27 22.68 4.89 -5.95 4.79
-9.84 3.27 22.68 2.59 -7.71 5.67
-19.81 -3.41 11.69 -2.29 -9.41 5.46
-19.81 -3.41 11.69 2.59 -7.71 5.67
-19.72 -20.33 .07 -2.29 -9.41 5.46
-19.72 -20.33 .07 -1.37 -9.61 4.22
-15.44 -26.79 -6.38 -1.37 -9.61 4.22
-15.44 -26.79 -6.38 2.67 -8.23 4.56
-13.66 -23.12 -10.87 2.67 -8.23 4.56
-13.66 -23.12 -10.87 3.09 -6.53 4.10
-7.36 -15.83 -14.83 3.09 -6.53 4.10
-7.36 -15.83 -14.83 -1.65 -5.57 2.50
-2.97 -17.16 -16.49 -1.65 -5.57 2.50
-2.97 -17.16 -16.49 -4.10 -4.10 1.61
2.37 -15.12 -15.27 -2.87 -2.47 .55
2.37 -15.12 -15.27 -4.10 -4.10 1.61
4.86 -13.33 -10.91 -2.87 -2.47 .55
4.86 -13.33 -10.91 .40 -.64 .49
4.30 -10.99 -6.91 .40 -.64 .49
4.30 -10.99 -6.91 1.84 .47 .02
4.51 -9.10 -4.50 1.84 .47 .02
4.51 -9.10 -4.50 1.34 .75 -.38
5.04 -8.99 -2.07 .52 .68 -.32
5.04 -8.99 -2.07 1.34 .75 -.38
5.48 -9.03 -.50 .52 .68 -.32
5.48 -9.03 -.50 -.04 .53 -.34
5.82 -9.00 .07 -.04 .53 -.34
5.82 -9.00 .07 -.14 .36 -.36
5.49 -8.91 .16 -.14 .36 -.36
5.49 -8.91 .16 -.05 .35 -.35
5.08 -8.70 .11 -.05 .35 -.35
5.08 -8.70 .11 .03 .34 -.31
4.56 -9.07 .76 .03 .34 -.31
4.56 -9.07 .76 -.08 .35 -.24
4.14 -9.35 .75 -.08 .35 -.24
4.14 -9.35 .75 -.30 .29 -.26
4.24 -9.57 1.18 -.30 .29 -.26
4.24 -9.57 1.18 -.44 .25 -.28
4.32 -9.73 1.07 -.44 .25 -.28
4.32 -9.73 1.07 -.33 .27 -.35
4.35 -9.39 1.36 -.33 .27 -.35
