4.35 -9.39 1.36 -.18 .31 -.38
-6.16 7.24 28.86 2.54 -.70 1.98
-6.16 7.24 28.86 4.06 -2.11 3.61
-7.89 10.74 30.04 4.06 -2.11 3.61
-7.89 10.74 30.04 4.10 -4.64 4.84
-10.91 13.28 28.66 4.10 -4.64 4.84
-10.91 13.28 28.66 2.93 -7.20 6.76
-22.13 -2.17 18.95 2.93 -7.20 6.76
-30.47 -17.85 4.41 .21 -9.43 6.95
-22.13 -2.17 18.95 .21 -9.43 6.95
-30.47 -17.85 4.41 -1.62 -10.06 6.02
-24.49 -30.93 -1.52 -1.62 -10.06 6.02
-24.49 -30.93 -1.52 .09 -9.35 5.67
-17.87 -25.03 -12.73 .09 -9.35 5.67
-17.87 -25.03 -12.73 -.15 -7.99 4.44
-9.38 -20.02 -17.81 -.15 -7.99 4.44
-9.38 -20.02 -17.81 -2.42 -6.28 2.51
-3.20 -16.19 -17.89 -2.42 -6.28 2.51
-3.20 -16.19 -17.89 -3.62 -4.43 1.58
1.59 -14.33 -15.78 -3.62 -4.43 1.58
1.59 -14.33 -15.78 -2.58 -2.26 .46
3.48 -12.91 -10.70 -2.58 -2.26 .46
3.48 -12.91 -10.70 .07 -.34 .53
4.03 -10.60 -6.81 .07 -.34 .53
4.03 -10.60 -6.81 .90 .49 .02
5.41 -9.09 -3.26 .90 .49 .02
5.41 -9.09 -3.26 .38 .68 -.32
5.78 -9.12 -.85 .38 .68 -.32
5.78 -9.12 -.85 -.04 .57 -.30
6.02 -8.37 .32 -.04 .57 -.30
6.02 -8.37 .32 -.12 .35 -.55
5.31 -8.64 .69 -.07 .29 -.44
5.31 -8.64 .69 -.12 .35 -.55
5.33 -8.40 .01 -.32 .04 -.42
5.33 -8.40 .01 -.07 .29 -.44
5.15 -8.34 .28 -.32 .04 -.42
5.15 -8.34 .28 -.39 .01 -.31
4.84 -8.98 -.52 -.39 .01 -.31
4.84 -8.98 -.52 -.27 .09 -.26
4.72 -9.36 -.02 -.27 .09 -.26
4.72 -9.36 -.02 -.13 .18 -.19
4.44 -9.34 .93 -.13 .18 -.19
4.44 -9.34 .93 -.02 .28 -.18
4.34 -9.68 1.11 -.02 .28 -.18
4.34 -9.68 1.11 -.06 .36 -.21
4.64 -9.56 1.14 -.06 .36 -.21
4.64 -9.56 1.14 -.24 .37 -.29
4.71 -9.51 1.85 -.24 .37 -.29
