4.71 -9.51 1.85 -.32 .43 -.35
4.72 -9.63 1.44 -.32 .43 -.35
4.72 -9.63 1.44 -.23 .47 -.44
-2.98 .45 20.33 .47 -.48 1.28
-2.98 .45 20.33 1.51 -1.43 2.17
-6.35 5.95 28.41 2.04 -3.25 3.39
-6.35 5.95 28.41 1.51 -1.43 2.17
-8.17 7.20 25.75 2.04 -3.25 3.39
-8.17 7.20 25.75 2.98 -5.38 5.38
-9.50 3.01 19.54 2.98 -5.38 5.38
-9.50 3.01 19.54 2.77 -7.11 5.47
-15.74 -8.57 15.50 2.77 -7.11 5.47
-15.74 -8.57 15.50 1.36 -8.43 4.90
-21.58 -15.44 6.49 -1.00 -9.09 5.61
-21.58 -15.44 6.49 1.36 -8.43 4.90
-15.26 -23.66 -5.05 -1.00 -9.09 5.61
-15.26 -23.66 -5.05 1.49 -8.07 4.65
-15.55 -29.26 -6.98 1.49 -8.07 4.65
-15.55 -29.26 -6.98 2.26 -6.98 4.42
-11.37 -21.56 -9.21 2.26 -6.98 4.42
-11.37 -21.56 -9.21 -.84 -6.33 2.36
-4.96 -19.54 -11.91 -.84 -6.33 2.36
-4.96 -19.54 -11.91 -2.66 -5.25 1.12
2.36 -14.07 -14.22 -2.66 -5.25 1.12
6.94 -10.90 -12.27 -2.66 -3.90 .02
2.36 -14.07 -14.22 -2.66 -3.90 .02
6.94 -10.90 -12.27 -1.07 -2.36 -.09
6.09 -9.31 -7.83 -1.07 -2.36 -.09
6.09 -9.31 -7.83 .20 -.71 -.35
5.22 -8.66 -4.63 .20 -.71 -.35
5.22 -8.66 -4.63 .06 -.10 -.30
6.21 -7.96 -3.65 .06 -.10 -.30
6.21 -7.96 -3.65 -.37 .14 -.26
5.75 -8.36 -2.30 -.43 .35 -.34
5.75 -8.36 -2.30 -.37 .14 -.26
5.03 -8.92 -1.03 -.43 .35 -.34
5.03 -8.92 -1.03 -.12 .36 -.41
5.21 -8.62 -.69 -.12 .36 -.41
5.21 -8.62 -.69 .42 .17 -.46
5.32 -7.96 -.46 .62 .11 -.45
5.32 -7.96 -.46 .42 .17 -.46
5.23 -7.55 -.39 .62 .11 -.45
5.23 -7.55 -.39 .36 .08 -.43
5.06 -7.60 .21 -.01 .11 -.33
5.06 -7.60 .21 .36 .08 -.43
4.91 -8.20 -.35 -.24 .14 -.29
4.91 -8.20 -.35 -.01 .11 -.33
5.00 -8.14 -.16 -.24 .14 -.29
5.00 -8.14 -.16 -.12 .26 -.17
4.85 -8.42 1.05 -.12 .26 -.17
4.85 -8.42 1.05 -.01 .38 -.13
4.78 -8.29 1.02 -.01 .38 -.13
