4.78 -8.29 1.02 -.02 .43 -.17
-3.71 2.61 21.38 2.19 -.53 1.06
-3.71 2.61 21.38 2.06 -1.40 1.69
-5.16 9.84 27.97 2.06 -1.40 1.69
-5.16 9.84 27.97 2.72 -3.29 3.52
-6.78 11.81 28.27 2.72 -3.29 3.52
-6.78 11.81 28.27 2.82 -5.51 5.08
-9.48 13.86 24.22 2.82 -5.51 5.08
-9.48 13.86 24.22 1.62 -7.66 6.50
-18.84 2.02 16.81 1.62 -7.66 6.50
-28.27 -21.28 6.01 -1.05 -9.44 6.90
-18.84 2.02 16.81 -1.05 -9.44 6.90
-24.52 -29.00 -5.93 -1.70 -9.95 5.13
-28.27 -21.28 6.01 -1.70 -9.95 5.13
-24.52 -29.00 -5.93 -3.40 -9.84 5.34
-15.96 -29.36 -11.72 -3.40 -9.84 5.34
-15.96 -29.36 -11.72 -.34 -7.69 2.76
-7.69 -20.95 -17.29 -.34 -7.69 2.76
-7.69 -20.95 -17.29 .35 -5.98 1.53
-.85 -14.31 -16.23 .35 -5.98 1.53
-.85 -14.31 -16.23 -.49 -4.01 .78
4.72 -10.53 -12.47 -.49 -4.01 .78
4.72 -10.53 -12.47 -1.37 -2.09 .43
5.17 -9.99 -7.61 -1.37 -2.09 .43
5.17 -9.99 -7.61 -.66 -.29 .25
4.26 -9.95 -5.05 -.66 -.29 .25
4.26 -9.95 -5.05 .02 .46 .09
5.41 -9.02 -3.00 .02 .46 .09
5.41 -9.02 -3.00 .14 .54 -.08
5.07 -9.03 .00 .14 .54 -.08
5.07 -9.03 .00 .17 .43 -.23
4.93 -8.57 1.00 .17 .43 -.23
4.93 -8.57 1.00 .39 .10 -.43
5.37 -8.03 1.02 .39 .10 -.43
5.37 -8.03 1.02 .54 -.01 -.41
5.16 -7.60 .47 .54 -.01 -.41
5.16 -7.60 .47 .22 -.10 -.39
4.81 -7.34 .57 .22 -.10 -.39
4.81 -7.34 .57 -.17 -.07 -.26
4.67 -7.66 -.06 -.17 -.07 -.26
4.67 -7.66 -.06 -.46 .02 -.11
4.65 -8.17 -.27 -.54 .16 -.05
4.65 -8.17 -.27 -.46 .02 -.11
4.41 -8.47 .09 -.54 .16 -.05
4.41 -8.47 .09 -.44 .30 -.01
4.46 -9.01 .79 -.44 .30 -.01
