6.19 -8.08 .05 .13 .21 -.28
6.19 -8.08 .05 .10 .23 -.28
5.31 -8.20 .29 .10 .23 -.28
5.31 -8.20 .29 .01 .25 -.31
5.18 -8.20 .59 .01 .25 -.31
5.18 -8.20 .59 .08 .26 -.29
5.23 -8.06 .88 .16 .36 -.24
5.23 -8.06 .88 .08 .26 -.29
4.79 -8.44 1.48 .16 .36 -.24
4.79 -8.44 1.48 .25 .42 -.20
4.56 -8.21 1.78 .32 .38 -.20
4.56 -8.21 1.78 .25 .42 -.20
-2.29 -4.27 13.23 -.47 2.42 -2.06
-2.29 -4.27 13.23 -.93 2.15 -1.63
-2.21 10.00 18.22 -.93 2.15 -1.63
-2.21 10.00 18.22 .62 1.83 .08
-3.41 7.08 26.77 .62 1.83 .08
-3.41 7.08 26.77 3.06 .22 1.62
-4.03 21.26 29.81 3.06 .22 1.62
-4.03 21.26 29.81 4.30 -2.42 3.77
-7.60 25.65 25.31 4.30 -2.42 3.77
-7.60 25.65 25.31 3.48 -4.81 7.59
-14.85 8.32 21.46 3.48 -4.81 7.59
-14.85 8.32 21.46 .60 -6.70 7.06
-18.73 -12.09 12.77 .12 -8.68 4.78
-18.73 -12.09 12.77 .60 -6.70 7.06
-22.49 -30.49 3.56 .12 -8.68 4.78
-22.49 -30.49 3.56 -1.20 -8.95 5.99
-12.68 -29.49 -11.18 -1.20 -8.95 5.99
-12.68 -29.49 -11.18 -.40 -9.02 5.10
-8.03 -31.18 -20.23 -.25 -6.85 2.82
-8.03 -31.18 -20.23 -.40 -9.02 5.10
-2.27 -23.90 -16.23 1.43 -4.98 1.84
-2.27 -23.90 -16.23 -.25 -6.85 2.82
-.61 -18.14 -13.26 1.43 -4.98 1.84
-.61 -18.14 -13.26 -.28 -3.57 .61
4.53 -12.62 -10.90 -.28 -3.57 .61
4.53 -12.62 -10.90 -1.68 -2.42 -.14
8.03 -10.40 -9.32 -1.68 -2.42 -.14
8.03 -10.40 -9.32 -1.83 -1.38 -.12
9.08 -10.14 -5.83 -.97 -.24 -.38
9.08 -10.14 -5.83 -1.83 -1.38 -.12
7.73 -10.91 -3.77 -.97 -.24 -.38
7.73 -10.91 -3.77 .76 .47 -.49
9.86 -11.26 .58 1.14 .55 .06
9.86 -11.26 .58 .76 .47 -.49
5.87 -8.58 .49 .26 .79 -.96
5.87 -8.58 .49 1.14 .55 .06
3.54 -8.42 -.09 .26 .79 -.96
3.54 -8.42 -.09 -.74 .66 -.97
5.66 -9.34 -.13 -.74 .66 -.97
5.66 -9.34 -.13 -.15 .53 -1.03
4.29 -8.11 .90 -.15 .53 -1.03
4.29 -8.11 .90 .95 .57 -1.00
3.95 -6.25 1.34 .95 .57 -1.00
3.95 -6.25 1.34 .90 .40 -1.00
4.52 -5.49 1.88 .90 .40 -1.00
4.52 -5.49 1.88 .22 .36 -.80
5.05 -6.51 1.91 .22 .36 -.80
5.05 -6.51 1.91 -.27 .31 -.60
