4.46 -9.01 .79 -.19 .39 -.02
4.31 -8.82 1.64 -.19 .39 -.02
4.31 -8.82 1.64 -.15 .45 -.07
4.41 -9.27 1.87 -.25 .51 -.14
4.41 -9.27 1.87 -.15 .45 -.07
-1.82 1.94 18.15 .00 -.73 .09
-1.82 1.94 18.15 .72 -1.41 .87
-5.42 12.77 23.79 .72 -1.41 .87
-5.42 12.77 23.79 3.36 -2.52 3.60
-9.09 19.88 28.19 4.46 -3.85 5.88
-9.09 19.88 28.19 3.36 -2.52 3.60
-13.45 23.04 27.60 4.46 -3.85 5.88
-13.45 23.04 27.60 2.48 -5.22 7.72
-22.70 12.54 25.39 2.48 -5.22 7.72
-22.70 12.54 25.39 -1.21 -7.11 9.35
-32.89 -7.48 14.25 -1.21 -7.11 9.35
-32.89 -7.48 14.25 -3.68 -8.92 7.18
-32.49 -33.46 3.65 -3.68 -8.92 7.18
-32.49 -33.46 3.65 -1.85 -9.74 6.37
-23.20 -30.34 -3.78 -1.85 -9.74 6.37
-23.20 -30.34 -3.78 .26 -9.33 6.31
-19.70 -28.04 -12.30 .26 -9.33 6.31
-19.70 -28.04 -12.30 .63 -7.44 4.17
-10.32 -22.56 -17.06 .63 -7.44 4.17
-10.32 -22.56 -17.06 -1.91 -6.39 2.77
-3.78 -18.23 -16.87 -1.91 -6.39 2.77
-3.78 -18.23 -16.87 -3.21 -4.66 1.28
1.60 -14.98 -15.36 -3.21 -4.66 1.28
1.60 -14.98 -15.36 -2.65 -2.91 .19
4.59 -12.54 -11.84 -2.65 -2.91 .19
4.59 -12.54 -11.84 -.33 -1.15 -.03
5.02 -9.75 -8.12 -.33 -1.15 -.03
5.02 -9.75 -8.12 .80 -.16 -.39
5.15 -7.70 -5.09 .80 -.16 -.39
5.15 -7.70 -5.09 .60 .26 -.62
5.31 -7.71 -2.63 .60 .26 -.62
5.31 -7.71 -2.63 .28 .17 -.48
5.94 -7.67 -1.69 .28 .17 -.48
5.94 -7.67 -1.69 -.02 .01 -.48
5.46 -8.08 -1.54 -.02 .01 -.48
5.46 -8.08 -1.54 -.19 .05 -.54
4.56 -8.79 -1.66 -.19 .05 -.54
4.56 -8.79 -1.66 -.22 .15 -.53
4.24 -9.12 -1.79 -.22 .15 -.53
4.24 -9.12 -1.79 -.06 .29 -.49
4.01 -8.86 -1.15 -.06 .29 -.49
4.01 -8.86 -1.15 .02 .50 -.48
