3.79 -8.67 -.29 .02 .50 -.48
3.79 -8.67 -.29 -.09 .62 -.53
4.38 -9.01 .05 -.09 .62 -.53
4.38 -9.01 .05 -.31 .65 -.57
4.67 -8.86 .56 -.31 .65 -.57
4.67 -8.86 .56 -.38 .72 -.59
4.75 -8.93 1.04 -.38 .72 -.59
4.75 -8.93 1.04 -.60 .83 -.64
-2.46 -2.36 23.98 .24 1.19 -1.24
-2.46 -2.36 23.98 .63 .55 -.25
-6.21 8.15 35.66 .63 .55 -.25
-6.21 8.15 35.66 4.35 -2.67 3.72
-12.82 12.78 27.23 4.35 -2.67 3.72
-12.82 12.78 27.23 4.07 -5.62 4.47
-15.69 8.48 33.16 4.07 -5.62 4.47
-15.69 8.48 33.16 4.77 -8.68 6.16
-21.95 -2.80 25.07 4.77 -8.68 6.16
-21.95 -2.80 25.07 2.53 -10.47 6.38
-29.88 -29.33 2.79 2.53 -10.47 6.38
-29.88 -29.33 2.79 2.12 -10.15 4.62
-25.00 -50.98 -13.01 7.10 -8.78 5.99
-25.00 -50.98 -13.01 2.12 -10.15 4.62
-19.63 -34.01 -19.32 7.10 -8.78 5.99
-19.63 -34.01 -19.32 3.38 -8.04 2.58
-8.23 -28.81 -21.00 3.38 -8.04 2.58
-8.23 -28.81 -21.00 -.26 -7.47 .74
.15 -17.95 -22.94 -1.37 -5.78 -.67
.15 -17.95 -22.94 -.26 -7.47 .74
11.43 -8.76 -20.16 -1.37 -5.78 -.67
11.43 -8.76 -20.16 -.48 -3.78 -.71
17.91 -5.16 -15.89 -.48 -3.78 -.71
17.91 -5.16 -15.89 .57 -1.28 -.46
10.09 -5.95 -10.18 .57 -1.28 -.46
10.09 -5.95 -10.18 .97 .83 -.96
11.20 -5.67 -4.47 .97 .83 -.96
11.20 -5.67 -4.47 .11 .91 -.32
17.01 -8.50 -3.50 .11 .91 -.32
17.01 -8.50 -3.50 -.89 .77 .42
5.30 -10.37 -2.61 -.89 .77 .42
5.30 -10.37 -2.61 -1.12 1.62 -.78
2.95 -9.17 -2.42 -1.12 1.62 -.78
2.95 -9.17 -2.42 -1.50 .79 -1.43
6.34 -8.99 -1.35 -1.50 .79 -1.43
6.34 -8.99 -1.35 -.62 .35 -.73
6.40 -7.97 -.63 .37 .55 -.75
6.40 -7.97 -.63 -.62 .35 -.73
4.45 -6.05 .05 .37 .55 -.75
4.45 -6.05 .05 .18 .63 -1.06
4.23 -4.81 .42 .18 .63 -1.06
4.23 -4.81 .42 -.59 .48 -1.04
4.59 -4.92 .62 -.59 .48 -1.04
4.59 -4.92 .62 -.98 .46 -.90
8.90 -5.30 1.35 -.98 .46 -.90
8.90 -5.30 1.35 -.91 .19 -.48
11.97 -6.38 1.49 -.91 .19 -.48
11.97 -6.38 1.49 -.65 .44 -.12
4.80 -5.99 2.18 -.65 .44 -.12
