4.80 -5.99 2.18 -.24 1.25 -.73
-1.15 3.69 29.17 .87 .41 -.24
-1.15 3.69 29.17 3.17 -.70 .79
-3.57 13.11 35.84 3.17 -.70 .79
-3.57 13.11 35.84 4.51 -3.47 3.58
-4.04 18.91 29.91 4.51 -3.47 3.58
-4.04 18.91 29.91 4.20 -6.20 5.41
-9.39 7.32 25.29 4.20 -6.20 5.41
-9.39 7.32 25.29 2.14 -8.52 5.89
-19.31 -6.53 17.31 2.14 -8.52 5.89
-19.31 -6.53 17.31 .63 -10.20 4.31
-30.82 -22.87 1.66 .63 -10.20 4.31
-30.82 -22.87 1.66 .53 -10.42 4.33
-16.70 -27.77 -14.36 .53 -10.42 4.33
-16.70 -27.77 -14.36 2.26 -9.61 4.87
-13.25 -25.99 -17.91 2.26 -9.61 4.87
-13.25 -25.99 -17.91 .21 -7.27 3.16
-5.10 -21.66 -15.98 .21 -7.27 3.16
-5.10 -21.66 -15.98 -.15 -5.41 2.12
1.33 -20.70 -13.89 -1.86 -3.99 1.80
1.33 -20.70 -13.89 -.15 -5.41 2.12
7.15 -16.21 -12.85 -1.86 -3.99 1.80
7.15 -16.21 -12.85 -1.56 -2.73 .32
8.80 -13.89 -11.20 -1.56 -2.73 .32
8.80 -13.89 -11.20 -.24 -1.60 .24
9.09 -10.43 -10.33 -.24 -1.60 .24
9.09 -10.43 -10.33 -.36 -.59 -.90
5.71 -8.90 -7.76 -.36 -.59 -.90
5.71 -8.90 -7.76 .52 .37 -.65
5.46 -8.14 -6.20 .52 .37 -.65
5.46 -8.14 -6.20 .58 .41 -1.02
5.21 -9.16 -3.71 .58 .41 -1.02
5.21 -9.16 -3.71 .48 .85 -1.00
4.17 -9.30 -2.45 .48 .85 -1.00
4.17 -9.30 -2.45 .58 .78 -1.17
5.74 -7.24 -2.10 .58 .78 -1.17
5.74 -7.24 -2.10 .23 .54 -1.19
6.13 -5.84 -1.52 .23 .54 -1.19
6.13 -5.84 -1.52 -.43 .86 -1.15
5.83 -6.14 -.86 -.43 .86 -1.15
5.83 -6.14 -.86 -.44 1.03 -.95
5.72 -6.20 .16 -.44 1.03 -.95
5.72 -6.20 .16 -.03 1.04 -.82
5.77 -6.13 1.14 -.03 1.04 -.82
5.77 -6.13 1.14 .15 .96 -.77
6.07 -6.10 1.90 .15 .96 -.77
6.07 -6.10 1.90 -.15 .88 -.66
6.07 -6.09 1.45 -.15 .88 -.66
6.07 -6.09 1.45 -.38 .79 -.53
6.06 -5.94 1.25 -.38 .79 -.53
