6.06 -5.94 1.25 -.27 .73 -.40
3.01 .80 18.59 -.20 -.64 .07
3.01 .80 18.59 .02 -1.37 .65
.56 2.95 29.93 .02 -1.37 .65
.56 2.95 29.93 1.41 -2.84 1.94
-3.02 6.46 32.40 1.41 -2.84 1.94
-3.02 6.46 32.40 2.79 -4.93 3.35
-7.88 5.94 17.87 2.79 -4.93 3.35
-7.88 5.94 17.87 4.10 -6.48 4.80
-12.27 -5.87 12.13 4.10 -6.48 4.80
-12.27 -5.87 12.13 5.38 -8.05 3.83
-11.70 -17.44 18.80 5.38 -8.05 3.83
-11.70 -17.44 18.80 5.68 -9.89 4.70
-24.23 -23.02 1.03 5.68 -9.89 4.70
-24.23 -23.02 1.03 1.64 -8.34 4.16
-11.50 -38.16 -15.52 1.64 -8.34 4.16
-11.50 -38.16 -15.52 2.36 -7.55 4.09
-2.33 -23.05 -21.20 2.36 -7.55 4.09
-2.33 -23.05 -21.20 -.69 -4.79 .75
9.59 -15.09 -17.28 -.69 -4.79 .75
9.59 -15.09 -17.28 -1.60 -3.54 1.19
10.98 -11.50 -12.55 -1.60 -3.54 1.19
10.98 -11.50 -12.55 -1.22 -1.35 -.54
7.76 -7.90 -6.82 -1.22 -1.35 -.54
7.76 -7.90 -6.82 -.29 -.24 -.56
7.63 -5.83 -6.11 -.29 -.24 -.56
7.63 -5.83 -6.11 -.28 -.11 -.61
8.69 -5.20 -5.56 -.28 -.11 -.61
8.69 -5.20 -5.56 -.49 .11 -.61
7.72 -6.36 -4.12 -.49 .11 -.61
7.72 -6.36 -4.12 -.52 .61 -.63
6.50 -6.00 -2.31 -.52 .61 -.63
6.50 -6.00 -2.31 .00 .72 -.64
6.64 -5.36 -1.41 .00 .72 -.64
6.64 -5.36 -1.41 .48 .55 -.54
6.83 -5.80 -.68 .48 .55 -.54
6.83 -5.80 -.68 .53 .62 -.44
6.76 -6.24 -.07 .53 .62 -.44
6.76 -6.24 -.07 .40 .66 -.35
7.15 -6.24 .17 .40 .66 -.35
7.15 -6.24 .17 .27 .61 -.27
6.81 -6.04 .53 .27 .61 -.27
6.81 -6.04 .53 .09 .69 -.24
6.42 -6.18 1.54 .09 .69 -.24
6.42 -6.18 1.54 -.18 .66 -.19
6.71 -6.60 1.55 -.18 .66 -.19
6.71 -6.60 1.55 -.24 .49 -.17
7.12 -6.48 1.32 -.11 .43 -.16
7.12 -6.48 1.32 -.24 .49 -.17
6.67 -6.19 1.62 .00 .48 -.13
