6.67 -6.19 1.62 -.11 .43 -.16
.14 4.76 25.16 1.56 -.50 .11
.14 4.76 25.16 2.82 -1.37 1.33
-2.42 14.09 35.16 3.65 -3.48 3.49
-2.42 14.09 35.16 2.82 -1.37 1.33
-4.14 17.34 23.38 3.65 -3.48 3.49
-4.14 17.34 23.38 3.89 -5.68 5.38
-9.95 4.91 13.12 3.96 -6.84 6.75
-9.95 4.91 13.12 3.89 -5.68 5.38
-14.15 -9.82 20.20 3.96 -6.84 6.75
-14.15 -9.82 20.20 3.22 -9.42 4.28
-20.28 -30.33 7.33 3.22 -9.42 4.28
-20.28 -30.33 7.33 .30 -8.68 4.77
-16.07 -40.53 -12.81 .30 -8.68 4.77
-16.07 -40.53 -12.81 2.16 -8.72 4.32
-8.29 -26.11 -18.94 2.16 -8.72 4.32
-8.29 -26.11 -18.94 .40 -6.71 1.54
2.99 -13.11 -16.08 .40 -6.71 1.54
2.99 -13.11 -16.08 -.58 -5.09 1.07
10.21 -12.96 -13.81 -.58 -5.09 1.07
10.21 -12.96 -13.81 -2.28 -3.41 .80
11.42 -9.33 -10.05 -2.28 -3.41 .80
11.42 -9.33 -10.05 -1.51 -1.42 -.30
8.18 -8.93 -7.32 -1.51 -1.42 -.30
8.18 -8.93 -7.32 .91 -.46 -.56
9.15 -4.14 -5.48 .91 -.46 -.56
9.15 -4.14 -5.48 .20 -.12 -.61
8.94 -5.38 -3.05 .20 -.12 -.61
8.94 -5.38 -3.05 -.27 .40 -.49
7.76 -5.99 -2.29 -.27 .40 -.49
7.76 -5.99 -2.29 -.22 .61 -.58
7.05 -5.71 -1.53 -.22 .61 -.58
7.05 -5.71 -1.53 .32 .64 -.55
6.67 -5.20 -1.02 .32 .64 -.55
6.67 -5.20 -1.02 .45 .63 -.47
6.55 -5.11 -.33 .45 .63 -.47
6.55 -5.11 -.33 .27 .63 -.33
6.93 -5.22 -.10 .27 .63 -.33
6.93 -5.22 -.10 .06 .52 -.18
7.28 -5.41 .78 .06 .52 -.18
7.28 -5.41 .78 -.26 .56 -.10
6.66 -6.17 1.49 -.26 .56 -.10
6.66 -6.17 1.49 -.60 .61 -.01
7.02 -6.59 1.14 -.64 .31 .03
7.02 -6.59 1.14 -.60 .61 -.01
7.35 -6.36 .94 -.64 .31 .03
7.35 -6.36 .94 -.49 .33 .03
6.90 -6.38 1.52 -.49 .33 .03
