6.90 -6.38 1.52 -.36 .43 .02
6.76 -6.99 1.43 -.36 .43 .02
6.76 -6.99 1.43 -.20 .38 .01
-.61 2.91 23.13 .59 -1.17 .22
-.61 2.91 23.13 1.21 -2.44 1.53
-1.62 3.74 24.48 1.21 -2.44 1.53
-1.62 3.74 24.48 1.81 -3.98 2.68
-3.14 2.94 18.10 1.81 -3.98 2.68
-3.14 2.94 18.10 2.50 -5.41 3.18
-5.50 -.52 13.33 2.50 -5.41 3.18
-5.50 -.52 13.33 3.23 -6.83 3.78
-7.71 -8.87 12.34 3.23 -6.83 3.78
-7.71 -8.87 12.34 2.18 -8.25 3.58
-12.43 -18.03 3.57 -1.42 -8.27 3.09
-12.43 -18.03 3.57 2.18 -8.25 3.58
-12.19 -33.07 -7.81 -1.42 -8.27 3.09
-12.19 -33.07 -7.81 .09 -7.65 1.92
-6.92 -32.84 -15.84 .09 -7.65 1.92
-6.92 -32.84 -15.84 3.48 -6.22 .97
.60 -17.52 -13.31 3.48 -6.22 .97
.60 -17.52 -13.31 4.34 -4.88 .24
6.04 -9.84 -11.73 4.34 -4.88 .24
6.04 -9.84 -11.73 1.19 -4.01 .00
8.33 -7.27 -11.87 -1.70 -2.77 -.91
8.33 -7.27 -11.87 1.19 -4.01 .00
8.12 -6.89 -8.98 -1.70 -2.77 -.91
7.19 -6.07 -5.60 -1.59 -1.33 -1.21
8.12 -6.89 -8.98 -1.59 -1.33 -1.21
7.19 -6.07 -5.60 -.34 -.37 -.86
7.59 -3.68 -3.02 -.34 -.37 -.86
7.59 -3.68 -3.02 .31 .13 -.70
8.24 -2.81 -1.84 .31 .13 -.70
8.24 -2.81 -1.84 .24 .40 -.46
8.08 -3.58 -1.95 .24 .40 -.46
8.08 -3.58 -1.95 -.20 .63 -.27
7.24 -4.89 -.90 -.20 .63 -.27
7.24 -4.89 -.90 -.30 .93 -.14
6.20 -6.09 1.04 -.30 .93 -.14
6.20 -6.09 1.04 -.17 .97 .03
6.04 -6.47 1.19 -.17 .97 .03
6.04 -6.47 1.19 .14 .58 .10
6.69 -6.53 .93 .14 .58 .10
6.69 -6.53 .93 .17 .31 .14
6.79 -6.57 1.84 .17 .31 .14
6.79 -6.57 1.84 -.29 .35 .15
5.99 -7.72 2.78 -.29 .35 .15
5.99 -7.72 2.78 -.62 .35 .16
6.29 -8.56 1.75 -.36 .05 .08
6.29 -8.56 1.75 -.62 .35 .16
6.91 -7.77 .91 -.36 .05 .08
6.91 -7.77 .91 -.01 .01 .01
6.81 -6.75 1.05 -.01 .01 .01
