6.81 -6.75 1.05 .00 .16 -.03
1.99 -6.77 13.25 -.38 1.60 -1.12
1.99 -6.77 13.25 -.79 1.29 -.97
2.25 -7.69 13.51 -.79 1.29 -.97
2.25 -7.69 13.51 .06 .88 -.76
2.57 -6.45 11.73 .06 .88 -.76
2.57 -6.45 11.73 1.19 .47 -.49
2.36 -4.16 11.71 1.19 .47 -.49
2.36 -4.16 11.71 1.66 .03 -.63
1.22 -.13 16.34 1.66 .03 -.63
1.22 -.13 16.34 1.22 -.61 -.36
-.33 2.46 22.12 1.22 -.61 -.36
-.33 2.46 22.12 .87 -1.66 .62
-2.60 4.31 27.84 .87 -1.66 .62
-2.60 4.31 27.84 1.53 -2.80 1.64
-4.47 9.88 24.66 1.53 -2.80 1.64
-4.47 9.88 24.66 3.05 -4.56 3.41
-5.61 6.59 17.58 3.05 -4.56 3.41
-5.61 6.59 17.58 4.03 -6.34 4.55
-7.64 -2.05 18.82 4.03 -6.34 4.55
-7.64 -2.05 18.82 3.37 -8.14 4.22
-11.88 -9.69 13.19 3.37 -8.14 4.22
-11.88 -9.69 13.19 -.35 -9.34 4.68
-17.52 -23.63 -1.51 -.35 -9.34 4.68
-17.52 -23.63 -1.51 -2.26 -9.26 2.76
-13.36 -34.88 -16.26 -2.26 -9.26 2.76
-13.36 -34.88 -16.26 2.13 -8.25 2.32
-4.29 -19.89 -17.51 2.13 -8.25 2.32
-4.29 -19.89 -17.51 3.43 -6.55 1.19
3.61 -9.74 -15.25 3.43 -6.55 1.19
3.61 -9.74 -15.25 1.24 -4.95 1.14
8.05 -9.24 -14.36 1.24 -4.95 1.14
8.05 -9.24 -14.36 -3.12 -2.52 -.31
8.07 -9.09 -7.70 -3.12 -2.52 -.31
8.07 -9.09 -7.70 -2.10 -1.21 -.14
10.14 -8.86 -8.06 -2.10 -1.21 -.14
10.14 -8.86 -8.06 .15 -.85 -.14
10.29 -5.53 -7.14 .15 -.85 -.14
10.29 -5.53 -7.14 .46 .17 -.54
7.61 -4.23 -3.81 .46 .17 -.54
7.61 -4.23 -3.81 -.06 .99 -.51
6.99 -5.64 -2.35 -.06 .99 -.51
6.99 -5.64 -2.35 -.36 .82 -.36
7.20 -6.17 -2.20 -.36 .82 -.36
7.20 -6.17 -2.20 -.24 .76 -.41
7.20 -5.73 -1.46 -.14 .78 -.39
7.20 -5.73 -1.46 -.24 .76 -.41
6.99 -5.83 -1.02 -.14 .78 -.39
6.99 -5.83 -1.02 -.16 .82 -.33
6.93 -5.96 -.60 -.12 .82 -.23
