6.93 -5.96 -.60 -.16 .82 -.33
-.09 -2.00 19.00 .66 .33 -.49
-.09 -2.00 19.00 .39 -.92 .42
-1.58 2.65 25.57 .39 -.92 .42
-1.58 2.65 25.57 1.73 -1.94 1.71
-4.03 5.15 27.71 1.73 -1.94 1.71
-4.03 5.15 27.71 4.00 -4.40 2.98
-3.45 8.89 28.08 4.00 -4.40 2.98
-3.45 8.89 28.08 5.18 -6.93 3.89
-7.25 .88 25.79 5.18 -6.93 3.89
-7.25 .88 25.79 2.37 -8.98 5.61
-15.37 -18.18 7.50 2.37 -8.98 5.61
-15.37 -18.18 7.50 .17 -9.53 2.89
-18.41 -35.76 -7.11 .17 -9.53 2.89
-18.41 -35.76 -7.11 1.20 -8.47 2.93
-9.54 -28.65 -13.88 1.20 -8.47 2.93
-9.54 -28.65 -13.88 3.73 -7.30 2.42
-2.76 -18.01 -15.26 3.73 -7.30 2.42
-2.76 -18.01 -15.26 1.13 -5.95 .39
1.02 -15.53 -15.05 1.13 -5.95 .39
1.02 -15.53 -15.05 -.65 -5.08 .37
3.68 -11.07 -12.71 -.65 -5.08 .37
3.68 -11.07 -12.71 -1.96 -3.85 -.78
7.06 -6.14 -8.78 -1.96 -3.85 -.78
7.06 -6.14 -8.78 -1.68 -2.69 -.85
10.00 -4.92 -7.51 -1.68 -2.69 -.85
10.00 -4.92 -7.51 -.44 -1.75 -.42
10.65 -4.41 -7.15 -.44 -1.75 -.42
10.65 -4.41 -7.15 -.30 -.58 -.62
7.95 -4.87 -5.63 -.16 .38 -.58
7.95 -4.87 -5.63 -.30 -.58 -.62
7.32 -4.94 -3.16 -.16 .38 -.58
7.32 -4.94 -3.16 .06 .57 -.44
6.62 -4.75 -1.72 .06 .57 -.44
6.62 -4.75 -1.72 .37 .67 -.30
6.54 -5.43 -1.92 .37 .67 -.30
6.54 -5.43 -1.92 .48 .54 -.24
7.40 -5.55 -2.40 .48 .54 -.24
7.40 -5.55 -2.40 .19 .50 -.21
7.50 -5.62 -1.36 .19 .50 -.21
7.50 -5.62 -1.36 -.14 .69 -.10
6.83 -6.16 -.23 -.28 .79 .00
6.83 -6.16 -.23 -.14 .69 -.10
6.63 -6.51 .28 -.28 .79 .00
6.63 -6.51 .28 -.14 .78 .03
7.00 -6.50 .25 -.14 .78 .03
7.00 -6.50 .25 -.04 .74 .02
