7.02 -6.55 .25 -.04 .74 .02
7.02 -6.55 .25 -.17 .84 .00
6.78 -6.77 1.07 -.17 .84 .00
6.78 -6.77 1.07 -.37 .92 .03
2.23 -7.71 5.22 -1.60 2.86 -1.29
2.23 -7.71 5.22 -2.23 2.94 -1.32
3.11 -11.04 8.37 -2.25 2.48 -1.12
3.11 -11.04 8.37 -2.23 2.94 -1.32
4.74 -10.72 8.43 -2.25 2.48 -1.12
4.74 -10.72 8.43 -.44 2.31 -.66
3.37 -6.44 8.30 -.44 2.31 -.66
3.37 -6.44 8.30 .86 2.09 -.81
2.10 -3.64 8.15 .86 2.09 -.81
2.10 -3.64 8.15 .37 1.74 -1.12
1.60 -3.26 11.77 .37 1.74 -1.12
1.60 -3.26 11.77 -1.51 1.04 -.76
2.77 -6.11 11.08 -1.05 .76 -.31
2.77 -6.11 11.08 -1.51 1.04 -.76
2.54 -5.99 12.27 .30 .26 -.07
2.54 -5.99 12.27 -1.05 .76 -.31
1.80 -3.58 15.91 1.39 -.32 .13
1.80 -3.58 15.91 .30 .26 -.07
-.12 -.92 23.53 1.39 -.32 .13
-.12 -.92 23.53 2.34 -1.38 .94
-2.78 4.19 31.63 3.08 -3.18 2.32
-2.78 4.19 31.63 2.34 -1.38 .94
-5.26 4.73 27.92 3.08 -3.18 2.32
-5.26 4.73 27.92 3.71 -4.99 3.54
-7.85 2.73 19.79 3.71 -4.99 3.54
-7.85 2.73 19.79 4.55 -6.60 4.17
-8.22 -3.59 16.04 4.55 -6.60 4.17
-8.22 -3.59 16.04 4.80 -8.40 4.38
-12.61 -9.55 13.21 4.80 -8.40 4.38
-12.61 -9.55 13.21 1.91 -9.43 5.13
-21.98 -24.69 .54 1.91 -9.43 5.13
-21.98 -24.69 .54 -.28 -9.04 3.27
-20.38 -37.79 -15.37 -.28 -9.04 3.27
-20.38 -37.79 -15.37 2.04 -8.86 3.00
-5.04 -25.47 -18.80 2.04 -8.86 3.00
-5.04 -25.47 -18.80 3.50 -7.19 1.85
2.11 -16.36 -15.13 3.50 -7.19 1.85
2.11 -16.36 -15.13 1.46 -5.31 1.26
7.60 -12.38 -13.41 1.46 -5.31 1.26
7.60 -12.38 -13.41 -1.61 -3.99 .13
10.63 -9.53 -10.83 -1.61 -3.99 .13
10.63 -9.53 -10.83 -1.73 -2.23 -.49
10.48 -8.15 -8.31 -1.73 -2.23 -.49
10.48 -8.15 -8.31 -.23 -.86 -.69
9.18 -5.79 -7.28 -.23 -.86 -.69
9.18 -5.79 -7.28 .57 -.14 -.92
6.84 -4.74 -5.82 .57 -.14 -.92
6.84 -4.74 -5.82 .52 .42 -.81
