6.47 -4.74 -3.52 .52 .42 -.81
6.47 -4.74 -3.52 -.05 .50 -.69
-3.65 1.85 24.60 1.62 -2.28 1.19
-3.65 1.85 24.60 2.39 -3.68 2.34
-5.16 4.62 25.16 2.78 -5.74 3.82
-5.16 4.62 25.16 2.39 -3.68 2.34
-7.44 1.52 19.21 2.31 -7.48 4.16
-7.44 1.52 19.21 2.78 -5.74 3.82
-10.92 -7.90 12.85 2.31 -7.48 4.16
-10.92 -7.90 12.85 1.99 -8.84 3.92
-15.69 -22.74 6.66 1.99 -8.84 3.92
-15.69 -22.74 6.66 2.15 -8.88 3.06
-15.75 -29.84 -3.74 2.15 -8.88 3.06
-15.75 -29.84 -3.74 2.59 -8.31 3.17
-7.85 -29.49 -11.70 2.59 -8.31 3.17
-7.85 -29.49 -11.70 2.86 -6.91 2.26
-1.35 -23.07 -14.35 2.86 -6.91 2.26
-1.35 -23.07 -14.35 1.79 -5.77 .64
2.07 -16.75 -12.98 1.79 -5.77 .64
4.30 -11.44 -11.31 .85 -4.87 .09
2.07 -16.75 -12.98 .85 -4.87 .09
4.30 -11.44 -11.31 -.43 -3.75 -.84
5.87 -7.32 -8.27 -.43 -3.75 -.84
5.87 -7.32 -8.27 -.83 -2.63 -1.10
7.38 -5.73 -6.74 -.83 -2.63 -1.10
7.38 -5.73 -6.74 -.44 -1.82 -.91
8.18 -4.70 -5.73 -.44 -1.82 -.91
8.18 -4.70 -5.73 -.26 -1.17 -1.01
7.84 -4.23 -5.01 -.26 -1.17 -1.01
7.84 -4.23 -5.01 .00 -.27 -.81
7.39 -4.56 -2.66 .00 -.27 -.81
7.39 -4.56 -2.66 .05 .08 -.64
7.41 -4.49 -1.93 .05 .08 -.64
7.41 -4.49 -1.93 -.01 .16 -.51
7.56 -4.85 -2.42 -.01 .16 -.51
7.56 -4.85 -2.42 -.02 .23 -.40
7.09 -5.01 -.90 -.02 .23 -.40
7.09 -5.01 -.90 -.11 .40 -.22
6.32 -5.74 -.34 -.11 .40 -.22
6.32 -5.74 -.34 -.21 .39 -.13
6.78 -6.11 -.35 -.21 .39 -.13
6.78 -6.11 -.35 -.23 .26 -.04
7.19 -5.87 .01 -.23 .26 -.04
7.19 -5.87 .01 -.23 .35 .04
7.05 -6.13 .08 -.27 .48 .09
7.05 -6.13 .08 -.23 .35 .04
7.04 -6.58 .57 -.27 .48 .09
7.04 -6.58 .57 -.26 .51 .12
7.09 -6.76 1.14 -.25 .52 .14
7.09 -6.76 1.14 -.26 .51 .12
