5.02 -7.12 2.15 -.27 .31 -.60
5.02 -7.12 2.15 -.31 .34 -.49
.72 -9.61 11.69 -1.34 3.12 -.91
.72 -9.61 11.69 -1.04 3.00 -.85
-.22 -6.38 15.96 -1.04 3.00 -.85
-.22 -6.38 15.96 -.09 2.27 -.44
-.43 -3.35 15.87 -.09 2.27 -.44
-.43 -3.35 15.87 -.08 1.57 -.19
-.32 -4.66 20.02 -.13 .47 -.31
-.32 -4.66 20.02 -.08 1.57 -.19
-1.63 -4.65 25.45 -.13 .47 -.31
-1.63 -4.65 25.45 .74 -.76 .14
-4.23 -.34 31.51 3.01 -2.74 1.78
-4.23 -.34 31.51 .74 -.76 .14
-5.38 4.52 27.05 3.01 -2.74 1.78
-5.38 4.52 27.05 4.26 -5.12 3.44
-6.08 4.39 19.47 4.26 -5.12 3.44
-6.08 4.39 19.47 3.89 -8.25 4.11
-9.53 -9.26 13.18 3.89 -8.25 4.11
-9.53 -9.26 13.18 2.71 -9.97 4.29
-16.45 -18.01 .67 2.71 -9.97 4.29
-16.45 -18.01 .67 -.73 -9.99 2.71
-15.73 -30.52 -14.06 .38 -8.90 2.50
-15.73 -30.52 -14.06 -.73 -9.99 2.71
-7.21 -24.84 -18.63 .38 -8.90 2.50
-7.21 -24.84 -18.63 3.40 -6.50 1.99
-.45 -13.61 -17.94 2.74 -4.39 .96
-.45 -13.61 -17.94 3.40 -6.50 1.99
5.54 -9.44 -14.27 2.74 -4.39 .96
5.54 -9.44 -14.27 .29 -2.98 1.28
7.62 -9.38 -9.59 .29 -2.98 1.28
7.62 -9.38 -9.59 -1.88 -1.42 .64
9.03 -9.04 -5.55 -1.88 -1.42 .64
9.03 -9.04 -5.55 -1.55 -.54 .47
6.95 -9.32 -4.06 -1.55 -.54 .47
6.95 -9.32 -4.06 -.36 .24 .19
7.42 -8.39 -2.26 -.36 .24 .19
7.42 -8.39 -2.26 .17 .30 .10
7.78 -8.17 -1.44 .17 .30 .10
7.78 -8.17 -1.44 .33 .37 .07
7.22 -7.95 -.26 .33 .37 .07
7.22 -7.95 -.26 .33 .35 -.11
6.03 -7.74 .45 .33 .35 -.11
6.03 -7.74 .45 .05 .30 -.27
5.92 -7.60 .48 .05 .30 -.27
5.92 -7.60 .48 -.11 .22 -.32
5.81 -7.54 .23 -.11 .22 -.32
5.81 -7.54 .23 -.11 .30 -.28
