6.99 -7.02 1.42 -.25 .52 .14
6.99 -7.02 1.42 -.24 .49 .11
.99 -1.63 21.19 .91 -.35 -.11
.99 -1.63 21.19 2.03 -1.03 .38
-2.54 6.22 29.29 2.03 -1.03 .38
-2.54 6.22 29.29 3.73 -2.82 2.53
-4.33 12.75 24.56 3.53 -4.75 4.18
-4.33 12.75 24.56 3.73 -2.82 2.53
-7.25 10.56 15.94 3.53 -4.75 4.18
-7.25 10.56 15.94 3.19 -5.69 5.12
-11.23 -.96 13.77 3.19 -5.69 5.12
-11.23 -.96 13.77 3.40 -7.19 5.22
-8.54 -9.43 14.95 3.40 -7.19 5.22
-8.54 -9.43 14.95 4.23 -8.61 5.04
-19.40 -15.75 7.21 4.23 -8.61 5.04
-19.40 -15.75 7.21 .39 -7.35 5.69
-17.94 -32.56 -7.28 .39 -7.35 5.69
-17.94 -32.56 -7.28 -.20 -7.17 4.20
-7.82 -34.70 -15.00 1.11 -6.35 3.04
-7.82 -34.70 -15.00 -.20 -7.17 4.20
.16 -22.68 -13.96 3.29 -4.73 1.73
.16 -22.68 -13.96 1.11 -6.35 3.04
3.94 -16.31 -9.21 3.29 -4.73 1.73
3.94 -16.31 -9.21 1.15 -3.68 1.77
6.44 -12.96 -7.40 1.15 -3.68 1.77
6.44 -12.96 -7.40 -1.92 -2.68 .37
7.30 -10.70 -6.00 -1.92 -2.68 .37
7.30 -10.70 -6.00 -2.45 -1.65 -.49
7.03 -9.55 -5.07 -2.45 -1.65 -.49
7.03 -9.55 -5.07 -1.38 -.70 -.60
7.00 -7.85 -3.81 -1.38 -.70 -.60
7.00 -7.85 -3.81 -.67 -.14 -.59
6.98 -6.48 -2.02 -.67 -.14 -.59
6.98 -6.48 -2.02 -.45 .32 -.65
6.34 -6.56 -.46 -.45 .32 -.65
6.34 -6.56 -.46 -.36 .42 -.57
6.15 -6.69 -.38 -.53 .33 -.54
6.15 -6.69 -.38 -.36 .42 -.57
6.03 -6.88 -.11 -.67 .27 -.46
6.03 -6.88 -.11 -.53 .33 -.54
5.75 -7.39 .49 -.55 .29 -.41
5.75 -7.39 .49 -.67 .27 -.46
5.52 -8.05 1.02 -.55 .29 -.41
5.52 -8.05 1.02 -.24 .26 -.37
5.43 -7.92 1.21 -.24 .26 -.37
5.43 -7.92 1.21 .05 .22 -.31
5.52 -7.58 1.27 .03 .23 -.30
5.52 -7.58 1.27 .05 .22 -.31
5.57 -7.57 1.68 .03 .23 -.30
5.57 -7.57 1.68 -.18 .25 -.28
5.73 -7.65 1.47 -.18 .25 -.28
