5.73 -7.65 1.47 -.22 .22 -.29
-.39 3.22 23.25 1.37 -.34 .16
-.39 3.22 23.25 1.70 -1.47 1.04
-1.98 6.57 28.00 1.70 -1.47 1.04
-1.98 6.57 28.00 2.56 -3.16 2.42
-2.69 9.59 21.71 2.56 -3.16 2.42
-2.69 9.59 21.71 3.83 -6.07 4.96
-7.21 -.22 18.32 3.83 -6.07 4.96
-7.21 -.22 18.32 3.43 -7.65 5.00
-12.88 -10.42 13.30 2.45 -8.29 3.90
-12.88 -10.42 13.30 3.43 -7.65 5.00
-20.02 -23.53 3.45 2.45 -8.29 3.90
-20.02 -23.53 3.45 .02 -8.05 4.52
-11.21 -28.18 -11.30 .02 -8.05 4.52
-11.21 -28.18 -11.30 1.32 -7.41 3.94
-5.71 -26.66 -12.77 1.32 -7.41 3.94
-5.71 -26.66 -12.77 1.90 -5.79 2.75
-.13 -19.20 -10.87 1.90 -5.79 2.75
-.13 -19.20 -10.87 1.57 -4.37 1.14
2.17 -16.43 -8.33 1.57 -4.37 1.14
2.17 -16.43 -8.33 -.05 -3.30 1.21
5.49 -12.56 -7.80 -.05 -3.30 1.21
5.49 -12.56 -7.80 -1.79 -2.49 -.01
8.35 -9.96 -5.77 -1.79 -2.49 -.01
8.35 -9.96 -5.77 -1.28 -1.67 -.05
8.44 -9.00 -4.88 -1.28 -1.67 -.05
8.44 -9.00 -4.88 -.61 -1.03 -.38
6.58 -7.05 -4.49 -.61 -1.03 -.38
6.58 -7.05 -4.49 -.49 -.37 -.81
5.53 -6.25 -2.72 -.49 -.37 -.81
5.53 -6.25 -2.72 -.31 .00 -.58
6.01 -6.79 -1.16 -.31 .00 -.58
6.01 -6.79 -1.16 -.15 .13 -.43
6.14 -7.03 -1.12 -.15 .13 -.43
6.14 -7.03 -1.12 -.02 .20 -.39
6.15 -6.60 -.79 -.02 .20 -.39
6.15 -6.60 -.79 -.01 .26 -.32
5.80 -6.90 -.32 -.01 .26 -.32
5.80 -6.90 -.32 -.13 .42 -.25
5.86 -7.39 .53 .00 .46 -.14
5.86 -7.39 .53 -.13 .42 -.25
5.80 -7.69 .97 .00 .46 -.14
5.80 -7.69 .97 .20 .49 -.11
5.70 -7.33 1.13 .20 .49 -.11
5.70 -7.33 1.13 .16 .43 -.08
5.86 -7.20 1.33 .16 .43 -.08
5.86 -7.20 1.33 -.02 .39 -.07
5.98 -7.67 1.55 -.02 .39 -.07
5.98 -7.67 1.55 -.16 .36 -.07
6.16 -7.47 1.43 -.16 .36 -.07
