6.16 -7.47 1.43 -.02 .28 -.06
1.16 .68 18.33 .59 -.12 .26
1.16 .68 18.33 1.44 -.88 1.05
-1.88 4.56 25.73 1.44 -.88 1.05
-1.88 4.56 25.73 3.05 -2.24 2.79
-5.33 8.80 31.31 3.05 -2.24 2.79
-5.33 8.80 31.31 4.37 -5.26 5.63
-11.68 6.56 24.70 5.49 -7.26 6.60
-11.68 6.56 24.70 4.37 -5.26 5.63
-13.86 -1.69 24.18 5.49 -7.26 6.60
-13.86 -1.69 24.18 5.80 -9.04 6.70
-24.29 -15.98 16.39 5.80 -9.04 6.70
-24.29 -15.98 16.39 3.20 -9.01 6.19
-28.44 -46.64 .19 1.70 -8.69 5.71
-28.44 -46.64 .19 3.20 -9.01 6.19
-13.91 -43.38 -10.59 1.70 -8.69 5.71
-13.91 -43.38 -10.59 1.37 -8.42 4.09
-7.66 -30.44 -15.10 1.37 -8.42 4.09
-7.66 -30.44 -15.10 .58 -7.08 .85
-2.13 -20.94 -13.31 .58 -7.08 .85
-2.13 -20.94 -13.31 .16 -5.89 .44
3.54 -12.75 -12.71 .16 -5.89 .44
3.54 -12.75 -12.71 -1.43 -4.87 -.72
6.78 -6.21 -11.46 -1.43 -4.87 -.72
6.78 -6.21 -11.46 -1.44 -3.34 -1.37
7.09 -4.35 -9.35 -1.44 -3.34 -1.37
7.09 -4.35 -9.35 -.55 -1.82 -.97
7.72 -3.29 -6.95 -.55 -1.82 -.97
7.72 -3.29 -6.95 -.56 -.93 -.91
7.76 -4.24 -5.32 -.56 -.93 -.91
7.76 -4.24 -5.32 -.53 -.26 -.67
7.80 -4.92 -3.73 -.53 -.26 -.67
7.80 -4.92 -3.73 -.31 .19 -.52
7.47 -5.39 -2.14 -.31 .19 -.52
7.47 -5.39 -2.14 .15 .35 -.32
7.28 -5.77 -2.14 .15 .35 -.32
7.28 -5.77 -2.14 .40 .28 -.29
7.10 -6.01 -2.18 .40 .28 -.29
7.10 -6.01 -2.18 .20 .25 -.29
6.47 -6.25 -1.32 .20 .25 -.29
6.47 -6.25 -1.32 -.12 .30 -.22
6.06 -6.96 -.68 -.12 .30 -.22
6.06 -6.96 -.68 -.23 .29 -.13
6.27 -7.24 -.15 -.23 .29 -.13
6.27 -7.24 -.15 -.12 .29 -.06
6.63 -6.85 -.32 -.12 .29 -.06
6.63 -6.85 -.32 -.02 .29 -.05
6.83 -6.62 .56 -.02 .29 -.05
6.83 -6.62 .56 -.07 .45 -.01
6.62 -6.81 .52 -.07 .45 -.01
