6.62 -6.81 .52 -.16 .48 -.02
1.88 .14 16.19 -.84 .47 -.43
1.88 .14 16.19 -.94 .11 .02
-2.01 3.58 28.47 -.94 .11 .02
-2.01 3.58 28.47 .14 -1.00 1.33
-5.52 6.73 38.09 .14 -1.00 1.33
-5.52 6.73 38.09 2.09 -3.12 3.59
-8.87 9.05 28.30 2.09 -3.12 3.59
-8.87 9.05 28.30 3.90 -5.50 5.16
-13.86 5.69 21.23 3.90 -5.50 5.16
-13.86 5.69 21.23 5.73 -7.08 6.18
-15.48 -2.34 26.35 5.73 -7.08 6.18
-15.48 -2.34 26.35 7.14 -10.23 6.76
-23.93 -14.73 18.87 2.93 -10.10 6.77
-23.93 -14.73 18.87 7.14 -10.23 6.76
-35.78 -41.15 -4.81 2.93 -10.10 6.77
-35.78 -41.15 -4.81 .51 -9.98 5.56
-14.81 -44.84 -18.99 .51 -9.98 5.56
-14.81 -44.84 -18.99 3.72 -9.15 4.29
-8.91 -27.83 -17.19 3.74 -6.29 2.28
-8.91 -27.83 -17.19 3.72 -9.15 4.29
-1.25 -22.03 -14.93 3.74 -6.29 2.28
-1.25 -22.03 -14.93 .93 -4.64 1.85
5.99 -16.15 -14.20 .93 -4.64 1.85
5.99 -16.15 -14.20 -1.92 -3.51 .18
12.36 -10.67 -10.85 -1.92 -3.51 .18
12.36 -10.67 -10.85 -1.64 -2.16 .00
10.03 -9.53 -7.18 -.44 -.36 -.76
10.03 -9.53 -7.18 -1.64 -2.16 .00
6.82 -6.80 -4.40 -.44 -.36 -.76
