6.82 -6.80 -4.40 -.08 .30 -1.16
6.90 -5.68 -3.22 -.08 .30 -1.16
6.90 -5.68 -3.22 -.13 .19 -.84
7.43 -5.49 -2.59 -.13 .19 -.84
7.43 -5.49 -2.59 -.70 .26 -.85
6.09 -6.05 -.98 -.70 .26 -.85
6.09 -6.05 -.98 -1.00 .49 -.79
5.44 -6.47 -.58 -1.00 .49 -.79
5.44 -6.47 -.58 -.72 .40 -.70
6.17 -6.46 -.63 -.72 .40 -.70
6.17 -6.46 -.63 -.22 .38 -.47
6.04 -6.66 -.33 -.22 .38 -.47
6.04 -6.66 -.33 -.05 .62 -.35
5.75 -6.91 1.06 -.05 .62 -.35
5.75 -6.91 1.06 -.19 .67 -.30
6.07 -7.28 1.59 -.19 .67 -.30
6.07 -7.28 1.59 -.16 .62 -.23
6.35 -7.32 1.50 -.16 .62 -.23
6.35 -7.32 1.50 -.13 .59 -.21
6.35 -7.17 1.54 -.13 .59 -.21
6.35 -7.17 1.54 -.10 .57 -.23
1.20 -2.06 19.23 -.60 -.08 -.06
1.20 -2.06 19.23 -.19 -.66 .17
-2.57 -1.05 31.73 -.19 -.66 .17
-2.57 -1.05 31.73 1.47 -2.06 1.16
-6.83 2.83 31.88 1.47 -2.06 1.16
-6.83 2.83 31.88 3.84 -4.05 3.65
-8.95 5.44 17.97 3.84 -4.05 3.65
-8.95 5.44 17.97 5.40 -6.03 4.78
-9.11 1.88 17.60 5.40 -6.03 4.78
-9.11 1.88 17.60 6.62 -8.12 4.92
-4.84 -2.25 25.32 6.62 -8.12 4.92
-4.84 -2.25 25.32 6.43 -9.93 6.32
-24.76 -14.40 14.88 6.43 -9.93 6.32
-24.76 -14.40 14.88 2.09 -9.60 5.74
-31.51 -39.39 -9.25 2.09 -9.60 5.74
-10.03 -38.47 -20.18 -2.03 -9.60 4.57
-31.51 -39.39 -9.25 -2.03 -9.60 4.57
-10.03 -38.47 -20.18 -.58 -8.88 2.09
-4.22 -24.94 -17.33 -.58 -8.88 2.09
-4.22 -24.94 -17.33 3.00 -6.01 .52
1.52 -19.20 -13.93 3.00 -6.01 .52
1.52 -19.20 -13.93 3.23 -4.51 .67
6.56 -11.89 -12.26 3.23 -4.51 .67
6.56 -11.89 -12.26 .60 -3.75 -.57
8.48 -6.00 -10.51 .60 -3.75 -.57
8.48 -6.00 -10.51 -1.02 -2.32 -1.07
8.71 -5.80 -9.08 -1.02 -2.32 -1.07
8.71 -5.80 -9.08 -1.26 -1.07 -1.04
7.80 -6.39 -6.89 -1.26 -1.07 -1.04
7.80 -6.39 -6.89 -.43 .13 -1.09
7.55 -5.24 -4.29 -.43 .13 -1.09
7.55 -5.24 -4.29 .20 .68 -.95
8.08 -4.39 -3.15 .20 .68 -.95
8.08 -4.39 -3.15 .01 .76 -.81
8.11 -4.76 -2.04 .01 .76 -.81
8.11 -4.76 -2.04 -.39 .72 -.68
6.79 -5.16 -1.11 -.39 .72 -.68
6.79 -5.16 -1.11 -.73 .76 -.70
6.73 -5.99 -.97 -.73 .76 -.70
6.73 -5.99 -.97 -.56 .54 -.63
6.95 -5.90 -.84 -.56 .54 -.63
6.95 -5.90 -.84 -.26 .53 -.52
6.79 -5.51 .10 -.16 .57 -.40
6.79 -5.51 .10 -.26 .53 -.52
6.65 -6.19 .67 -.16 .57 -.40
