6.65 -6.19 .67 -.36 .59 -.33
7.08 -6.20 .95 -.36 .59 -.33
7.08 -6.20 .95 -.47 .51 -.29
7.36 -6.37 1.62 -.47 .51 -.29
7.36 -6.37 1.62 -.40 .55 -.25
.13 2.24 20.23 -.57 .30 -.46
.13 2.24 20.23 -.17 -.43 .25
-1.90 6.65 27.91 -.17 -.43 .25
-1.90 6.65 27.91 1.68 -2.26 2.41
-3.48 10.12 23.13 1.68 -2.26 2.41
-3.48 10.12 23.13 2.82 -4.13 4.10
-6.22 8.39 18.51 2.82 -4.13 4.10
-6.22 8.39 18.51 3.81 -5.53 5.04
-7.59 -1.02 20.40 3.81 -5.53 5.04
-7.59 -1.02 20.40 4.82 -7.27 5.27
-12.01 -11.06 19.22 4.82 -7.27 5.27
-12.01 -11.06 19.22 2.93 -7.88 5.53
-20.02 -28.00 4.47 2.93 -7.88 5.53
-20.02 -28.00 4.47 -.17 -7.52 4.28
-15.48 -43.21 -5.68 -.17 -7.52 4.28
-15.48 -43.21 -5.68 2.02 -7.03 3.12
-1.97 -24.04 -11.07 2.02 -7.03 3.12
-1.97 -24.04 -11.07 3.04 -5.66 1.16
2.42 -17.75 -9.45 3.04 -5.66 1.16
2.42 -17.75 -9.45 1.38 -5.01 .96
4.56 -11.94 -9.86 1.38 -5.01 .96
4.56 -11.94 -9.86 -1.01 -4.28 -.54
6.41 -7.21 -8.77 -1.01 -4.28 -.54
6.41 -7.21 -8.77 -1.64 -3.28 -1.14
6.60 -6.16 -6.82 -1.64 -3.28 -1.14
6.60 -6.16 -6.82 -1.23 -2.21 -1.00
7.32 -5.03 -5.89 -1.23 -2.21 -1.00
7.32 -5.03 -5.89 -.85 -1.36 -1.03
7.81 -4.21 -4.41 -.85 -1.36 -1.03
7.81 -4.21 -4.41 -.36 -.59 -.80
