7.66 -4.09 -2.84 -.36 -.59 -.80
7.66 -4.09 -2.84 -.30 -.03 -.61
7.31 -5.03 -1.95 -.30 -.03 -.61
7.31 -5.03 -1.95 -.30 .24 -.42
7.09 -5.54 -1.70 -.30 .24 -.42
7.09 -5.54 -1.70 -.15 .35 -.30
6.60 -6.04 -.95 -.15 .35 -.30
6.60 -6.04 -.95 .00 .48 -.17
6.40 -6.22 .12 .00 .48 -.17
6.40 -6.22 .12 -.08 .49 -.05
6.33 -6.93 .07 -.08 .49 -.05
6.33 -6.93 .07 -.22 .49 .00
6.12 -7.19 -.04 -.22 .49 .00
6.12 -7.19 -.04 -.35 .46 .00
6.16 -7.32 1.23 -.35 .46 .00
6.16 -7.32 1.23 -.33 .53 .02
6.57 -7.42 2.00 -.33 .53 .02
6.57 -7.42 2.00 -.19 .48 .04
7.15 -7.15 1.69 .06 .35 .00
7.15 -7.15 1.69 -.19 .48 .04
1.24 2.53 19.57 .19 .60 -.29
1.24 2.53 19.57 .82 -.10 .16
-1.48 9.41 35.18 .82 -.10 .16
-1.48 9.41 35.18 3.51 -2.08 2.85
-4.35 19.66 30.56 3.51 -2.08 2.85
-4.35 19.66 30.56 4.32 -4.73 5.42
-9.18 9.21 28.03 4.32 -4.73 5.42
-9.18 9.21 28.03 3.24 -6.85 6.24
-16.19 -6.55 25.10 3.24 -6.85 6.24
-16.19 -6.55 25.10 1.06 -8.64 4.44
-22.76 -29.33 11.81 1.06 -8.64 4.44
-22.76 -29.33 11.81 1.90 -8.43 3.96
-17.44 -36.79 -3.34 1.90 -8.43 3.96
-17.44 -36.79 -3.34 3.04 -8.23 4.95
-9.51 -29.07 -12.92 3.04 -8.23 4.95
-9.51 -29.07 -12.92 3.16 -7.35 3.27
-4.25 -18.48 -13.82 3.16 -7.35 3.27
-4.25 -18.48 -13.82 1.23 -6.26 1.61
-1.35 -17.40 -13.55 1.23 -6.26 1.61
-1.35 -17.40 -13.55 -1.55 -5.12 1.04
3.81 -11.97 -12.66 -1.55 -5.12 1.04
3.81 -11.97 -12.66 -1.66 -3.19 -.17
9.63 -7.76 -8.99 -.57 -1.64 .12
9.63 -7.76 -8.99 -1.66 -3.19 -.17
9.67 -6.76 -6.50 -.13 -.47 -.51
9.67 -6.76 -6.50 -.57 -1.64 .12
7.73 -6.53 -4.56 -.15 .16 -.49
7.73 -6.53 -4.56 -.13 -.47 -.51
7.39 -7.00 -2.90 -.15 .16 -.49
7.39 -7.00 -2.90 -.36 .26 -.48
6.81 -7.33 -1.72 -.36 .26 -.48
6.81 -7.33 -1.72 -.39 .42 -.51
6.61 -7.59 -1.36 -.39 .42 -.51
6.61 -7.59 -1.36 -.11 .40 -.54
6.67 -7.16 -.84 -.11 .40 -.54
6.67 -7.16 -.84 .23 .40 -.53
6.31 -6.73 -.11 .23 .40 -.53
6.31 -6.73 -.11 .18 .50 -.51
6.28 -6.82 .50 .18 .50 -.51
6.28 -6.82 .50 -.05 .56 -.48
6.30 -7.00 1.13 -.05 .56 -.48
6.30 -7.00 1.13 -.18 .61 -.44
6.19 -7.00 1.12 -.18 .61 -.44
6.19 -7.00 1.12 -.09 .59 -.40
5.92 -6.53 1.52 -.09 .59 -.40
5.92 -6.53 1.52 .00 .56 -.36
5.90 -6.35 1.90 .00 .56 -.36
5.90 -6.35 1.90 -.04 .50 -.29
6.29 -6.37 2.11 -.04 .50 -.29
6.29 -6.37 2.11 -.11 .39 -.20
-.90 -3.43 17.44 -.16 .52 -.58
-.90 -3.43 17.44 -.13 .42 -.56
-3.26 6.70 19.87 -.13 .42 -.56
-3.26 6.70 19.87 1.32 -.26 .52
-3.49 8.86 27.52 1.32 -.26 .52
-3.49 8.86 27.52 2.53 -2.12 2.81
.15 13.32 19.62 2.53 -2.12 2.81
.15 13.32 19.62 3.12 -4.44 4.11
-5.03 4.26 19.53 3.12 -4.44 4.11
-5.03 4.26 19.53 3.69 -5.89 5.94
-7.36 -5.85 20.26 3.69 -5.89 5.94
-7.36 -5.85 20.26 2.98 -7.97 5.02
-17.96 -26.14 11.15 2.98 -7.97 5.02
-17.96 -26.14 11.15 .48 -7.93 4.30
-18.44 -40.69 -8.14 .48 -7.93 4.30
-18.44 -40.69 -8.14 -.62 -8.14 3.69
-5.30 -34.38 -12.93 -.62 -8.14 3.69
-5.30 -34.38 -12.93 2.69 -6.47 2.12
.92 -22.53 -12.20 2.69 -6.47 2.12
.92 -22.53 -12.20 3.37 -4.99 .47
5.45 -13.23 -9.01 3.37 -4.99 .47
5.45 -13.23 -9.01 1.37 -4.38 -.15
7.39 -9.48 -9.19 1.37 -4.38 -.15
7.39 -9.48 -9.19 -1.42 -3.55 -.81
6.75 -5.81 -8.35 -1.42 -3.55 -.81
6.75 -5.81 -8.35 -2.53 -2.09 -1.91
6.12 -5.12 -6.59 -2.53 -2.09 -1.91
6.12 -5.12 -6.59 -1.42 -1.10 -1.38
7.66 -4.56 -5.40 -1.42 -1.10 -1.38
7.66 -4.56 -5.40 -.66 -.51 -1.30
7.95 -3.21 -3.47 -.66 -.51 -1.30
7.95 -3.21 -3.47 -.84 .10 -1.12
7.59 -3.75 -2.11 -.84 .10 -1.12
7.59 -3.75 -2.11 -.97 .34 -.88
7.20 -5.46 -1.41 -.97 .34 -.88
7.20 -5.46 -1.41 -.72 .60 -.57
6.90 -5.74 -.81 -.72 .60 -.57
6.90 -5.74 -.81 -.22 .69 -.42
7.09 -5.73 .19 -.22 .69 -.42
7.09 -5.73 .19 .08 .70 -.35
6.99 -5.92 1.00 .08 .70 -.35
6.99 -5.92 1.00 -.02 .68 -.30
7.22 -6.06 1.99 -.02 .68 -.30
7.22 -6.06 1.99 -.33 .62 -.27
7.50 -6.05 1.84 -.33 .62 -.27
7.50 -6.05 1.84 -.58 .51 -.29
7.31 -6.10 1.92 -.58 .51 -.29
7.31 -6.10 1.92 -.52 .52 -.28
6.97 -6.07 2.02 -.30 .47 -.26
