6.97 -6.07 2.02 -.52 .52 -.28
.89 .86 26.10 -.35 -.21 -.45
.89 .86 26.10 .00 -1.44 .36
-.48 4.78 27.90 .00 -1.44 .36
-.48 4.78 27.90 -.24 -3.37 1.60
-4.30 3.68 20.03 -.24 -3.37 1.60
-4.30 3.68 20.03 -.63 -4.42 2.57
-10.65 -.53 8.60 -.63 -4.42 2.57
-10.65 -.53 8.60 .15 -4.69 2.88
-13.80 -4.96 .68 .15 -4.69 2.88
-13.80 -4.96 .68 2.95 -6.38 3.27
-9.43 -10.08 3.46 2.95 -6.38 3.27
-9.43 -10.08 3.46 4.84 -10.41 3.99
1.07 -14.04 4.94 4.84 -10.41 3.99
1.07 -14.04 4.94 2.04 -8.64 5.19
-10.11 -26.14 .76 2.04 -8.64 5.19
-10.11 -26.14 .76 2.37 -6.48 2.82
-13.35 -37.38 -9.63 2.37 -6.48 2.82
-13.35 -37.38 -9.63 5.18 -5.60 2.63
-3.90 -22.45 -13.43 5.18 -5.60 2.63
-3.90 -22.45 -13.43 4.55 -5.37 1.89
4.28 -14.50 -10.84 4.55 -5.37 1.89
4.28 -14.50 -10.84 .03 -4.07 .89
8.53 -14.54 -10.25 .03 -4.07 .89
8.53 -14.54 -10.25 -2.54 -2.83 .24
10.65 -11.91 -9.79 -2.17 -1.40 -1.31
10.65 -11.91 -9.79 -2.54 -2.83 .24
7.63 -7.93 -7.69 -2.17 -1.40 -1.31
