7.63 -7.93 -7.69 .12 .07 -1.56
5.91 -5.84 -3.86 .12 .07 -1.56
5.91 -5.84 -3.86 .84 .50 -1.26
6.94 -4.16 -2.33 .84 .50 -1.26
6.94 -4.16 -2.33 .27 .54 -1.14
6.96 -4.18 -1.30 .27 .54 -1.14
6.96 -4.18 -1.30 -.19 .58 -.88
6.76 -5.10 -.79 -.19 .58 -.88
6.76 -5.10 -.79 -.39 .52 -.70
6.69 -5.52 -.19 -.39 .52 -.70
6.69 -5.52 -.19 -.26 .47 -.49
6.73 -6.22 .31 -.26 .47 -.49
6.73 -6.22 .31 .10 .41 -.35
6.92 -6.56 .94 .10 .41 -.35
6.92 -6.56 .94 .40 .39 -.29
6.82 -6.51 1.63 .40 .39 -.29
6.82 -6.51 1.63 .45 .37 -.25
7.02 -6.66 2.03 .45 .37 -.25
7.02 -6.66 2.03 .36 .32 -.23
6.78 -6.80 1.72 .36 .32 -.23
6.78 -6.80 1.72 .28 .31 -.24
6.47 -6.52 1.78 .28 .31 -.24
6.47 -6.52 1.78 .23 .28 -.24
-.24 10.20 22.41 .72 -.59 1.28
-.24 10.20 22.41 1.19 -1.69 2.42
-3.45 11.98 27.06 1.19 -1.69 2.42
-3.45 11.98 27.06 2.30 -3.38 4.60
-6.54 10.78 22.65 2.30 -3.38 4.60
-6.54 10.78 22.65 3.20 -4.88 5.96
-8.74 7.03 17.73 3.20 -4.88 5.96
-8.74 7.03 17.73 3.75 -6.33 7.56
-13.15 -6.70 16.39 3.75 -6.33 7.56
-13.15 -6.70 16.39 2.34 -7.36 7.17
-21.51 -27.40 12.93 2.34 -7.36 7.17
-21.51 -27.40 12.93 .79 -7.18 5.29
-18.30 -34.74 -.11 .79 -7.18 5.29
-18.30 -34.74 -.11 .12 -7.11 5.34
-8.69 -31.97 -4.96 .12 -7.11 5.34
-8.69 -31.97 -4.96 1.91 -6.14 3.83
-4.41 -23.09 -8.15 1.91 -6.14 3.83
-4.41 -23.09 -8.15 1.67 -5.45 1.97
-.83 -17.26 -6.30 1.67 -5.45 1.97
-.83 -17.26 -6.30 .19 -4.79 1.55
2.78 -12.74 -6.86 .19 -4.79 1.55
2.78 -12.74 -6.86 -1.91 -4.24 .28
5.95 -9.99 -7.69 -1.91 -4.24 .28
5.95 -9.99 -7.69 -1.69 -3.34 -.16
7.41 -8.52 -7.12 -1.69 -3.34 -.16
7.41 -8.52 -7.12 -.82 -2.32 -.17
7.86 -7.25 -6.34 -.82 -2.32 -.17
7.86 -7.25 -6.34 -.35 -1.38 -.50
7.10 -6.82 -3.94 -.35 -1.38 -.50
7.10 -6.82 -3.94 -.10 -.58 -.48
6.52 -7.16 -2.57 -.10 -.58 -.48
6.52 -7.16 -2.57 .22 -.19 -.37
6.89 -7.22 -2.14 .22 -.19 -.37
6.89 -7.22 -2.14 .50 -.12 -.31
6.59 -7.03 -1.66 .50 -.12 -.31
6.59 -7.03 -1.66 .43 .06 -.29
5.88 -7.26 -.69 .43 .06 -.29
5.88 -7.26 -.69 .16 .14 -.25
5.77 -7.78 -.05 .16 .14 -.25
5.77 -7.78 -.05 .02 .18 -.21
5.87 -7.71 .10 .02 .18 -.21
5.87 -7.71 .10 .07 .26 -.20
5.84 -7.81 .82 .21 .38 -.18
5.84 -7.81 .82 .07 .26 -.20
5.74 -7.61 .97 .21 .38 -.18
5.74 -7.61 .97 .25 .45 -.18
