6.15 -7.28 1.21 .25 .45 -.18
6.15 -7.28 1.21 .34 .38 -.17
6.21 -7.00 2.08 .34 .38 -.17
6.21 -7.00 2.08 .36 .40 -.17
.28 5.89 21.13 1.45 .00 1.06
.28 5.89 21.13 1.71 -.65 2.04
-2.52 10.99 24.54 1.71 -.65 2.04
-2.52 10.99 24.54 2.53 -1.94 3.76
-5.51 13.40 25.00 2.53 -1.94 3.76
-5.51 13.40 25.00 3.23 -3.58 5.63
-8.70 10.76 22.82 3.23 -3.58 5.63
-8.70 10.76 22.82 3.19 -5.25 6.80
-12.08 -1.49 22.51 3.19 -5.25 6.80
-12.08 -1.49 22.51 1.94 -7.13 6.70
-18.31 -18.16 16.35 1.94 -7.13 6.70
-18.31 -18.16 16.35 -.08 -8.16 6.72
-25.47 -41.85 2.31 -.08 -8.16 6.72
-25.47 -41.85 2.31 -1.02 -8.99 3.65
-6.62 -31.11 -14.01 -1.02 -8.99 3.65
-6.62 -31.11 -14.01 1.66 -7.73 1.92
-.26 -20.26 -16.41 1.74 -5.54 .12
-.26 -20.26 -16.41 1.66 -7.73 1.92
5.48 -13.48 -16.39 1.03 -4.19 -.07
5.48 -13.48 -16.39 1.74 -5.54 .12
9.32 -5.47 -13.21 1.03 -4.19 -.07
9.32 -5.47 -13.21 -.52 -2.41 -1.13
7.71 -1.21 -7.92 -.52 -2.41 -1.13
7.71 -1.21 -7.92 -.56 -.66 -1.00
9.06 -3.50 -4.98 -.56 -.66 -1.00
9.06 -3.50 -4.98 -.40 -.46 -.53
11.58 -4.24 -4.26 -.40 -.46 -.53
11.58 -4.24 -4.26 -.63 -.10 -.22
9.86 -5.04 -2.33 -.63 -.10 -.22
9.86 -5.04 -2.33 -.56 .47 -.40
7.57 -5.51 -.61 -.56 .47 -.40
7.57 -5.51 -.61 -.57 .64 -.42
6.79 -6.18 -.18 -.57 .64 -.42
6.79 -6.18 -.18 -.17 .51 -.25
6.37 -6.53 .47 .13 .50 -.16
6.37 -6.53 .47 -.17 .51 -.25
6.39 -6.72 1.33 .13 .50 -.16
6.39 -6.72 1.33 .14 .45 -.13
6.58 -6.66 1.54 .14 .45 -.13
6.58 -6.66 1.54 .05 .42 -.12
6.65 -6.71 2.26 .05 .42 -.12
6.65 -6.71 2.26 -.05 .43 -.13
6.58 -6.81 2.69 -.05 .43 -.13
6.58 -6.81 2.69 -.14 .46 -.14
6.88 -6.93 2.77 -.14 .46 -.14
6.88 -6.93 2.77 .13 .37 -.12
7.16 -6.51 2.69 .13 .37 -.12
7.16 -6.51 2.69 .58 .31 -.14
