5.41 -7.60 .63 -.11 .30 -.28
5.41 -7.60 .63 -.04 .46 -.21
5.52 -7.40 1.02 -.04 .46 -.21
5.52 -7.40 1.02 -.04 .47 -.15
-8.42 2.24 22.22 .05 1.47 -.72
-8.42 2.24 22.22 1.69 .67 1.00
-11.85 6.87 28.45 1.69 .67 1.00
-11.85 6.87 28.45 3.22 -.84 2.24
-12.19 14.59 27.18 3.22 -.84 2.24
-12.19 14.59 27.18 3.70 -3.58 3.92
-12.65 14.30 26.60 3.70 -3.58 3.92
-12.65 14.30 26.60 2.72 -6.28 5.66
-19.25 3.91 22.45 2.72 -6.28 5.66
-19.25 3.91 22.45 -.50 -8.61 6.94
-27.74 -15.04 7.50 -.50 -8.61 6.94
-27.74 -15.04 7.50 -2.44 -10.39 4.89
-18.73 -28.75 -1.64 -2.44 -10.39 4.89
-18.73 -28.75 -1.64 -2.10 -11.36 3.86
-9.97 -26.31 -7.66 -2.10 -11.36 3.86
-9.97 -26.31 -7.66 .79 -9.94 4.17
-10.23 -22.61 -13.76 .79 -9.94 4.17
-10.23 -22.61 -13.76 -.05 -8.10 1.44
-2.81 -16.36 -18.08 -.05 -8.10 1.44
-2.81 -16.36 -18.08 -.46 -6.63 .96
2.23 -12.87 -18.26 -.46 -6.63 .96
2.23 -12.87 -18.26 -.80 -5.00 .48
6.89 -9.93 -16.64 -.32 -3.24 .08
6.89 -9.93 -16.64 -.80 -5.00 .48
8.24 -7.74 -13.72 -.32 -3.24 .08
8.24 -7.74 -13.72 .73 -1.34 .05
6.20 -6.78 -10.02 .73 -1.34 .05
6.20 -6.78 -10.02 .55 .10 .02
5.91 -7.25 -8.03 -.32 .60 .03
5.91 -7.25 -8.03 .55 .10 .02
6.70 -8.10 -5.79 -.32 .60 .03
6.70 -8.10 -5.79 -.53 1.05 .08
6.64 -8.34 -3.53 -.53 1.05 .08
6.64 -8.34 -3.53 -.14 1.35 .15
6.87 -7.75 -1.99 .39 1.31 -.06
6.87 -7.75 -1.99 -.14 1.35 .15
6.71 -7.42 -1.58 .39 1.31 -.06
6.71 -7.42 -1.58 .71 1.32 -.13
6.58 -7.48 .17 .71 1.32 -.13
6.58 -7.48 .17 .66 1.32 -.19
5.62 -7.71 .94 .66 1.32 -.19
5.62 -7.71 .94 .09 1.20 -.29
5.95 -7.80 .89 .09 1.20 -.29
5.95 -7.80 .89 -.27 .86 -.26
6.14 -7.94 .62 -.27 .86 -.26
6.14 -7.94 .62 -.45 .76 -.26
5.90 -7.93 1.92 -.45 .76 -.26
