7.02 -5.77 2.53 .58 .31 -.14
7.02 -5.77 2.53 .79 .27 -.13
.80 6.90 19.71 -.10 .26 -.07
.80 6.90 19.71 1.22 -.96 2.07
-3.33 13.01 26.17 2.52 -2.41 3.86
-3.33 13.01 26.17 1.22 -.96 2.07
-7.41 13.90 23.54 2.52 -2.41 3.86
-7.41 13.90 23.54 3.66 -3.86 6.22
-11.97 8.80 20.20 3.66 -3.86 6.22
-11.97 8.80 20.20 4.33 -5.13 7.22
-14.40 -.90 20.86 4.33 -5.13 7.22
-14.40 -.90 20.86 4.50 -7.07 7.69
-18.03 -11.62 17.10 4.50 -7.07 7.69
-18.03 -11.62 17.10 1.15 -7.87 8.17
-25.75 -35.60 3.70 1.15 -7.87 8.17
-25.75 -35.60 3.70 .05 -7.19 6.11
-19.05 -44.55 -5.75 .05 -7.19 6.11
-19.05 -44.55 -5.75 3.99 -6.95 5.81
-9.37 -29.32 -7.21 3.99 -6.95 5.81
-9.37 -29.32 -7.21 2.82 -5.96 3.53
-1.34 -22.17 -8.44 2.82 -5.96 3.53
-1.34 -22.17 -8.44 -1.43 -4.84 1.74
4.58 -18.75 -8.76 -1.43 -4.84 1.74
4.58 -18.75 -8.76 -4.23 -4.16 .74
11.48 -12.63 -10.56 -4.23 -4.16 .74
11.48 -12.63 -10.56 -3.10 -3.12 -.74
9.62 -9.95 -8.09 .47 -1.12 -1.10
9.62 -9.95 -8.09 -3.10 -3.12 -.74
6.41 -6.62 -4.89 .47 -1.12 -1.10
6.41 -6.62 -4.89 1.42 -.10 -1.22
7.68 -4.37 -1.99 1.13 .04 -.92
7.68 -4.37 -1.99 1.42 -.10 -1.22
8.18 -4.32 -1.05 1.13 .04 -.92
8.18 -4.32 -1.05 .29 .23 -.82
6.54 -5.46 -.03 .29 .23 -.82
6.54 -5.46 -.03 -.27 .57 -.75
5.85 -6.47 1.52 -.27 .57 -.75
5.85 -6.47 1.52 -.11 .52 -.62
5.96 -6.51 1.75 -.11 .52 -.62
5.96 -6.51 1.75 .47 .48 -.48
5.69 -5.95 2.67 .47 .48 -.48
5.69 -5.95 2.67 .76 .44 -.35
5.62 -5.60 3.14 .76 .44 -.35
5.62 -5.60 3.14 .51 .31 -.23
5.58 -5.80 3.43 .51 .31 -.23
5.58 -5.80 3.43 .00 .19 -.12
5.91 -6.42 3.60 .00 .19 -.12
5.91 -6.42 3.60 -.32 .09 -.04
