6.25 -6.89 3.30 -.32 .09 -.04
6.25 -6.89 3.30 -.22 .07 .00
6.38 -7.40 2.99 -.22 .07 .00
6.38 -7.40 2.99 .35 .07 .02
3.03 2.18 16.74 -.14 -.54 -.19
3.03 2.18 16.74 .64 -.78 .43
.54 7.54 23.62 .64 -.78 .43
.54 7.54 23.62 1.64 -1.40 1.78
-3.41 15.42 30.19 1.64 -1.40 1.78
-3.41 15.42 30.19 2.28 -3.18 3.52
-7.37 15.32 23.55 2.28 -3.18 3.52
-7.37 15.32 23.55 3.21 -4.74 5.85
-14.45 10.89 16.82 3.21 -4.74 5.85
-14.45 10.89 16.82 5.23 -5.58 8.14
-18.52 -3.31 20.95 5.23 -5.58 8.14
-18.52 -3.31 20.95 7.04 -8.32 8.06
-20.63 -18.04 23.74 7.04 -8.32 8.06
-20.63 -18.04 23.74 1.12 -8.69 7.14
-27.30 -58.17 -3.96 1.12 -8.69 7.14
-27.30 -58.17 -3.96 1.11 -8.19 5.42
-9.95 -50.86 -14.64 1.11 -8.19 5.42
-9.95 -50.86 -14.64 5.05 -7.51 4.30
-.37 -27.29 -13.75 5.05 -7.51 4.30
-.37 -27.29 -13.75 4.30 -5.53 1.25
6.20 -16.41 -13.32 4.30 -5.53 1.25
6.20 -16.41 -13.32 -.01 -4.64 .81
11.20 -9.20 -13.43 -.01 -4.64 .81
11.20 -9.20 -13.43 -2.21 -3.10 -1.36
10.51 -4.29 -9.18 -2.21 -3.10 -1.36
10.51 -4.29 -9.18 -.07 -1.25 -1.08
