8.82 -1.61 -6.31 -.07 -1.25 -1.08
8.82 -1.61 -6.31 .88 -.31 -1.01
9.46 .00 -2.74 .88 -.31 -1.01
9.46 .00 -2.74 -.11 -.02 -.56
9.38 -2.33 -1.62 -.11 -.02 -.56
9.38 -2.33 -1.62 -1.04 .18 -.32
8.69 -4.96 -1.07 -1.04 .18 -.32
8.69 -4.96 -1.07 -.14 .54 -.16
7.02 -7.25 .89 -.14 .54 -.16
7.02 -7.25 .89 1.44 .59 -.07
6.48 -6.53 1.98 1.44 .59 -.07
6.48 -6.53 1.98 2.30 .53 -.04
6.56 -5.28 2.38 2.30 .53 -.04
6.56 -5.28 2.38 1.64 .36 -.05
7.05 -5.59 2.76 1.64 .36 -.05
7.05 -5.59 2.76 .57 .30 -.05
7.06 -6.14 2.98 .57 .30 -.05
7.06 -6.14 2.98 .00 .29 -.08
7.70 -6.10 3.15 .00 .29 -.08
7.70 -6.10 3.15 .00 .16 -.12
7.84 -5.24 3.03 .00 .16 -.12
7.84 -5.24 3.03 .02 .18 -.14
7.77 -4.69 2.78 .02 .18 -.14
7.77 -4.69 2.78 -.10 .08 -.14
-13.54 .67 19.21 5.64 -5.69 7.60
-13.54 .67 19.21 4.35 -6.88 7.82
-22.40 -18.73 11.93 4.35 -6.88 7.82
-22.40 -18.73 11.93 2.22 -7.08 7.42
-23.19 -51.39 3.99 2.22 -7.08 7.42
-23.19 -51.39 3.99 1.63 -7.43 4.98
-5.28 -39.36 -2.28 1.63 -7.43 4.98
-5.28 -39.36 -2.28 4.39 -6.47 4.87
.16 -29.66 -5.91 4.39 -6.47 4.87
.16 -29.66 -5.91 1.88 -5.07 1.45
4.46 -14.98 -10.21 1.88 -5.07 1.45
4.46 -14.98 -10.21 -.80 -4.64 -.11
6.17 -9.59 -9.79 -.80 -4.64 -.11
6.17 -9.59 -9.79 -1.96 -3.54 -.66
7.80 -6.52 -10.05 -1.96 -3.54 -.66
7.80 -6.52 -10.05 -1.28 -2.51 -.81
9.38 -5.06 -8.86 -1.28 -2.51 -.81
9.38 -5.06 -8.86 .12 -1.48 -.81
9.07 -4.10 -6.97 .12 -1.48 -.81
9.07 -4.10 -6.97 .70 -.44 -.67
8.38 -4.29 -4.37 .70 -.44 -.67
8.38 -4.29 -4.37 .42 .09 -.48
8.18 -5.26 -3.83 .42 .09 -.48
8.18 -5.26 -3.83 .10 .36 -.37
7.33 -5.43 -3.23 .10 .36 -.37
7.33 -5.43 -3.23 .20 .62 -.24
6.04 -5.24 -1.77 .20 .62 -.24
6.04 -5.24 -1.77 .18 .81 -.10
6.12 -5.49 -.74 .18 .81 -.10
6.12 -5.49 -.74 .18 .71 .05
7.36 -6.30 .18 .18 .71 .05
7.36 -6.30 .18 .30 .60 .10
7.77 -6.69 1.40 .30 .60 .10
7.77 -6.69 1.40 .21 .66 .05
7.52 -6.60 2.40 -.10 .67 .00
7.52 -6.60 2.40 .21 .66 .05
7.51 -6.83 1.88 -.10 .67 .00
7.51 -6.83 1.88 -.23 .57 -.06
7.59 -6.94 1.48 -.23 .57 -.06
7.59 -6.94 1.48 .06 .61 -.16
7.30 -6.41 2.59 .06 .61 -.16
7.30 -6.41 2.59 .45 .66 -.23
6.95 -5.80 2.88 .45 .66 -.23
6.95 -5.80 2.88 .67 .57 -.24
7.21 -5.33 2.58 .67 .57 -.24
7.21 -5.33 2.58 .61 .39 -.24
7.21 -5.39 2.26 .61 .39 -.24
7.21 -5.39 2.26 .41 .34 -.21
