6.98 -5.23 2.69 .41 .34 -.21
6.98 -5.23 2.69 .27 .29 -.16
-.05 3.53 22.11 -.42 -.94 1.68
-.05 3.53 22.11 1.23 -1.75 2.64
-3.70 5.48 25.86 1.23 -1.75 2.64
-3.70 5.48 25.86 2.94 -3.20 4.27
-6.61 5.44 24.56 2.94 -3.20 4.27
-6.61 5.44 24.56 4.15 -4.58 5.31
-8.85 3.38 21.54 4.15 -4.58 5.31
-8.85 3.38 21.54 5.44 -6.06 6.57
-9.10 -1.40 20.76 5.44 -6.06 6.57
-9.10 -1.40 20.76 6.20 -7.67 7.30
-15.27 -15.32 17.69 6.20 -7.67 7.30
-15.27 -15.32 17.69 5.85 -7.92 7.07
-27.65 -37.33 12.51 5.85 -7.92 7.07
-27.65 -37.33 12.51 5.47 -6.68 6.41
-19.06 -38.97 6.00 5.47 -6.68 6.41
-19.06 -38.97 6.00 3.86 -7.64 5.73
-10.74 -34.10 -6.62 3.86 -7.64 5.73
-10.74 -34.10 -6.62 -1.59 -7.21 2.90
.48 -22.10 -13.38 -1.59 -7.21 2.90
.48 -22.10 -13.38 -3.13 -6.33 .65
9.23 -14.20 -15.60 -3.13 -6.33 .65
9.23 -14.20 -15.60 -1.47 -5.05 -.49
9.45 -7.52 -14.31 -1.47 -5.05 -.49
9.45 -7.52 -14.31 1.52 -2.06 -1.11
7.38 -1.78 -9.79 1.52 -2.06 -1.11
7.38 -1.78 -9.79 1.74 -.41 -1.03
10.22 -.17 -7.18 1.74 -.41 -1.03
10.22 -.17 -7.18 .02 -.14 -.42
9.86 -3.96 -5.27 .02 -.14 -.42
9.86 -3.96 -5.27 -.89 .62 -.25
7.25 -5.88 -1.78 -.89 .62 -.25
7.25 -5.88 -1.78 -.71 1.02 -.19
7.12 -6.47 .06 -.71 1.02 -.19
7.12 -6.47 .06 .17 .74 -.04
7.91 -6.50 1.01 .17 .74 -.04
7.91 -6.50 1.01 .86 .38 .11
7.52 -6.73 1.71 .86 .38 .11
7.52 -6.73 1.71 .89 .37 -.01
6.93 -6.29 2.29 .89 .37 -.01
6.93 -6.29 2.29 -.06 .32 -.15
6.88 -6.73 2.91 -.06 .32 -.15
6.88 -6.73 2.91 -.37 .34 -.15
7.46 -6.64 2.68 -.37 .34 -.15
7.46 -6.64 2.68 -.13 .27 -.13
7.29 -5.70 2.37 -.13 .27 -.13
7.29 -5.70 2.37 .15 .33 -.16
6.81 -4.82 2.97 .15 .33 -.16
6.81 -4.82 2.97 .10 .35 -.15
6.99 -5.03 3.22 .10 .35 -.15
