6.99 -5.03 3.22 .00 .24 -.08
3.53 3.28 17.16 .21 -.25 .00
3.53 3.28 17.16 .87 -.60 .75
.86 6.21 24.07 .87 -.60 .75
.86 6.21 24.07 3.34 -.97 2.14
-2.91 18.34 27.87 3.34 -.97 2.14
-2.91 18.34 27.87 5.75 -2.06 4.68
-5.56 27.14 22.37 5.75 -2.06 4.68
-5.56 27.14 22.37 6.46 -4.09 7.43
-11.96 24.72 18.29 6.46 -4.09 7.43
-11.96 24.72 18.29 5.84 -4.71 9.85
-23.53 3.28 26.14 5.84 -4.71 9.85
-23.53 3.28 26.14 4.05 -6.91 9.98
-42.65 -23.43 17.97 4.05 -6.91 9.98
-42.65 -23.43 17.97 -.58 -6.96 8.02
-21.80 -73.26 -7.87 -.58 -6.96 8.02
-21.80 -73.26 -7.87 -.25 -8.95 6.71
-3.60 -49.98 -13.97 -.25 -8.95 6.71
-3.60 -49.98 -13.97 .72 -7.05 3.66
5.88 -29.50 -14.79 .72 -7.05 3.66
5.88 -29.50 -14.79 1.90 -4.78 .71
10.64 -17.99 -15.63 1.90 -4.78 .71
10.64 -17.99 -15.63 1.48 -3.29 -.10
12.70 -4.76 -13.39 1.48 -3.29 -.10
12.70 -4.76 -13.39 .63 -1.23 -1.88
7.64 1.15 -10.31 .63 -1.23 -1.88
7.64 1.15 -10.31 .88 .88 -1.46
5.82 1.43 -3.23 1.17 1.17 -.76
5.82 1.43 -3.23 .88 .88 -1.46
8.96 .36 1.18 1.17 1.17 -.76
8.96 .36 1.18 -.34 .75 -.48
9.94 -2.50 1.30 -.34 .75 -.48
9.94 -2.50 1.30 -.80 .55 .06
8.52 -4.81 2.02 -.80 .55 .06
8.52 -4.81 2.02 -.50 .61 .15
6.98 -5.90 2.72 -.50 .61 .15
6.98 -5.90 2.72 -.02 .51 .15
5.80 -6.48 2.86 -.02 .51 .15
5.80 -6.48 2.86 .52 .45 .25
5.92 -6.72 3.03 .52 .45 .25
5.92 -6.72 3.03 .55 .33 .31
7.11 -6.30 3.18 .55 .33 .31
7.11 -6.30 3.18 .06 .29 .26
7.18 -6.60 3.28 .06 .29 .26
7.18 -6.60 3.28 -.25 .47 .18
6.89 -6.55 3.72 -.25 .47 .18
6.89 -6.55 3.72 -.34 .51 .12
7.10 -6.61 3.80 -.34 .51 .12
7.10 -6.61 3.80 -.12 .46 .07
