7.15 -5.89 3.75 .24 .44 .07
7.15 -5.89 3.75 -.12 .46 .07
-12.49 -3.04 16.84 2.64 -5.45 6.87
-12.49 -3.04 16.84 3.35 -6.59 7.53
-20.38 -25.94 19.26 3.35 -6.59 7.53
-20.38 -25.94 19.26 1.73 -7.15 5.38
-26.90 -44.29 -1.01 1.73 -7.15 5.38
-26.90 -44.29 -1.01 -1.98 -8.80 5.31
-5.24 -38.24 -13.62 -1.98 -8.80 5.31
-5.24 -38.24 -13.62 -1.56 -8.55 2.22
.80 -26.87 -17.16 -1.56 -8.55 2.22
.80 -26.87 -17.16 .11 -6.04 .55
3.88 -14.75 -19.16 .11 -6.04 .55
3.88 -14.75 -19.16 2.00 -4.16 -.95
5.42 -3.69 -15.59 2.00 -4.16 -.95
5.42 -3.69 -15.59 .61 -2.14 -1.03
8.22 1.30 -9.89 .61 -2.14 -1.03
8.22 1.30 -9.89 -.75 -.56 -.58
8.82 -3.56 -7.15 -.75 -.56 -.58
8.82 -3.56 -7.15 -.78 .16 -.03
8.30 -5.26 -4.70 -.78 .16 -.03
8.30 -5.26 -4.70 -.86 .87 .09
8.62 -6.09 -2.29 -.86 .87 .09
8.62 -6.09 -2.29 -.12 .98 .26
7.74 -7.00 .54 -.12 .98 .26
7.74 -7.00 .54 .64 1.11 .30
6.43 -8.09 2.15 1.17 .76 .12
6.43 -8.09 2.15 .64 1.11 .30
6.48 -7.84 2.08 1.17 .76 .12
6.48 -7.84 2.08 .83 .38 -.04
6.33 -7.01 1.79 .83 .38 -.04
6.33 -7.01 1.79 .16 .38 -.11
5.97 -7.77 2.31 .16 .38 -.11
5.97 -7.77 2.31 -.36 .51 -.18
5.45 -8.52 2.60 -.36 .51 -.18
5.45 -8.52 2.60 -.02 .63 -.16
5.99 -7.56 3.12 .64 .53 -.13
5.99 -7.56 3.12 -.02 .63 -.16
6.67 -6.60 3.13 .64 .53 -.13
6.67 -6.60 3.13 .84 .49 -.14
6.61 -5.80 2.97 .84 .49 -.14
6.61 -5.80 2.97 .44 .46 -.21
6.24 -6.04 3.80 .44 .46 -.21
6.24 -6.04 3.80 -.02 .39 -.19
6.59 -6.36 3.45 -.02 .39 -.19
6.59 -6.36 3.45 -.35 .18 -.14
6.95 -6.76 2.63 -.35 .18 -.14
6.95 -6.76 2.63 -.26 .12 -.13
6.30 -6.72 2.03 -.26 .12 -.13
