6.30 -6.72 2.03 .07 .20 -.19
5.90 -6.66 2.86 .45 .17 -.15
5.90 -6.66 2.86 .07 .20 -.19
-.54 11.48 17.42 4.11 -1.54 3.44
-.54 11.48 17.42 4.95 -2.47 4.70
-1.51 16.62 19.40 4.95 -2.47 4.70
-1.51 16.62 19.40 4.19 -3.49 6.37
-6.62 12.33 19.77 4.19 -3.49 6.37
-6.62 12.33 19.77 2.00 -4.40 7.74
-13.49 -2.03 16.55 2.00 -4.40 7.74
-13.49 -2.03 16.55 -.16 -5.51 6.75
-19.38 -24.06 9.96 1.21 -5.54 5.52
-19.38 -24.06 9.96 -.16 -5.51 6.75
-12.56 -34.55 2.31 1.21 -5.54 5.52
-12.56 -34.55 2.31 3.90 -6.48 5.53
-6.82 -29.33 -3.57 3.90 -6.48 5.53
-6.82 -29.33 -3.57 1.30 -5.04 4.19
-1.20 -25.38 -7.28 1.30 -5.04 4.19
-1.20 -25.38 -7.28 -1.29 -4.26 1.72
4.65 -20.00 -7.14 -1.29 -4.26 1.72
4.65 -20.00 -7.14 -1.22 -3.40 .55
8.91 -12.46 -6.77 -1.22 -3.40 .55
8.91 -12.46 -6.77 .64 -2.38 .02
7.43 -7.37 -4.48 .64 -2.38 .02
7.43 -7.37 -4.48 1.56 -.96 -.41
6.72 -4.37 -2.49 1.56 -.96 -.41
6.72 -4.37 -2.49 .70 -.46 -.56
6.68 -4.42 -1.27 .70 -.46 -.56
6.68 -4.42 -1.27 -.30 -.31 -.21
6.58 -6.39 -.17 -.84 -.12 -.16
6.58 -6.39 -.17 -.30 -.31 -.21
6.43 -6.83 .82 -.84 -.12 -.16
6.43 -6.83 .82 -.82 .00 -.12
6.22 -7.39 1.33 -.82 .00 -.12
6.22 -7.39 1.33 -.27 .07 .02
5.65 -7.86 1.75 .06 .16 .04
5.65 -7.86 1.75 -.27 .07 .02
5.03 -7.91 2.29 .06 .16 .04
5.03 -7.91 2.29 -.07 .18 .02
4.88 -7.69 2.60 -.07 .18 .02
4.88 -7.69 2.60 -.46 .14 -.02
5.48 -8.11 2.63 -.46 .14 -.02
5.48 -8.11 2.63 -.77 .07 -.03
6.18 -8.71 2.76 -.77 .07 -.03
6.18 -8.71 2.76 -.50 .08 -.09
6.38 -8.44 2.78 -.50 .08 -.09
6.38 -8.44 2.78 .03 .10 -.15
5.96 -7.57 2.97 .03 .10 -.15
