5.96 -7.57 2.97 .16 .11 -.21
5.62 -7.26 3.29 .16 .11 -.21
5.62 -7.26 3.29 -.17 .09 -.26
5.81 -7.33 3.22 -.17 .09 -.26
5.81 -7.33 3.22 -.54 .05 -.28
2.59 -1.80 17.41 1.02 -.22 -.15
2.59 -1.80 17.41 1.97 -.52 .23
.00 12.22 28.27 4.45 -1.64 2.14
.00 12.22 28.27 1.97 -.52 .23
-2.29 18.47 29.69 4.45 -1.64 2.14
-2.29 18.47 29.69 4.86 -3.84 5.12
-6.01 19.89 21.77 4.86 -3.84 5.12
-6.01 19.89 21.77 3.79 -5.48 6.25
-13.74 10.11 22.04 3.79 -5.48 6.25
-13.74 10.11 22.04 3.43 -7.30 8.28
-21.04 -5.80 16.71 2.81 -9.13 6.71
-21.04 -5.80 16.71 3.43 -7.30 8.28
-40.61 -23.32 4.97 -.96 -8.76 6.24
-40.61 -23.32 4.97 2.81 -9.13 6.71
-17.57 -39.93 -15.45 -.96 -8.76 6.24
-17.57 -39.93 -15.45 1.00 -10.25 5.84
-12.20 -37.28 -18.65 1.00 -10.25 5.84
-12.20 -37.28 -18.65 1.77 -6.43 4.74
.42 -25.54 -17.68 1.77 -6.43 4.74
.42 -25.54 -17.68 1.86 -2.82 3.04
10.94 -21.00 -10.80 -.71 -1.69 1.60
10.94 -21.00 -10.80 1.86 -2.82 3.04
10.63 -15.10 -8.93 -.71 -1.69 1.60
10.63 -15.10 -8.93 -.49 -.27 -.55
6.79 -11.40 -6.12 -.49 -.27 -.55
6.79 -11.40 -6.12 -.39 .40 -.87
6.84 -8.87 -2.17 -.39 .40 -.87
6.84 -8.87 -2.17 -.33 .21 -.82
7.38 -9.78 -1.71 -.33 .21 -.82
