7.38 -9.78 -1.71 .55 -.02 -.97
5.14 -8.03 -2.39 .55 -.02 -.97
5.14 -8.03 -2.39 .49 .02 -1.32
4.27 -6.67 -2.12 .49 .02 -1.32
4.27 -6.67 -2.12 -.13 .10 -1.27
5.19 -6.64 -1.47 -.70 .31 -1.03
5.19 -6.64 -1.47 -.13 .10 -1.27
6.42 -7.10 -1.26 -.70 .31 -1.03
6.42 -7.10 -1.26 -.52 .58 -.99
6.39 -6.53 -.18 -.52 .58 -.99
6.39 -6.53 -.18 .00 .84 -.93
5.68 -5.97 1.19 .00 .84 -.93
5.68 -5.97 1.19 .23 1.00 -.81
6.08 -5.76 2.67 .23 1.00 -.81
6.08 -5.76 2.67 .18 .97 -.64
6.56 -5.95 3.20 .18 .97 -.64
6.56 -5.95 3.20 .19 1.02 -.52
6.41 -5.93 3.23 .19 1.02 -.52
6.41 -5.93 3.23 .19 1.02 -.51
5.99 -5.89 3.94 .19 1.02 -.51
5.99 -5.89 3.94 .20 .88 -.47
-1.91 12.93 26.10 1.22 -1.74 3.12
-1.91 12.93 26.10 2.78 -3.24 5.22
-5.23 15.88 24.39 3.45 -5.00 7.36
-5.23 15.88 24.39 2.78 -3.24 5.22
-10.96 5.74 21.50 2.33 -6.58 7.64
-10.96 5.74 21.50 3.45 -5.00 7.36
-19.33 -8.52 17.21 2.33 -6.58 7.64
-19.33 -8.52 17.21 -.34 -8.50 5.64
-31.45 -31.16 4.89 -.34 -8.50 5.64
-31.45 -31.16 4.89 -1.37 -8.73 5.25
-13.68 -30.19 -17.52 -1.37 -8.73 5.25
-13.68 -30.19 -17.52 2.27 -8.97 5.42
-10.84 -26.48 -20.35 2.27 -8.97 5.42
-10.84 -26.48 -20.35 -2.02 -4.30 1.44
4.85 -21.31 -16.82 -2.02 -4.30 1.44
4.85 -21.31 -16.82 -2.12 -1.77 2.61
11.42 -18.91 -12.82 -2.12 -1.77 2.61
11.42 -18.91 -12.82 -2.21 -.40 1.14
11.14 -16.03 -5.03 -2.21 -.40 1.14
11.14 -16.03 -5.03 .79 .80 .02
8.09 -9.69 -.40 .79 .80 .02
8.09 -9.69 -.40 1.25 .75 -.94
9.18 -6.79 .96 1.25 .75 -.94
9.18 -6.79 .96 .68 .26 -.61
8.04 -7.02 .52 .01 .21 -.91
8.04 -7.02 .52 .68 .26 -.61
5.70 -6.93 .51 .04 .41 -1.04
5.70 -6.93 .51 .01 .21 -.91
4.48 -6.66 .95 .04 .41 -1.04
4.48 -6.66 .95 .50 .42 -.82
4.13 -6.60 .79 .50 .42 -.82
4.13 -6.60 .79 .66 .38 -.69
4.16 -6.34 1.55 .48 .43 -.59
4.16 -6.34 1.55 .66 .38 -.69
4.61 -6.58 2.73 .17 .42 -.40
4.61 -6.58 2.73 .48 .43 -.59
5.41 -6.84 3.71 .17 .42 -.40
5.41 -6.84 3.71 .02 .37 -.26
5.71 -7.24 3.90 .02 .37 -.26
5.71 -7.24 3.90 -.01 .31 -.25
5.76 -7.38 4.21 -.01 .31 -.25
5.76 -7.38 4.21 -.05 .19 -.25
5.75 -8.08 3.78 -.05 .19 -.25
5.75 -8.08 3.78 -.06 .09 -.29
5.62 -7.63 4.04 -.06 .09 -.29
5.62 -7.63 4.04 .03 -.04 -.31
5.35 -7.48 4.14 .20 -.17 -.33
5.35 -7.48 4.14 .03 -.04 -.31
5.39 -7.15 3.73 .20 -.17 -.33
