5.39 -7.15 3.73 .27 -.31 -.31
-11.42 -7.31 14.93 2.17 -5.37 6.63
-11.42 -7.31 14.93 2.93 -6.40 6.29
-20.49 -23.76 17.52 4.38 -6.07 6.28
-20.49 -23.76 17.52 2.93 -6.40 6.29
-19.37 -24.61 7.78 4.38 -6.07 6.28
-19.37 -24.61 7.78 2.14 -6.38 6.14
-7.79 -25.95 -1.76 2.14 -6.38 6.14
-7.79 -25.95 -1.76 -.76 -6.20 4.81
-4.01 -22.63 -8.20 -.76 -6.20 4.81
-4.01 -22.63 -8.20 -2.00 -5.48 2.05
2.72 -17.60 -8.09 -2.00 -5.48 2.05
2.72 -17.60 -8.09 -.63 -4.23 1.38
6.24 -14.00 -7.77 -.63 -4.23 1.38
6.24 -14.00 -7.77 .53 -2.97 .80
7.03 -10.22 -6.03 .53 -2.97 .80
7.03 -10.22 -6.03 .61 -2.07 .39
7.66 -8.02 -4.92 .61 -2.07 .39
7.43 -8.11 -3.64 -.27 -1.35 -.08
7.66 -8.02 -4.92 -.27 -1.35 -.08
7.43 -8.11 -3.64 -.68 -.71 -.21
7.06 -8.41 -2.83 -.68 -.71 -.21
7.06 -8.41 -2.83 -.20 -.34 -.25
6.87 -8.06 -1.87 -.20 -.34 -.25
6.87 -8.06 -1.87 .54 -.13 -.25
6.06 -7.52 -.65 .54 -.13 -.25
6.06 -7.52 -.65 .69 .08 -.31
5.70 -7.53 -.06 .69 .08 -.31
5.70 -7.53 -.06 .42 .09 -.29
6.06 -7.36 1.01 .00 .13 -.27
6.06 -7.36 1.01 .42 .09 -.29
6.07 -7.94 1.13 .00 .13 -.27
6.07 -7.94 1.13 -.21 .22 -.29
6.28 -7.62 1.30 -.21 .22 -.29
6.28 -7.62 1.30 -.17 .22 -.31
6.20 -7.31 1.62 -.17 .22 -.31
6.20 -7.31 1.62 -.16 .28 -.32
6.39 -7.41 1.07 -.16 .28 -.32
6.39 -7.41 1.07 -.14 .32 -.34
6.20 -6.93 1.76 -.14 .32 -.34
6.20 -6.93 1.76 -.11 .37 -.33
6.09 -6.88 2.22 -.11 .37 -.33
6.09 -6.88 2.22 -.05 .38 -.31
6.19 -6.98 2.05 -.05 .38 -.31
6.19 -6.98 2.05 -.01 .41 -.29
5.91 -6.79 2.24 -.01 .41 -.29
5.91 -6.79 2.24 .00 .43 -.26
5.68 -6.70 2.57 .00 .43 -.26
5.68 -6.70 2.57 .00 .45 -.23
5.92 -6.67 2.83 .00 .45 -.23
