5.90 -7.93 1.92 -.54 .73 -.20
5.73 -8.33 2.63 -.54 .73 -.20
5.73 -8.33 2.63 -.59 .61 -.16
-7.81 -6.18 27.86 .73 .74 -.70
-7.81 -6.18 27.86 2.74 -.83 .41
-9.44 5.66 37.20 2.74 -.83 .41
-9.44 5.66 37.20 4.50 -3.60 2.24
-10.90 8.79 28.18 4.50 -3.60 2.24
-10.90 8.79 28.18 4.31 -6.56 3.81
-13.97 5.60 20.78 4.31 -6.56 3.81
-13.97 5.60 20.78 4.17 -8.75 4.54
-15.28 -2.90 16.53 4.17 -8.75 4.54
-15.28 -2.90 16.53 3.16 -10.77 5.74
-22.28 -14.23 6.38 3.16 -10.77 5.74
-22.28 -14.23 6.38 2.37 -10.65 4.67
-20.11 -22.40 -6.67 2.37 -10.65 4.67
-20.11 -22.40 -6.67 .99 -10.22 5.37
-17.21 -34.03 -15.87 .99 -10.22 5.37
-17.21 -34.03 -15.87 1.03 -8.58 4.52
-13.80 -27.87 -22.43 1.03 -8.58 4.52
-13.80 -27.87 -22.43 -.44 -7.04 1.89
-6.87 -21.51 -22.79 -.44 -7.04 1.89
-6.87 -21.51 -22.79 -.83 -5.13 .61
.93 -14.52 -20.27 -.83 -5.13 .61
.93 -14.52 -20.27 -1.48 -3.14 -.62
9.13 -8.93 -14.96 -1.48 -3.14 -.62
9.13 -8.93 -14.96 -.69 -1.62 -.64
11.53 -6.94 -10.42 -.69 -1.62 -.64
11.53 -6.94 -10.42 .73 .26 -.24
7.32 -5.82 -5.44 .73 .26 -.24
7.32 -5.82 -5.44 .48 1.37 -.88
5.18 -6.27 -2.70 .48 1.37 -.88
5.18 -6.27 -2.70 -.06 1.35 -.41
7.11 -6.28 -2.94 -.06 1.35 -.41
7.11 -6.28 -2.94 -.35 .92 -.32
7.56 -6.99 -1.60 -.35 .92 -.32
6.29 -7.73 .14 -.29 1.00 -.20
7.56 -6.99 -1.60 -.29 1.00 -.20
6.29 -7.73 .14 -.16 .98 -.16
6.05 -7.99 -.18 -.16 .98 -.16
6.05 -7.99 -.18 .25 .53 -.22
5.58 -7.54 -.33 .25 .53 -.22
5.58 -7.54 -.33 .27 .64 -.26
4.81 -7.54 .13 .27 .64 -.26
4.81 -7.54 .13 .00 .69 -.26
4.95 -7.98 .51 .00 .69 -.26
4.95 -7.98 .51 -.12 .62 -.21
5.13 -8.11 .54 -.12 .62 -.21
5.13 -8.11 .54 -.04 .57 -.18
