5.92 -6.67 2.83 -.05 .39 -.17
-.24 11.82 21.61 2.98 -2.40 2.93
-.24 11.82 21.61 3.28 -3.65 4.54
-3.30 11.57 18.69 3.28 -3.65 4.54
-3.30 11.57 18.69 3.09 -4.95 6.30
-7.91 8.27 15.44 2.19 -6.02 6.91
-7.91 8.27 15.44 3.09 -4.95 6.30
-12.79 -2.17 11.10 2.19 -6.02 6.91
-12.79 -2.17 11.10 1.93 -7.21 6.52
-18.94 -24.53 9.65 1.93 -7.21 6.52
-18.94 -24.53 9.65 3.66 -7.12 4.52
-19.74 -30.66 -.81 3.66 -7.12 4.52
-19.74 -30.66 -.81 1.97 -7.87 6.53
-10.39 -38.70 -6.18 1.97 -7.87 6.53
-10.39 -38.70 -6.18 1.68 -5.83 4.72
-2.45 -31.34 -12.59 -1.53 -5.07 2.01
-2.45 -31.34 -12.59 1.68 -5.83 4.72
7.05 -23.29 -13.12 -1.53 -5.07 2.01
7.05 -23.29 -13.12 -.53 -2.64 .64
11.06 -15.28 -12.18 -.53 -2.64 .64
11.06 -15.28 -12.18 .55 -.81 -1.39
6.61 -6.15 -7.22 .55 -.81 -1.39
6.61 -6.15 -7.22 .66 .54 -2.03
6.30 -4.20 -4.13 .66 .54 -2.03
6.30 -4.20 -4.13 .46 .72 -1.62
7.53 -4.29 -2.50 .46 .72 -1.62
7.53 -4.29 -2.50 -.35 .76 -1.44
6.78 -4.17 -.42 -.35 .76 -1.44
6.78 -4.17 -.42 -.67 .92 -1.30
7.03 -4.23 .53 -.67 .92 -1.30
7.03 -4.23 .53 -.46 .59 -1.13
7.15 -4.32 .96 -.46 .59 -1.13
7.15 -4.32 .96 -.37 .58 -.90
6.53 -4.81 1.65 -.37 .58 -.90
6.53 -4.81 1.65 -.27 .70 -.72
6.13 -5.27 2.53 -.27 .70 -.72
6.13 -5.27 2.53 -.21 .78 -.53
6.25 -5.66 2.57 -.13 .69 -.39
6.25 -5.66 2.57 -.21 .78 -.53
6.27 -6.24 2.54 -.13 .69 -.39
6.27 -6.24 2.54 -.08 .65 -.33
6.34 -6.14 2.97 -.08 .65 -.33
6.34 -6.14 2.97 -.07 .53 -.25
6.68 -6.53 3.49 -.07 .53 -.25
6.68 -6.53 3.49 -.06 .45 -.18
7.21 -6.27 3.51 -.06 .45 -.18
7.21 -6.27 3.51 -.01 .33 -.16
7.16 -6.20 2.86 -.01 .33 -.16
7.16 -6.20 2.86 .02 .29 -.20
