6.86 -5.74 2.67 .02 .29 -.20
6.86 -5.74 2.67 -.04 .25 -.22
2.52 6.19 20.47 1.09 -.23 .31
2.52 6.19 20.47 3.43 -.99 1.53
.43 17.39 24.23 4.82 -2.45 4.29
.43 17.39 24.23 3.43 -.99 1.53
-2.58 20.17 21.43 4.82 -2.45 4.29
-2.58 20.17 21.43 4.72 -4.16 6.34
-8.53 14.46 21.32 4.72 -4.16 6.34
-8.53 14.46 21.32 3.56 -5.81 7.60
-15.39 -6.10 16.89 3.56 -5.81 7.60
-15.39 -6.10 16.89 2.56 -7.06 5.76
-20.16 -31.07 11.96 2.56 -7.06 5.76
-20.16 -31.07 11.96 1.03 -6.76 6.22
-4.47 -35.92 -4.28 1.03 -6.76 6.22
-4.47 -35.92 -4.28 3.55 -5.59 5.40
-1.12 -29.27 -9.59 3.55 -5.59 5.40
-1.12 -29.27 -9.59 1.75 -4.91 2.74
2.99 -21.39 -7.74 1.75 -4.91 2.74
2.99 -21.39 -7.74 .85 -4.00 1.62
5.82 -17.56 -7.05 .85 -4.00 1.62
5.82 -17.56 -7.05 -.89 -3.46 .78
7.48 -12.40 -7.12 -1.39 -2.56 -.72
7.48 -12.40 -7.12 -.89 -3.46 .78
7.72 -8.38 -5.77 -1.39 -2.56 -.72
7.72 -8.38 -5.77 -.65 -1.61 -.94
7.83 -6.07 -4.80 -.65 -1.61 -.94
7.83 -6.07 -4.80 -.38 -.85 -1.05
7.86 -4.88 -3.39 -.45 -.27 -1.05
7.86 -4.88 -3.39 -.38 -.85 -1.05
7.31 -4.42 -2.10 -.51 .14 -.90
7.31 -4.42 -2.10 -.45 -.27 -1.05
6.88 -4.67 -1.55 -.26 .35 -.76
6.88 -4.67 -1.55 -.51 .14 -.90
6.80 -4.63 -.71 -.08 .46 -.54
6.80 -4.63 -.71 -.26 .35 -.76
6.87 -5.26 .41 -.08 .46 -.54
6.87 -5.26 .41 -.08 .54 -.37
7.31 -5.43 .74 -.08 .54 -.37
7.31 -5.43 .74 -.25 .45 -.26
7.27 -6.04 1.08 -.25 .45 -.26
7.27 -6.04 1.08 -.32 .50 -.18
6.84 -6.42 1.25 -.35 .54 -.17
6.84 -6.42 1.25 -.32 .50 -.18
6.78 -6.40 1.93 -.35 .54 -.17
6.78 -6.40 1.93 -.26 .51 -.11
6.76 -6.95 2.41 -.08 .50 -.11
6.76 -6.95 2.41 -.26 .51 -.11
6.79 -6.70 2.10 -.08 .50 -.11
6.79 -6.70 2.10 .06 .43 -.10
6.91 -6.36 2.01 .06 .43 -.10
