6.91 -6.36 2.01 .20 .37 -.11
.01 9.96 24.35 1.46 -1.14 1.55
.01 9.96 24.35 2.70 -2.44 3.49
-2.28 12.67 21.75 2.70 -2.44 3.49
-2.28 12.67 21.75 3.71 -3.97 5.40
-6.74 12.29 19.82 3.71 -3.97 5.40
-6.74 12.29 19.82 4.00 -5.34 6.95
-12.63 .55 19.93 4.00 -5.34 6.95
-12.63 .55 19.93 2.86 -6.87 6.87
-18.66 -12.51 12.73 2.86 -6.87 6.87
-18.66 -12.51 12.73 1.15 -7.74 5.08
-20.22 -36.62 2.25 1.15 -7.74 5.08
-20.22 -36.62 2.25 2.99 -7.33 5.82
-6.41 -34.79 -7.57 2.99 -7.33 5.82
-6.41 -34.79 -7.57 3.75 -5.67 4.50
.08 -23.26 -9.27 3.75 -5.67 4.50
.08 -23.26 -9.27 .71 -4.59 1.82
5.16 -18.97 -10.22 .71 -4.59 1.82
5.16 -18.97 -10.22 -1.14 -3.77 1.41
7.37 -14.14 -10.44 -1.14 -3.77 1.41
7.37 -14.14 -10.44 -1.68 -2.60 -.07
7.38 -8.56 -8.11 -1.68 -2.60 -.07
7.38 -8.56 -8.11 -.52 -1.16 -.77
7.75 -6.48 -4.75 -.52 -1.16 -.77
7.75 -6.48 -4.75 .55 -.32 -.39
8.55 -5.43 -3.24 .55 -.32 -.39
8.55 -5.43 -3.24 .63 .05 -.35
8.08 -5.28 -1.36 .44 .35 -.42
8.08 -5.28 -1.36 .63 .05 -.35
7.34 -5.46 -.10 .44 .35 -.42
7.34 -5.46 -.10 .20 .42 -.36
6.76 -6.29 .74 .20 .42 -.36
6.76 -6.29 .74 .09 .45 -.25
6.65 -6.70 1.02 .09 .45 -.25
6.65 -6.70 1.02 .19 .38 -.17
6.42 -7.11 1.34 .19 .38 -.17
6.42 -7.11 1.34 .40 .39 -.16
5.99 -6.73 1.87 .40 .39 -.16
5.99 -6.73 1.87 .53 .29 -.13
6.03 -6.61 2.31 .53 .29 -.13
6.03 -6.61 2.31 .39 .19 -.08
6.66 -6.35 2.51 .13 .05 -.01
6.66 -6.35 2.51 .39 .19 -.08
6.82 -6.60 2.56 -.08 .05 -.05
6.82 -6.60 2.56 .13 .05 -.01
6.87 -6.36 2.47 -.08 .05 -.05
6.87 -6.36 2.47 -.26 .06 -.07
