6.95 -6.30 2.55 -.26 .06 -.07
6.95 -6.30 2.55 -.31 .11 -.05
6.77 -6.45 2.47 -.31 .11 -.05
6.77 -6.45 2.47 -.27 .19 -.04
1.29 3.81 18.48 .12 .38 .39
1.29 3.81 18.48 1.33 -.22 1.43
-1.56 7.61 25.69 1.33 -.22 1.43
-1.56 7.61 25.69 2.52 -1.41 3.26
-4.16 14.02 26.70 2.52 -1.41 3.26
-4.16 14.02 26.70 3.80 -3.32 5.37
-8.42 14.72 24.28 3.80 -3.32 5.37
-8.42 14.72 24.28 4.51 -5.18 6.96
-11.50 3.02 24.10 4.51 -5.18 6.96
-11.50 3.02 24.10 4.38 -7.36 7.57
-16.72 -11.65 18.82 4.38 -7.36 7.57
-16.72 -11.65 18.82 2.25 -8.42 6.69
-25.85 -43.04 4.64 2.25 -8.42 6.69
-25.85 -43.04 4.64 .82 -8.60 5.76
-12.32 -44.29 -11.26 .82 -8.60 5.76
-12.32 -44.29 -11.26 1.86 -7.95 4.73
-3.76 -33.85 -14.16 1.86 -7.95 4.73
-3.76 -33.85 -14.16 1.68 -5.58 2.05
2.52 -22.43 -13.69 1.68 -5.58 2.05
2.52 -22.43 -13.69 .38 -4.24 .45
6.47 -14.46 -13.03 .38 -4.24 .45
6.47 -14.46 -13.03 -1.56 -2.50 -1.40
8.49 -4.73 -7.49 -1.56 -2.50 -1.40
8.49 -4.73 -7.49 -.58 -.86 -1.53
8.08 -2.29 -3.75 -.58 -.86 -1.53
8.08 -2.29 -3.75 -.29 -.04 -1.22
8.66 -1.62 -1.89 -.29 -.04 -1.22
8.66 -1.62 -1.89 -.48 .20 -.93
8.51 -2.97 -1.03 -.70 .45 -.72
8.51 -2.97 -1.03 -.48 .20 -.93
7.63 -4.08 .28 -.70 .45 -.72
7.63 -4.08 .28 -.50 .71 -.53
6.74 -4.53 1.71 -.50 .71 -.53
6.74 -4.53 1.71 -.05 .74 -.33
6.70 -5.34 2.09 -.05 .74 -.33
6.70 -5.34 2.09 .22 .59 -.19
6.83 -5.64 1.44 .22 .59 -.19
6.83 -5.64 1.44 .07 .45 -.10
7.01 -5.77 1.54 .07 .45 -.10
7.01 -5.77 1.54 -.10 .36 -.02
6.83 -6.20 2.75 -.10 .36 -.02
6.83 -6.20 2.75 -.29 .38 .04
6.98 -6.92 2.89 -.29 .38 .04
6.98 -6.92 2.89 -.23 .29 .04
7.41 -7.10 2.58 -.23 .29 .04
7.41 -7.10 2.58 -.05 .26 -.01
7.25 -6.63 2.06 -.05 .26 -.01
7.25 -6.63 2.06 -.06 .30 -.13
