7.09 -6.44 2.63 -.06 .30 -.13
7.09 -6.44 2.63 -.03 .33 -.15
-11.92 -10.74 13.10 3.99 -5.00 7.11
-11.92 -10.74 13.10 2.88 -6.20 6.99
-16.70 -37.54 12.71 2.88 -6.20 6.99
-16.70 -37.54 12.71 .23 -6.33 4.88
-8.48 -41.31 3.93 .23 -6.33 4.88
-8.48 -41.31 3.93 .31 -7.68 3.70
-2.62 -38.63 -2.94 .31 -7.68 3.70
-2.62 -38.63 -2.94 2.20 -6.44 2.15
1.47 -26.59 -12.49 2.20 -6.44 2.15
1.47 -26.59 -12.49 1.32 -5.75 -.41
2.81 -12.95 -11.84 1.32 -5.75 -.41
2.81 -12.95 -11.84 .50 -4.94 -1.89
3.76 -5.89 -12.30 .50 -4.94 -1.89
3.76 -5.89 -12.30 .05 -3.79 -1.80
6.17 .42 -11.01 .05 -3.79 -1.80
6.17 .42 -11.01 -.18 -2.45 -1.87
9.77 3.57 -6.63 -.18 -2.45 -1.87
9.77 3.57 -6.63 .10 -1.37 -1.43
10.74 2.01 -3.79 .10 -1.37 -1.43
10.74 2.01 -3.79 -.04 -.49 -.72
9.97 -.65 -3.24 -.04 -.49 -.72
9.97 -.65 -3.24 -.21 .04 -.34
9.14 -1.17 -2.80 -.21 .04 -.34
9.14 -1.17 -2.80 .08 .42 -.22
7.95 -2.37 -.87 .08 .42 -.22
7.95 -2.37 -.87 .22 .70 .09
7.69 -3.80 .10 .30 .48 .31
7.69 -3.80 .10 .22 .70 .09
8.03 -5.27 .00 .30 .48 .31
8.03 -5.27 .00 .37 .37 .42
8.15 -5.54 .24 .37 .37 .42
8.15 -5.54 .24 .03 .37 .35
8.16 -5.43 1.87 .03 .37 .35
8.16 -5.43 1.87 -.36 .47 .35
8.36 -6.14 1.65 -.36 .47 .35
8.36 -6.14 1.65 -.50 .38 .32
8.47 -6.36 1.07 -.50 .38 .32
8.47 -6.36 1.07 -.26 .31 .19
8.02 -5.93 .85 -.26 .31 .19
8.02 -5.93 .85 .11 .33 .08
7.91 -5.05 1.48 .11 .33 .08
7.91 -5.05 1.48 .27 .27 .07
8.15 -4.67 1.71 .27 .27 .07
8.15 -4.67 1.71 .10 .21 .04
8.13 -4.41 1.29 .10 .21 .04
8.13 -4.41 1.29 -.07 .25 .04
