7.93 -4.46 1.36 -.07 .25 .04
7.93 -4.46 1.36 -.22 .33 .09
7.77 -4.99 1.15 -.22 .33 .09
7.77 -4.99 1.15 -.21 .35 .14
.39 .29 18.40 -.28 2.83 -1.28
.39 .29 18.40 .83 2.30 -.48
-.93 5.94 23.74 .83 2.30 -.48
-.93 5.94 23.74 2.69 1.28 .54
-2.48 14.08 28.46 2.69 1.28 .54
-2.48 14.08 28.46 3.40 -.85 2.47
-3.52 22.34 29.69 3.40 -.85 2.47
-3.52 22.34 29.69 2.36 -2.69 4.38
-9.27 15.84 28.08 2.36 -2.69 4.38
-9.27 15.84 28.08 1.28 -4.36 6.70
-13.18 5.14 26.02 1.28 -4.36 6.70
-13.18 5.14 26.02 2.47 -6.66 7.03
-18.43 -6.99 21.91 2.47 -6.66 7.03
-18.43 -6.99 21.91 2.28 -8.64 7.39
-33.43 -32.17 10.45 2.28 -8.64 7.39
-33.43 -32.17 10.45 -1.08 -9.04 5.38
-21.05 -52.06 -6.31 -1.08 -9.04 5.38
-21.05 -52.06 -6.31 -.37 -10.25 4.35
-6.01 -35.44 -12.09 -.37 -10.25 4.35
-6.01 -35.44 -12.09 .36 -8.52 1.95
-2.78 -25.27 -15.57 .36 -8.52 1.95
-2.78 -25.27 -15.57 1.81 -6.13 -.86
2.03 -11.05 -15.70 1.81 -6.13 -.86
2.03 -11.05 -15.70 .98 -4.75 -1.01
6.41 -2.59 -13.45 .98 -4.75 -1.01
6.41 -2.59 -13.45 -.60 -3.01 -1.78
9.73 .28 -9.76 -.60 -3.01 -1.78
9.73 .28 -9.76 -.59 -1.40 -1.13
9.20 -2.33 -6.88 -.59 -1.40 -1.13
9.20 -2.33 -6.88 -.25 -.12 -.72
8.21 -3.42 -4.62 -.25 -.12 -.72
8.21 -3.42 -4.62 -.21 .43 -.59
9.08 -3.85 -2.95 -.21 .43 -.59
9.08 -3.85 -2.95 -.12 .47 -.41
8.01 -4.42 -1.37 -.12 .47 -.41
8.01 -4.42 -1.37 -.37 .67 -.26
6.67 -5.11 -.78 -.37 .67 -.26
6.67 -5.11 -.78 -.43 .52 -.23
7.24 -5.60 -.88 -.43 .52 -.23
7.24 -5.60 -.88 -.37 .20 -.18
7.85 -5.51 -.35 -.37 .20 -.18
7.85 -5.51 -.35 -.47 .22 -.13
7.51 -5.56 .49 -.47 .22 -.13
7.51 -5.56 .49 -.61 .24 -.08
7.55 -5.47 .82 -.61 .24 -.08
7.55 -5.47 .82 -.82 .16 -.04
8.01 -5.44 .24 -.82 .16 -.04
8.01 -5.44 .24 -.95 .13 -.04
7.93 -5.72 .39 -.88 .29 -.04
