7.93 -5.72 .39 -.95 .13 -.04
3.37 6.44 16.99 .99 .06 -.70
3.37 6.44 16.99 1.24 -.42 .25
1.45 11.79 23.24 1.24 -.42 .25
1.45 11.79 23.24 1.45 -1.35 1.87
-.01 16.46 23.90 1.45 -1.35 1.87
-.01 16.46 23.90 2.40 -2.89 3.92
-2.67 19.24 19.82 2.40 -2.89 3.92
-2.67 19.24 19.82 3.05 -4.33 6.22
-8.00 12.34 18.53 3.05 -4.33 6.22
-8.00 12.34 18.53 3.02 -5.70 7.42
-13.79 -2.41 16.99 3.02 -5.70 7.42
-13.79 -2.41 16.99 2.30 -7.55 6.27
-25.44 -26.15 11.67 2.30 -7.55 6.27
-25.44 -26.15 11.67 -.01 -7.86 4.63
-19.31 -57.97 -7.16 -.01 -7.86 4.63
-19.31 -57.97 -7.16 -2.19 -8.74 4.92
-3.81 -45.20 -13.11 -2.19 -8.74 4.92
-3.81 -45.20 -13.11 -1.73 -7.31 1.77
5.65 -29.33 -16.71 -1.73 -7.31 1.77
5.65 -29.33 -16.71 1.30 -5.38 -1.42
7.57 -17.13 -15.62 1.30 -5.38 -1.42
7.57 -17.13 -15.62 3.16 -4.09 -2.23
4.97 -6.33 -14.49 3.16 -4.09 -2.23
4.97 -6.33 -14.49 2.24 -2.34 -3.67
3.28 2.81 -10.11 2.24 -2.34 -3.67
3.28 2.81 -10.11 1.17 -.82 -2.70
6.47 7.30 -6.14 1.17 -.82 -2.70
6.47 7.30 -6.14 .33 -.56 -2.01
11.01 3.25 -4.79 .33 -.56 -2.01
11.01 3.25 -4.79 -.20 -.43 -1.58
9.67 .08 -3.89 -.20 -.43 -1.58
9.67 .08 -3.89 -.53 .42 -.77
8.46 -.70 -1.86 -.53 .42 -.77
8.46 -.70 -1.86 -.27 .48 -.57
8.48 -.57 -.71 -.27 .48 -.57
8.48 -.57 -.71 -.47 .40 -.24
8.21 -2.12 -.41 -.47 .40 -.24
8.21 -2.12 -.41 -.40 .31 .24
8.16 -4.31 .04 -.40 .31 .24
8.16 -4.31 .04 -.32 .27 .41
8.33 -5.04 .43 -.32 .27 .41
8.33 -5.04 .43 -.27 .30 .50
8.24 -5.57 .82 -.27 .30 .50
8.24 -5.57 .82 -.38 .28 .50
7.96 -5.89 .96 -.51 .31 .39
7.96 -5.89 .96 -.38 .28 .50
7.61 -6.26 1.07 -.51 .31 .39
7.61 -6.26 1.07 -.60 .31 .34
8.12 -6.25 .96 -.60 .31 .34
