8.12 -6.25 .96 -.44 .19 .26
3.03 7.00 17.52 .35 -.20 -.06
3.03 7.00 17.52 1.57 -1.02 1.28
1.67 9.58 20.81 1.57 -1.02 1.28
1.67 9.58 20.81 2.37 -1.89 2.70
-1.57 9.78 20.78 3.32 -3.10 4.14
-1.57 9.78 20.78 2.37 -1.89 2.70
-5.37 11.51 21.24 3.32 -3.10 4.14
-5.37 11.51 21.24 4.43 -4.42 5.96
-8.96 10.43 22.39 4.43 -4.42 5.96
-8.96 10.43 22.39 4.28 -5.85 7.57
-14.78 2.01 19.57 4.28 -5.85 7.57
-14.78 2.01 19.57 1.95 -7.07 7.58
-23.38 -16.83 4.97 1.95 -7.07 7.58
-23.38 -16.83 4.97 .03 -8.26 6.30
-25.76 -49.08 -.60 .03 -8.26 6.30
-25.76 -49.08 -.60 -.43 -8.90 4.80
-6.81 -41.15 -11.14 -.43 -8.90 4.80
-6.81 -41.15 -11.14 1.04 -6.64 2.07
.18 -29.65 -16.76 1.04 -6.64 2.07
.18 -29.65 -16.76 .48 -5.15 -.20
4.71 -17.03 -16.00 .48 -5.15 -.20
4.71 -17.03 -16.00 -.52 -4.31 -1.51
6.77 -6.18 -14.19 -.52 -4.31 -1.51
6.77 -6.18 -14.19 -.95 -2.51 -2.64
5.90 -1.55 -10.08 -.95 -2.51 -2.64
5.90 -1.55 -10.08 .44 -.65 -2.10
6.70 1.48 -6.42 .44 -.65 -2.10
6.70 1.48 -6.42 .34 .10 -1.70
8.98 1.75 -3.53 .34 .10 -1.70
8.98 1.75 -3.53 -.15 .44 -1.15
9.12 -1.23 -1.65 -.15 .44 -1.15
9.12 -1.23 -1.65 -.79 .71 -.51
8.29 -3.41 -.17 -.79 .71 -.51
8.29 -3.41 -.17 -.55 .84 -.28
7.30 -4.69 .40 -.55 .84 -.28
7.30 -4.69 .40 .05 .71 -.21
6.97 -5.45 .76 .05 .71 -.21
6.97 -5.45 .76 .53 .57 -.04
6.71 -6.01 .47 .53 .57 -.04
6.71 -6.01 .47 .76 .44 .05
6.95 -6.03 .77 .69 .30 .10
6.95 -6.03 .77 .76 .44 .05
7.19 -5.93 .95 .69 .30 .10
7.19 -5.93 .95 .12 .23 .10
6.97 -6.27 1.85 .12 .23 .10
