6.97 -6.27 1.85 -.37 .31 .13
6.95 -6.79 1.61 -.33 .18 .13
6.95 -6.79 1.61 -.37 .31 .13
7.26 -6.97 1.58 -.33 .18 .13
7.26 -6.97 1.58 .00 .11 .11
1.06 .12 19.91 1.79 -.29 .72
1.06 .12 19.91 2.42 -1.12 1.50
-.48 6.95 24.61 2.42 -1.12 1.50
-.48 6.95 24.61 3.17 -2.23 3.04
-2.67 11.99 25.36 3.17 -2.23 3.04
-2.67 11.99 25.36 2.59 -4.04 4.51
-5.44 8.93 22.18 2.59 -4.04 4.51
-5.44 8.93 22.18 3.34 -6.05 5.84
-9.77 1.09 23.16 3.34 -6.05 5.84
-9.77 1.09 23.16 2.57 -7.98 6.47
-21.20 -10.76 11.97 2.57 -7.98 6.47
-21.20 -10.76 11.97 -1.66 -9.10 4.79
-29.19 -31.74 -2.31 -1.66 -9.10 4.79
-29.19 -31.74 -2.31 -5.00 -9.91 3.81
-9.53 -32.63 -18.87 -5.00 -9.91 3.81
-9.53 -32.63 -18.87 -.84 -8.58 2.65
-4.05 -26.48 -21.25 -.84 -8.58 2.65
-4.05 -26.48 -21.25 1.67 -5.64 .87
2.73 -18.18 -17.03 1.67 -5.64 .87
2.73 -18.18 -17.03 3.44 -3.44 .53
6.78 -12.03 -13.48 3.44 -3.44 .53
6.78 -12.03 -13.48 -.42 -1.97 -.44
6.83 -6.31 -7.92 -.42 -1.97 -.44
6.83 -6.31 -7.92 -1.22 -.42 -.76
8.29 -7.46 -5.29 -1.22 -.42 -.76
8.29 -7.46 -5.29 -.38 -.18 -.46
9.36 -7.10 -3.32 -.38 -.18 -.46
9.36 -7.10 -3.32 .36 .24 -.38
7.09 -5.94 -1.35 .55 .47 -.69
7.09 -5.94 -1.35 .36 .24 -.38
5.91 -5.26 -.07 .55 .47 -.69
5.91 -5.26 -.07 .22 .43 -.55
5.67 -6.08 -.07 .22 .43 -.55
5.67 -6.08 -.07 -.10 .32 -.38
5.80 -6.74 .11 -.10 .32 -.38
5.80 -6.74 .11 -.11 .29 -.26
5.36 -7.14 -.01 -.11 .29 -.26
5.36 -7.14 -.01 -.02 .38 -.21
5.52 -6.65 .72 -.02 .38 -.21
5.52 -6.65 .72 -.02 .41 -.08
5.71 -7.24 1.78 -.02 .41 -.08
5.71 -7.24 1.78 -.15 .48 .00
6.32 -8.02 1.10 -.15 .48 .00
6.56 -7.69 1.23 -.08 .38 .00
6.32 -8.02 1.10 -.08 .38 .00
6.56 -7.69 1.23 .08 .39 -.03
6.01 -7.69 1.33 .08 .39 -.03
6.01 -7.69 1.33 .16 .40 -.07
6.09 -7.31 1.31 .16 .40 -.07
