6.09 -7.31 1.31 .12 .30 -.09
1.01 1.66 25.16 .56 -.14 -.37
1.01 1.66 25.16 2.44 -1.11 .63
-1.01 12.84 28.95 4.40 -2.60 3.19
-1.01 12.84 28.95 2.44 -1.11 .63
-2.52 19.54 25.00 4.40 -2.60 3.19
-2.52 19.54 25.00 4.03 -4.74 5.37
-5.73 15.86 17.49 4.03 -4.74 5.37
-5.73 15.86 17.49 2.35 -6.16 5.71
-12.36 3.79 16.71 2.35 -6.16 5.71
-12.36 3.79 16.71 1.28 -8.24 6.24
-18.71 -10.97 11.48 1.28 -8.24 6.24
-18.71 -10.97 11.48 .76 -9.04 4.49
-31.03 -22.00 -7.33 .76 -9.04 4.49
-31.03 -22.00 -7.33 -3.57 -9.48 5.28
-11.99 -41.04 -15.73 -3.57 -9.48 5.28
-11.99 -41.04 -15.73 1.14 -8.78 3.83
-6.33 -34.20 -20.14 3.75 -5.59 2.64
-6.33 -34.20 -20.14 1.14 -8.78 3.83
4.72 -23.15 -12.86 3.75 -5.59 2.64
4.72 -23.15 -12.86 3.87 -3.46 2.43
11.93 -19.09 -12.20 3.87 -3.46 2.43
11.93 -19.09 -12.20 -2.08 -2.05 -.72
6.96 -11.89 -9.81 -2.08 -2.05 -.72
6.96 -11.89 -9.81 -1.45 -.04 -1.59
6.08 -8.91 -6.80 -1.45 -.04 -1.59
6.08 -8.91 -6.80 -.22 .28 -1.36
7.67 -5.66 -4.53 -.22 .28 -1.36
7.67 -5.66 -4.53 .51 .58 -1.43
6.20 -3.55 -2.24 .24 .91 -1.36
6.20 -3.55 -2.24 .51 .58 -1.43
5.60 -3.52 -1.01 .24 .91 -1.36
5.60 -3.52 -1.01 -.23 .80 -1.18
6.12 -4.39 -.06 -.23 .80 -1.18
6.12 -4.39 -.06 -.47 .65 -.85
7.06 -5.03 .08 -.47 .65 -.85
7.06 -5.03 .08 -.25 .54 -.62
7.09 -5.20 .36 -.25 .54 -.62
7.09 -5.20 .36 .02 .58 -.49
6.81 -5.21 1.04 .02 .58 -.49
6.81 -5.21 1.04 .17 .62 -.35
6.67 -5.55 1.65 .17 .62 -.35
6.67 -5.55 1.65 .10 .61 -.21
7.11 -5.73 1.53 .10 .61 -.21
7.11 -5.73 1.53 -.01 .44 -.11
7.09 -5.92 .84 -.01 .44 -.11
6.90 -6.01 1.47 -.01 .43 -.09
7.09 -5.92 .84 -.01 .43 -.09
6.90 -6.01 1.47 -.11 .45 -.05
6.84 -6.40 2.12 -.11 .45 -.05
