5.20 -7.86 .71 -.04 .57 -.18
5.20 -7.86 .71 -.02 .57 -.18
4.93 -7.72 1.47 -.02 .57 -.18
4.93 -7.72 1.47 -.38 .64 -.19
-6.85 9.49 28.21 3.04 -2.31 2.50
-6.85 9.49 28.21 3.39 -4.41 4.13
-8.90 8.55 22.93 3.39 -4.41 4.13
-8.90 8.55 22.93 3.15 -6.49 5.27
-11.94 3.48 19.13 3.15 -6.49 5.27
-11.94 3.48 19.13 2.18 -8.26 6.45
-18.98 -4.87 13.68 2.18 -8.26 6.45
-18.98 -4.87 13.68 -.02 -9.32 6.36
-26.31 -13.17 .53 -.02 -9.32 6.36
-26.31 -13.17 .53 -1.82 -9.65 5.53
-22.86 -29.81 -10.94 -1.82 -9.65 5.53
-22.86 -29.81 -10.94 -.58 -9.31 5.19
-16.40 -33.31 -16.84 -.58 -9.31 5.19
-16.40 -33.31 -16.84 .05 -7.28 4.07
-9.22 -22.94 -20.43 .05 -7.28 4.07
-9.22 -22.94 -20.43 -.06 -5.27 1.72
-2.59 -17.52 -19.24 -.06 -5.27 1.72
-2.59 -17.52 -19.24 -.72 -3.11 .46
3.27 -14.43 -15.22 -.72 -3.11 .46
3.27 -14.43 -15.22 -.84 -1.38 -.29
8.72 -10.47 -11.30 -.84 -1.38 -.29
8.72 -10.47 -11.30 .00 -.17 -.46
7.87 -8.29 -6.92 .00 -.17 -.46
7.87 -8.29 -6.92 .95 .99 -.39
6.36 -6.45 -3.68 .95 .99 -.39
6.36 -6.45 -3.68 .32 1.05 -.97
6.35 -6.53 -2.58 .32 1.05 -.97
7.72 -7.77 -1.73 -.36 .71 -.63
6.35 -6.53 -2.58 -.36 .71 -.63
7.72 -7.77 -1.73 -.70 .39 -.41
7.38 -8.56 -.34 -.70 .39 -.41
7.38 -8.56 -.34 -.60 .43 -.31
6.58 -8.62 -.02 -.60 .43 -.31
6.58 -8.62 -.02 -.36 .28 -.34
6.74 -8.32 -.86 -.36 .28 -.34
6.74 -8.32 -.86 -.29 .14 -.38
6.05 -8.22 -1.14 -.29 .14 -.38
6.05 -8.22 -1.14 -.41 .31 -.35
5.20 -9.02 -.15 -.41 .31 -.35
5.20 -9.02 -.15 -.56 .44 -.28
5.17 -9.39 .00 -.56 .44 -.28
5.17 -9.39 .00 -.55 .35 -.30
5.32 -9.07 .13 -.55 .35 -.30
5.32 -9.07 .13 -.24 .39 -.32
5.04 -8.37 .81 -.24 .39 -.32
5.04 -8.37 .81 -.21 .51 -.34
5.30 -8.96 1.20 -.21 .51 -.34
5.30 -8.96 1.20 -.16 .51 -.30
