6.84 -6.40 2.12 -.12 .45 .00
-1.04 10.08 20.27 2.41 -2.27 1.90
-1.04 10.08 20.27 3.63 -3.63 3.97
-3.68 10.14 17.81 3.47 -4.88 5.03
-3.68 10.14 17.81 3.63 -3.63 3.97
-6.36 6.42 16.33 3.47 -4.88 5.03
-6.36 6.42 16.33 2.96 -5.84 5.05
-8.10 .04 13.21 2.96 -5.84 5.05
-8.10 .04 13.21 2.86 -7.08 5.73
-12.31 -13.46 7.89 2.86 -7.08 5.73
-12.31 -13.46 7.89 3.39 -7.35 5.58
-18.70 -27.78 .41 3.39 -7.35 5.58
-18.70 -27.78 .41 .59 -7.27 5.04
-10.36 -38.24 -7.05 .59 -7.27 5.04
-10.36 -38.24 -7.05 1.42 -7.34 4.13
-2.55 -33.51 -8.60 1.42 -7.34 4.13
-2.55 -33.51 -8.60 .78 -5.86 2.65
4.19 -20.81 -9.28 .78 -5.86 2.65
4.19 -20.81 -9.28 .83 -4.89 1.02
6.71 -17.58 -10.27 .83 -4.89 1.02
6.71 -17.58 -10.27 .82 -3.73 -.25
8.33 -12.10 -11.20 .82 -3.73 -.25
8.33 -12.10 -11.20 .22 -2.84 -1.18
8.20 -6.30 -9.45 .22 -2.84 -1.18
8.20 -6.30 -9.45 .06 -1.62 -1.52
6.98 -3.45 -7.54 .06 -1.62 -1.52
6.98 -3.45 -7.54 -.02 -.65 -1.43
6.61 -3.21 -5.59 -.02 -.65 -1.43
6.61 -3.21 -5.59 -.34 -.14 -1.16
7.29 -3.82 -4.54 -.34 -.14 -1.16
7.29 -3.82 -4.54 -.27 .33 -.80
7.69 -4.23 -2.77 -.27 .33 -.80
7.69 -4.23 -2.77 .01 .41 -.59
7.11 -4.14 -1.51 .01 .41 -.59
7.11 -4.14 -1.51 .00 .43 -.44
6.89 -4.68 -.65 .00 .43 -.44
6.89 -4.68 -.65 -.27 .34 -.27
7.41 -5.16 -.91 -.27 .34 -.27
7.41 -5.16 -.91 -.57 .25 -.16
7.67 -5.72 -.66 -.57 .25 -.16
7.67 -5.72 -.66 -.53 .27 -.03
7.37 -6.36 -.23 -.16 .30 .02
7.37 -6.36 -.23 -.53 .27 -.03
7.38 -6.01 .39 -.16 .30 .02
7.38 -6.01 .39 .13 .23 .06
7.55 -5.94 .19 .13 .23 .06
