7.55 -5.94 .19 .22 .20 .06
7.61 -5.92 .06 .22 .20 .06
7.61 -5.92 .06 .15 .19 .06
7.56 -6.19 .11 .15 .19 .06
7.56 -6.19 .11 .12 .22 .04
1.02 2.53 20.86 -.17 .30 -.48
1.02 2.53 20.86 1.14 -.42 .60
-.88 10.76 29.95 1.14 -.42 .60
-.88 10.76 29.95 2.52 -1.77 2.58
-2.21 13.61 28.84 2.52 -1.77 2.58
-2.21 13.61 28.84 3.35 -4.12 4.85
-5.65 11.77 18.74 3.35 -4.12 4.85
-5.65 11.77 18.74 3.26 -5.76 5.55
-11.04 4.88 19.67 3.26 -5.76 5.55
-11.04 4.88 19.67 3.72 -7.86 6.31
-16.30 -8.58 16.50 3.72 -7.86 6.31
-16.30 -8.58 16.50 2.88 -9.38 5.59
-32.91 -27.06 1.36 2.88 -9.38 5.59
-32.91 -27.06 1.36 -1.19 -9.10 5.02
-15.21 -39.43 -16.47 -1.19 -9.10 5.02
-15.21 -39.43 -16.47 -.57 -9.54 4.27
-6.94 -35.18 -19.38 -.57 -9.54 4.27
-6.94 -35.18 -19.38 1.26 -6.42 2.84
2.80 -22.69 -16.92 2.60 -4.70 .97
2.80 -22.69 -16.92 1.26 -6.42 2.84
6.56 -19.99 -13.49 2.60 -4.70 .97
6.56 -19.99 -13.49 1.88 -3.42 1.28
10.35 -12.03 -13.40 1.88 -3.42 1.28
10.35 -12.03 -13.40 -.07 -2.23 -.91
8.61 -8.56 -10.16 -.07 -2.23 -.91
8.61 -8.56 -10.16 -.24 -.58 -1.07
7.95 -7.71 -7.58 -.24 -.58 -1.07
7.95 -7.71 -7.58 .08 .23 -1.12
6.34 -6.13 -5.00 .08 .23 -1.12
6.34 -6.13 -5.00 .49 .86 -1.12
5.78 -4.57 -2.98 .49 .86 -1.12
5.78 -4.57 -2.98 .46 .91 -1.07
6.14 -4.17 -1.66 .46 .91 -1.07
6.14 -4.17 -1.66 .12 .79 -.89
6.17 -4.61 -1.08 .12 .79 -.89
6.17 -4.61 -1.08 -.03 .71 -.63
6.09 -5.21 -.14 -.03 .71 -.63
6.09 -5.21 -.14 -.11 .70 -.43
6.45 -5.31 .39 -.11 .70 -.43
6.45 -5.31 .39 -.25 .64 -.28
7.30 -5.42 -.09 -.25 .64 -.28
7.30 -5.42 -.09 -.22 .60 -.10
6.42 -6.33 .60 -.22 .60 -.10
6.42 -6.33 .60 -.23 .69 -.06
6.30 -6.55 1.83 -.23 .69 -.06
6.30 -6.55 1.83 -.33 .63 .01
6.46 -6.77 2.02 -.33 .63 .01
6.46 -6.77 2.02 -.46 .49 .09
