6.77 -7.08 1.53 -.46 .49 .09
6.77 -7.08 1.53 -.37 .37 .10
3.04 5.53 16.15 1.55 .11 -.80
3.04 5.53 16.15 1.16 -.59 .00
1.65 6.86 17.51 1.16 -.59 .00
1.65 6.86 17.51 .84 -1.38 1.27
.46 10.87 20.34 .84 -1.38 1.27
.46 10.87 20.34 1.40 -2.61 2.64
-1.97 12.66 21.16 1.40 -2.61 2.64
-1.97 12.66 21.16 2.22 -4.10 4.54
-5.71 9.43 17.07 2.22 -4.10 4.54
-5.71 9.43 17.07 2.76 -5.42 5.58
-8.58 4.23 14.76 2.76 -5.42 5.58
-8.58 4.23 14.76 3.07 -6.92 5.91
-11.59 -8.30 8.97 3.07 -6.92 5.91
-11.59 -8.30 8.97 2.43 -8.05 6.06
-22.14 -26.38 2.54 .06 -7.23 4.87
-22.14 -26.38 2.54 2.43 -8.05 6.06
-15.07 -36.18 -12.62 .06 -7.23 4.87
-15.07 -36.18 -12.62 -.35 -8.18 4.66
-4.25 -35.15 -14.31 -.35 -8.18 4.66
-4.25 -35.15 -14.31 -.87 -6.42 3.13
4.08 -25.78 -17.12 -.87 -6.42 3.13
4.08 -25.78 -17.12 -.72 -4.81 .62
8.56 -18.44 -14.36 -.72 -4.81 .62
8.56 -18.44 -14.36 .00 -3.44 .08
8.70 -10.91 -11.25 .00 -3.44 .08
8.70 -10.91 -11.25 -.43 -1.67 -1.23
6.77 -5.16 -8.19 -.43 -1.67 -1.23
6.77 -5.16 -8.19 -.73 -.26 -1.68
6.62 -4.66 -5.79 -.73 -.26 -1.68
6.62 -4.66 -5.79 -.49 .33 -1.25
7.78 -5.24 -3.54 -.49 .33 -1.25
7.78 -5.24 -3.54 -.53 .75 -1.09
6.93 -5.44 -1.70 -.53 .75 -1.09
6.93 -5.44 -1.70 -.29 1.05 -.91
6.21 -5.28 -.37 -.29 1.05 -.91
6.21 -5.28 -.37 .17 .91 -.81
6.36 -5.12 .00 .17 .91 -.81
6.36 -5.12 .00 .42 .64 -.69
6.66 -5.21 .09 .42 .64 -.69
6.66 -5.21 .09 .47 .53 -.56
6.33 -5.92 .78 .47 .53 -.56
6.33 -5.92 .78 .17 .48 -.41
6.69 -5.97 .69 .17 .48 -.41
6.69 -5.97 .69 -.08 .30 -.29
7.04 -5.90 .81 -.08 .30 -.29
7.04 -5.90 .81 -.06 .27 -.18
7.07 -6.12 .32 -.06 .27 -.18
7.07 -6.12 .32 .05 .27 -.14
