6.99 -6.07 .20 .05 .27 -.14
6.99 -6.07 .20 .20 .22 -.12
2.45 -5.45 15.10 1.03 1.88 -1.18
2.45 -5.45 15.10 2.12 1.30 -1.21
2.05 -1.63 20.13 2.12 1.30 -1.21
2.05 -1.63 20.13 2.49 .23 -.60
1.09 5.73 23.42 2.69 -1.13 .45
1.09 5.73 23.42 2.49 .23 -.60
-.80 9.79 26.51 2.69 -1.13 .45
-.80 9.79 26.51 2.81 -2.99 2.69
-2.78 9.92 23.32 2.81 -2.99 2.69
-2.78 9.92 23.32 3.03 -4.81 3.87
-5.45 8.04 20.80 3.03 -4.81 3.87
-5.45 8.04 20.80 3.83 -6.69 4.53
-8.75 4.12 16.98 3.83 -6.69 4.53
-8.75 4.12 16.98 4.09 -8.06 5.32
-14.42 -7.13 8.93 4.09 -8.06 5.32
-14.42 -7.13 8.93 3.12 -8.62 5.57
-23.37 -27.11 -1.39 3.12 -8.62 5.57
-23.37 -27.11 -1.39 .63 -8.64 4.52
-14.14 -39.11 -9.37 .63 -8.64 4.52
-14.14 -39.11 -9.37 .66 -8.37 4.36
-6.03 -33.77 -13.10 .66 -8.37 4.36
-6.03 -33.77 -13.10 3.15 -5.98 2.57
.99 -24.48 -12.31 3.15 -5.98 2.57
.99 -24.48 -12.31 2.96 -4.55 1.40
5.97 -15.68 -9.79 2.96 -4.55 1.40
5.97 -15.68 -9.79 .00 -4.08 .64
8.44 -11.34 -9.98 -1.88 -2.84 -.76
8.44 -11.34 -9.98 .00 -4.08 .64
6.02 -8.69 -8.29 -1.88 -2.84 -.76
6.02 -8.69 -8.29 -1.49 -1.27 -1.37
5.79 -7.43 -6.92 -1.49 -1.27 -1.37
7.75 -5.26 -6.07 -.12 -.74 -1.13
5.79 -7.43 -6.92 -.12 -.74 -1.13
7.75 -5.26 -6.07 .14 -.08 -.96
6.59 -4.26 -3.44 .14 -.08 -.96
6.59 -4.26 -3.44 -.13 .37 -.79
5.81 -5.38 -2.50 -.13 .37 -.79
5.81 -5.38 -2.50 -.41 .43 -.59
6.42 -6.17 -2.53 -.41 .43 -.59
6.42 -6.17 -2.53 -.12 .42 -.45
6.98 -6.15 -2.27 -.12 .42 -.45
6.98 -6.15 -2.27 .23 .50 -.32
6.57 -6.51 -1.03 .23 .50 -.32
6.57 -6.51 -1.03 .33 .68 -.21
6.43 -6.76 -.31 .33 .68 -.21
6.43 -6.76 -.31 .25 .61 -.20
