6.64 -6.62 -.25 .25 .61 -.20
6.64 -6.62 -.25 .03 .54 -.18
6.60 -6.56 -.17 .03 .54 -.18
6.60 -6.56 -.17 -.16 .55 -.15
-8.36 15.11 18.87 3.69 -5.83 7.07
-8.36 15.11 18.87 4.81 -4.47 5.83
-15.08 5.76 17.39 3.69 -5.83 7.07
-15.08 5.76 17.39 1.43 -7.40 7.35
-25.97 -11.70 4.87 1.43 -7.40 7.35
-25.97 -11.70 4.87 -.55 -7.99 6.28
-34.95 -41.49 -7.48 -.55 -7.99 6.28
-34.95 -41.49 -7.48 -2.85 -8.03 6.04
-10.81 -43.44 -13.32 -2.85 -8.03 6.04
-10.81 -43.44 -13.32 .56 -7.64 4.15
.56 -33.56 -15.09 1.62 -5.18 2.81
.56 -33.56 -15.09 .56 -7.64 4.15
7.98 -25.68 -13.48 1.62 -5.18 2.81
7.98 -25.68 -13.48 1.17 -3.81 1.67
10.84 -16.47 -12.36 1.17 -3.81 1.67
10.84 -16.47 -12.36 .22 -2.52 -.52
6.49 -9.66 -9.41 .22 -2.52 -.52
6.49 -9.66 -9.41 .06 -.57 -1.57
5.11 -8.47 -5.69 .06 -.57 -1.57
5.11 -8.47 -5.69 .29 -.01 -1.12
7.32 -6.58 -4.86 .29 -.01 -1.12
7.32 -6.58 -4.86 .28 .18 -1.32
5.83 -5.45 -4.16 .28 .18 -1.32
5.83 -5.45 -4.16 .29 .57 -1.19
4.95 -4.73 -2.39 .29 .57 -1.19
4.95 -4.73 -2.39 -.17 .57 -1.07
4.97 -4.77 -.71 -.17 .57 -1.07
4.97 -4.77 -.71 -.25 .63 -.81
5.99 -5.63 .59 -.25 .63 -.81
5.99 -5.63 .59 -.09 .53 -.48
6.69 -5.82 -.06 -.09 .53 -.48
6.69 -5.82 -.06 .05 .47 -.32
5.82 -6.21 -.16 .05 .47 -.32
5.82 -6.21 -.16 -.29 .62 -.19
6.04 -6.99 1.51 -.29 .62 -.19
6.04 -6.99 1.51 -.42 .57 .00
6.58 -7.70 1.59 -.09 .50 .04
6.58 -7.70 1.59 -.42 .57 .00
6.52 -7.49 1.48 -.09 .50 .04
6.52 -7.49 1.48 .20 .47 .00
6.02 -7.02 1.23 .20 .47 .00
6.02 -7.02 1.23 .21 .49 -.05
5.85 -7.21 1.89 .21 .49 -.05
5.85 -7.21 1.89 -.01 .44 -.04
6.23 -7.60 1.87 -.01 .44 -.04
6.23 -7.60 1.87 .02 .37 -.01
6.49 -7.59 1.83 .02 .37 -.01
6.49 -7.59 1.83 .18 .35 -.01
6.33 -7.24 1.85 .18 .35 -.01
