6.33 -7.24 1.85 .11 .30 -.06
2.99 5.67 20.05 .91 -.65 .06
2.99 5.67 20.05 2.21 -1.47 .98
.22 6.06 28.34 2.21 -1.47 .98
.22 6.06 28.34 2.87 -2.83 2.55
-2.81 5.75 26.77 2.87 -2.83 2.55
-2.81 5.75 26.77 3.52 -4.49 3.31
-6.02 6.76 17.78 3.52 -4.49 3.31
-6.02 6.76 17.78 4.06 -6.15 4.69
-10.62 4.05 11.33 4.06 -6.15 4.69
-10.62 4.05 11.33 3.97 -6.95 5.54
-13.58 -4.40 10.16 3.97 -6.95 5.54
-13.58 -4.40 10.16 3.05 -9.07 4.78
-18.65 -22.77 7.39 3.05 -9.07 4.78
-18.65 -22.77 7.39 1.05 -9.50 5.03
-27.47 -40.95 -12.94 1.05 -9.50 5.03
-27.47 -40.95 -12.94 .49 -7.73 4.18
-10.83 -31.01 -23.77 .49 -7.73 4.18
-10.83 -31.01 -23.77 3.57 -8.40 3.12
4.02 -21.18 -22.97 3.57 -8.40 3.12
4.02 -21.18 -22.97 .42 -6.05 1.80
14.75 -18.06 -20.87 .42 -6.05 1.80
14.75 -18.06 -20.87 -1.99 -4.08 1.95
21.78 -14.38 -15.89 -1.99 -4.08 1.95
21.78 -14.38 -15.89 -2.09 -1.25 -.27
6.39 -10.31 -10.44 -2.09 -1.25 -.27
6.39 -10.31 -10.44 .41 1.84 -1.61
3.79 -7.82 -8.85 1.38 1.79 -1.48
3.79 -7.82 -8.85 .41 1.84 -1.61
5.99 -6.03 -6.86 1.52 1.50 -.82
5.99 -6.03 -6.86 1.38 1.79 -1.48
6.81 -4.25 -3.21 1.52 1.50 -.82
6.81 -4.25 -3.21 .62 1.94 -1.22
4.82 -4.56 -.87 .62 1.94 -1.22
4.82 -4.56 -.87 .21 1.49 -1.08
5.45 -4.94 .00 .21 1.49 -1.08
5.45 -4.94 .00 .20 .85 -.94
7.07 -4.82 .44 .20 .85 -.94
7.07 -4.82 .44 .08 .59 -.71
7.19 -5.20 .56 .08 .59 -.71
7.19 -5.20 .56 -.08 .68 -.61
6.95 -5.17 1.01 -.08 .68 -.61
6.95 -5.17 1.01 -.05 .63 -.50
7.05 -5.20 1.38 -.05 .63 -.50
7.05 -5.20 1.38 -.05 .47 -.38
