7.35 -5.27 1.61 -.05 .47 -.38
7.35 -5.27 1.61 -.27 .40 -.30
7.20 -5.26 1.63 -.27 .40 -.30
7.20 -5.26 1.63 -.43 .35 -.22
7.06 -5.06 1.80 -.43 .35 -.22
7.06 -5.06 1.80 -.36 .31 -.09
-13.56 -7.43 8.88 2.52 -7.17 5.37
-13.56 -7.43 8.88 1.72 -8.37 5.23
-21.20 -27.26 4.42 1.72 -8.37 5.23
-21.20 -27.26 4.42 1.80 -7.89 4.12
-15.54 -30.40 -4.14 1.80 -7.89 4.12
-15.54 -30.40 -4.14 3.35 -8.26 4.98
-7.73 -26.68 -7.67 3.35 -8.26 4.98
-7.73 -26.68 -7.67 1.65 -6.89 3.89
-3.07 -23.09 -14.56 1.65 -6.89 3.89
-3.07 -23.09 -14.56 -1.80 -6.13 1.48
1.67 -19.55 -13.12 -1.80 -6.13 1.48
1.67 -19.55 -13.12 -1.88 -4.80 1.03
6.50 -16.39 -13.98 -1.88 -4.80 1.03
6.50 -16.39 -13.98 .55 -2.93 -.30
5.79 -6.64 -7.43 1.49 -1.45 -.69
6.97 -9.06 -10.06 1.49 -1.45 -.69
6.97 -9.06 -10.06 .55 -2.93 -.30
5.79 -6.64 -7.43 .74 -.50 -.74
6.08 -7.32 -5.64 .74 -.50 -.74
6.08 -7.32 -5.64 .06 -.08 -.61
6.15 -7.81 -4.92 .06 -.08 -.61
6.15 -7.81 -4.92 -.04 .26 -.63
6.14 -7.98 -4.58 -.04 .26 -.63
6.14 -7.98 -4.58 .24 .42 -.66
5.53 -7.72 -2.35 .85 .58 -.66
5.40 -7.96 -2.99 .24 .42 -.66
5.40 -7.96 -2.99 .85 .58 -.66
5.95 -7.03 -1.44 1.01 .50 -.67
5.79 -6.63 -.62 .29 .57 -.66
5.79 -6.63 -.62 1.01 .50 -.67
5.95 -7.03 -1.44 1.28 .46 -.71
5.53 -7.72 -2.35 1.28 .46 -.71
5.75 -6.76 -.67 -.27 .60 -.59
5.75 -6.76 -.67 .29 .57 -.66
5.99 -6.87 -.57 -.48 .68 -.53
5.84 -6.88 .63 -.48 .68 -.53
5.99 -6.87 -.57 -.27 .60 -.59
5.84 -6.88 .63 -.39 .77 -.46
5.99 -7.00 1.19 -.37 .72 -.42
5.99 -7.00 1.19 -.39 .77 -.46
6.36 -7.15 .98 -.39 .61 -.38
6.36 -7.15 .98 -.37 .72 -.42
6.22 -6.51 .60 -.39 .61 -.38
6.22 -6.51 .60 -.64 .56 -.40
5.79 -6.75 1.19 -.64 .56 -.40
5.79 -6.75 1.19 -.87 .63 -.31
5.79 -7.71 1.08 -.87 .63 -.31
