5.79 -7.71 1.08 -.70 .58 -.23
6.27 -7.98 .79 -.70 .58 -.23
6.27 -7.98 .79 -.04 .51 -.19
3.02 -1.78 14.58 .81 -1.06 .54
3.02 -1.78 14.58 1.07 -1.51 1.00
2.50 -.66 19.41 1.07 -1.51 1.00
2.50 -.66 19.41 2.41 -2.38 1.90
1.32 2.02 22.20 2.41 -2.38 1.90
1.32 2.02 22.20 3.73 -3.55 2.79
-1.61 3.08 20.42 3.73 -3.55 2.79
-1.61 3.08 20.42 4.56 -5.26 3.82
-5.33 1.51 16.03 4.56 -5.26 3.82
-5.33 1.51 16.03 4.95 -6.89 4.47
-9.35 -7.97 11.14 4.95 -6.89 4.47
-9.35 -7.97 11.14 5.45 -7.93 4.36
-17.25 -23.93 7.98 5.45 -7.93 4.36
-17.25 -23.93 7.98 4.03 -7.51 4.31
-15.68 -30.84 -5.65 4.03 -7.51 4.31
-15.68 -30.84 -5.65 2.69 -7.32 4.60
-.33 -27.14 -14.70 2.69 -7.32 4.60
-.33 -27.14 -14.70 -.30 -5.57 2.31
6.30 -19.42 -14.96 -.30 -5.57 2.31
6.30 -19.42 -14.96 -.98 -4.29 .71
8.76 -15.38 -13.17 -.98 -4.29 .71
8.76 -15.38 -13.17 -.32 -2.99 .00
8.27 -9.08 -10.11 -.32 -2.99 .00
8.27 -9.08 -10.11 -.35 -1.43 -1.12
7.30 -6.38 -7.20 -.35 -1.43 -1.12
7.30 -6.38 -7.20 -.18 -.44 -1.01
7.84 -5.41 -5.33 -.18 -.44 -1.01
7.84 -5.41 -5.33 -.35 .02 -.89
7.64 -5.21 -4.37 -.35 .02 -.89
7.64 -5.21 -4.37 -.33 .45 -.82
6.34 -4.91 -2.84 -.33 .45 -.82
6.34 -4.91 -2.84 -.18 .67 -.75
6.12 -5.08 -2.06 -.18 .67 -.75
6.12 -5.08 -2.06 -.01 .52 -.61
6.88 -5.17 -1.66 -.01 .52 -.61
6.88 -5.17 -1.66 -.06 .43 -.47
6.80 -6.16 -1.03 -.06 .43 -.47
6.80 -6.16 -1.03 -.08 .52 -.35
6.68 -5.79 -.73 -.08 .52 -.35
6.68 -5.79 -.73 -.12 .48 -.26
6.92 -5.93 .08 -.12 .48 -.26
6.92 -5.93 .08 -.18 .53 -.16
6.96 -6.23 -.26 -.18 .53 -.16
6.96 -6.23 -.26 -.35 .52 -.15
6.91 -6.31 .25 -.35 .52 -.15
6.91 -6.31 .25 -.33 .54 -.09
6.72 -6.71 .33 -.11 .58 -.05
6.72 -6.71 .33 -.33 .54 -.09
