6.97 -6.51 .23 -.11 .58 -.05
6.97 -6.51 .23 .06 .55 -.01
1.20 5.11 17.19 .75 -.80 1.13
1.20 5.11 17.19 1.97 -1.43 2.25
.06 6.92 21.18 1.97 -1.43 2.25
.06 6.92 21.18 3.13 -2.48 3.85
-2.14 8.73 21.69 3.13 -2.48 3.85
-2.14 8.73 21.69 3.68 -4.10 5.16
-6.26 9.78 21.61 3.68 -4.10 5.16
-6.26 9.78 21.61 3.70 -6.39 7.32
-16.25 -7.07 17.49 3.70 -6.39 7.32
-16.25 -7.07 17.49 1.79 -7.47 5.76
-25.36 -27.96 7.41 1.79 -7.47 5.76
-25.36 -27.96 7.41 -.32 -8.10 5.36
-16.42 -36.33 -7.36 -.32 -8.10 5.36
-16.42 -36.33 -7.36 -.96 -8.66 4.59
-6.71 -35.08 -11.89 -.96 -8.66 4.59
-6.71 -35.08 -11.89 1.22 -6.45 2.92
-.27 -24.83 -13.50 1.22 -6.45 2.92
-.27 -24.83 -13.50 1.25 -5.12 .99
4.02 -17.14 -12.06 1.25 -5.12 .99
4.02 -17.14 -12.06 .36 -3.96 .39
6.18 -12.12 -12.24 .36 -3.96 .39
6.18 -12.12 -12.24 -1.00 -2.89 -.61
6.31 -8.25 -8.94 -1.00 -2.89 -.61
6.31 -8.25 -8.94 -1.18 -1.43 -1.17
7.07 -6.88 -6.18 -.58 -.63 -.90
7.07 -6.88 -6.18 -1.18 -1.43 -1.17
7.92 -5.81 -5.00 -.58 -.63 -.90
7.92 -5.81 -5.00 -.27 -.14 -.87
7.33 -4.90 -3.65 -.27 -.14 -.87
7.33 -4.90 -3.65 -.39 .34 -.91
6.00 -5.02 -1.86 -.39 .34 -.91
6.00 -5.02 -1.86 -.40 .68 -.74
5.44 -6.09 -.56 -.40 .68 -.74
5.44 -6.09 -.56 -.16 .74 -.49
5.91 -6.21 .00 -.16 .74 -.49
5.91 -6.21 .00 .09 .66 -.34
5.99 -6.33 .06 .09 .66 -.34
5.99 -6.33 .06 .16 .67 -.25
5.59 -6.82 .90 .16 .67 -.25
5.59 -6.82 .90 .06 .71 -.16
5.63 -7.18 1.81 .06 .71 -.16
5.63 -7.18 1.81 .15 .63 -.04
6.10 -7.43 2.13 .40 .52 .02
6.10 -7.43 2.13 .15 .63 -.04
6.20 -7.03 2.07 .40 .52 .02
6.20 -7.03 2.07 .53 .41 .02
5.92 -7.17 2.66 .53 .41 .02
5.92 -7.17 2.66 .35 .38 .00
5.98 -7.16 2.90 .35 .38 .00
