5.98 -7.16 2.90 .02 .24 .01
3.01 1.30 15.59 .40 -.63 .67
3.01 1.30 15.59 .87 -1.24 1.62
1.22 9.12 20.50 .87 -1.24 1.62
1.22 9.12 20.50 2.60 -2.23 3.21
-1.16 7.83 21.23 2.60 -2.23 3.21
-1.16 7.83 21.23 2.95 -3.28 4.50
-3.88 5.78 18.55 2.95 -3.28 4.50
-3.88 5.78 18.55 3.04 -4.56 5.18
-8.01 3.26 20.35 3.04 -4.56 5.18
-8.01 3.26 20.35 3.40 -5.80 6.13
-12.43 -7.14 19.63 3.40 -5.80 6.13
-12.43 -7.14 19.63 3.62 -6.97 6.15
-17.30 -32.80 14.45 3.62 -6.97 6.15
-17.30 -32.80 14.45 3.08 -6.89 4.36
-15.82 -42.39 3.83 3.08 -6.89 4.36
-15.82 -42.39 3.83 3.96 -7.08 4.88
-4.14 -36.37 1.44 3.96 -7.08 4.88
-4.14 -36.37 1.44 6.62 -5.78 3.19
-1.16 -26.21 -1.58 6.62 -5.78 3.19
-1.16 -26.21 -1.58 4.65 -5.57 1.99
1.43 -14.60 -5.69 4.65 -5.57 1.99
1.43 -14.60 -5.69 .72 -5.70 .32
.81 -11.09 -10.18 .72 -5.70 .32
.81 -11.09 -10.18 -1.27 -4.77 -.30
3.13 -6.26 -11.00 -1.27 -4.77 -.30
3.13 -6.26 -11.00 -1.76 -3.56 -.59
6.82 -2.77 -9.85 -1.76 -3.56 -.59
6.82 -2.77 -9.85 -2.06 -2.39 -.51
9.65 -1.35 -8.14 -2.06 -2.39 -.51
9.65 -1.35 -8.14 -1.56 -1.24 -.19
10.43 -3.71 -6.09 -1.56 -1.24 -.19
10.43 -3.71 -6.09 -.25 -.11 .12
8.94 -5.23 -3.99 -.25 -.11 .12
8.94 -5.23 -3.99 .30 .75 .02
7.60 -5.65 -1.54 .30 .75 .02
7.60 -5.65 -1.54 .58 1.04 .04
6.18 -6.44 -.09 .58 1.04 .04
6.18 -6.44 -.09 .35 1.11 .12
6.06 -7.09 1.14 .35 1.11 .12
6.06 -7.09 1.14 -.10 .96 .21
6.52 -7.96 1.36 -.10 .96 .21
6.52 -7.96 1.36 -.26 .83 .22
6.87 -7.97 2.09 -.26 .83 .22
6.87 -7.97 2.09 -.14 .72 .11
6.93 -7.53 2.37 -.14 .72 .11
6.93 -7.53 2.37 -.13 .65 -.01
