-3.33 -6.51 9.93 2.30 .67 .62
-3.22 -5.05 9.68 2.30 .67 .62
-3.22 -5.05 9.68 2.50 .67 .36
-3.60 -1.85 -15.91 -3.49 4.36 .48
-3.60 -1.85 -15.91 -4.66 6.87 1.07
-4.02 3.55 -18.51 -4.66 6.87 1.07
-4.02 3.55 -18.51 -5.74 9.47 1.65
-4.32 5.87 -14.38 -5.74 9.47 1.65
-4.32 5.87 -14.38 -6.72 12.82 2.34
-25.59 .34 5.40 -6.72 12.82 2.34
-25.59 .34 5.40 -9.29 14.58 3.16
-28.97 -28.37 10.89 -9.29 14.58 3.16
-28.97 -28.37 10.89 -6.69 10.47 4.37
-29.49 -33.22 25.35 -6.69 10.47 4.37
-29.49 -33.22 25.35 3.72 8.02 4.47
-20.92 -8.25 32.32 3.72 8.02 4.47
-20.92 -8.25 32.32 7.08 3.62 2.93
-9.89 .71 41.04 4.36 1.59 1.91
-9.89 .71 41.04 7.08 3.62 2.93
-10.50 -6.57 40.15 4.36 1.59 1.91
-10.50 -6.57 40.15 -.65 -.17 2.04
-2.77 -2.84 19.39 -.65 -.17 2.04
-2.77 -2.84 19.39 -4.11 -1.26 .03
-4.11 -6.39 11.01 -4.11 -1.26 .03
-4.11 -6.39 11.01 -4.11 -1.40 -.94
-2.14 -6.88 8.68 -4.11 -1.40 -.94
-2.14 -6.88 8.68 -2.70 -1.80 -1.05
-1.49 -6.61 6.91 -2.70 -1.80 -1.05
-1.49 -6.61 6.91 -1.40 -1.47 -1.11
-2.55 -3.73 5.56 -1.40 -1.47 -1.11
-2.55 -3.73 5.56 .23 -1.06 -.63
-2.38 -.94 4.60 .23 -1.06 -.63
-2.38 -.94 4.60 .91 -.90 -.28
-1.79 -.15 3.81 .91 -.90 -.28
-1.79 -.15 3.81 .44 -.53 -.22
-2.40 -1.24 3.64 .44 -.53 -.22
-2.40 -1.24 3.64 -.33 -.13 -.12
-2.99 -2.43 3.95 -.33 -.13 -.12
-2.99 -2.43 3.95 -.67 .15 .07
-3.18 -3.31 5.20 -.67 .15 .07
-3.18 -3.31 5.20 -.70 .39 .27
-2.94 -4.58 7.01 -.70 .39 .27
-2.94 -4.58 7.01 -.59 .61 .45
-3.01 -6.61 9.12 -.59 .61 .45
-3.01 -6.61 9.12 -.27 .82 .59
-3.05 -8.16 10.33 -.27 .82 .59
-3.05 -8.16 10.33 .27 .91 .53
-3.06 -7.90 10.39 .27 .91 .53
-3.06 -7.90 10.39 1.05 .93 .40
-3.21 -6.92 10.48 1.05 .93 .40
-3.21 -6.92 10.48 1.60 .85 .22
-3.67 -4.93 10.28 1.60 .85 .22
-3.67 -4.93 10.28 1.66 .69 -.03
-9.35 -17.07 -.16 -9.41 10.95 4.84
-9.35 -17.07 -.16 -3.07 12.18 6.49
-25.52 -25.09 3.05 2.89 12.63 5.10
-25.52 -25.09 3.05 -3.07 12.18 6.49
-31.00 -9.37 9.32 6.57 8.59 3.02
-31.00 -9.37 9.32 2.89 12.63 5.10
-20.41 4.79 24.88 4.38 5.20 1.71
-20.41 4.79 24.88 6.57 8.59 3.02
-21.37 -6.69 52.20 -.20 4.15 2.24
-21.37 -6.69 52.20 4.38 5.20 1.71
-16.33 -.76 38.20 -1.59 .58 -.89
-16.33 -.76 38.20 -.20 4.15 2.24
-9.81 -5.29 17.25 -3.66 -.79 -.41
-9.81 -5.29 17.25 -1.59 .58 -.89
-8.52 -1.57 9.04 -2.59 -1.88 -1.38
-8.52 -1.57 9.04 -3.66 -.79 -.41
-4.68 -4.24 7.83 -1.93 -2.53 -1.15
-4.68 -4.24 7.83 -2.59 -1.88 -1.38
-3.66 -4.21 8.82 -.65 -2.47 -1.16
-3.66 -4.21 8.82 -1.93 -2.53 -1.15
-4.34 -2.10 8.10 .41 -1.92 -.97
-4.34 -2.10 8.10 -.65 -2.47 -1.16
-4.72 -.27 5.64 .95 -1.69 -.37
-4.72 -.27 5.64 .41 -1.92 -.97
-3.17 .70 3.42 .59 -1.43 -.15
-3.17 .70 3.42 .95 -1.69 -.37
-2.80 .60 2.24 -.36 -.99 .00
-2.80 .60 2.24 .59 -1.43 -.15
-2.46 -.85 2.11 -1.24 -.59 .12
-2.46 -.85 2.11 -.36 -.99 .00
-2.58 -1.64 3.55 -1.63 -.17 .33
-2.58 -1.64 3.55 -1.24 -.59 .12
-2.93 -3.52 5.49 -1.69 .26 .52
-2.93 -3.52 5.49 -1.63 -.17 .33
-3.47 -5.60 7.54 -1.48 .56 .83
-3.47 -5.60 7.54 -1.69 .26 .52
-4.11 -8.30 9.67 -1.48 .56 .83
-4.11 -8.30 9.67 -1.07 .72 .83
-4.46 -9.60 11.00 -.18 .72 .70
-4.46 -9.60 11.00 -1.07 .72 .83
-4.64 -8.82 10.33 1.01 .60 .56
-4.64 -8.82 10.33 -.18 .72 .70
-4.63 -6.79 9.92 1.80 .38 .32
-4.63 -6.79 9.92 1.01 .60 .56
-4.88 -4.40 9.77 1.85 .17 .09
-4.88 -4.40 9.77 1.80 .38 .32
-4.91 -2.53 9.62 1.25 -.05 -.18
-4.91 -2.53 9.62 1.85 .17 .09
-4.70 -1.64 9.28 .31 -.26 -.35
