-7.04 .03 7.84 -1.52 -.70 -.20
-7.04 .03 7.84 -1.79 -.64 -.13
-7.00 -.70 7.75 -1.79 -.64 -.13
-7.00 -.70 7.75 -1.33 -.59 .04
-7.36 -.06 8.00 -1.33 -.59 .04
-7.36 -.06 8.00 -.58 -.68 .36
-6.94 -.10 7.51 -.58 -.68 .36
-6.94 -.10 7.51 -.30 -.75 .41
-6.33 -.16 7.10 -.30 -.75 .41
-6.33 -.16 7.10 -.34 -.71 .41
-6.18 .00 7.06 -.34 -.71 .41
-6.18 .00 7.06 -.66 -.61 .37
-4.45 5.27 -16.53 .07 1.38 .17
-4.45 5.27 -16.53 -.75 2.91 .80
-9.40 3.76 -18.18 -1.81 4.91 1.54
-9.40 3.76 -18.18 -.75 2.91 .80
-9.24 .74 -16.16 -1.81 4.91 1.54
-9.24 .74 -16.16 -3.19 7.92 1.87
-8.17 4.89 -15.43 -3.19 7.92 1.87
-8.17 4.89 -15.43 -3.04 10.76 3.09
-10.46 3.45 -5.05 -.11 13.45 4.39
-10.46 3.45 -5.05 -3.04 10.76 3.09
-26.91 -5.60 8.02 -.11 13.45 4.39
-26.91 -5.60 8.02 -.82 16.83 2.90
-44.98 -16.83 12.46 -.82 16.83 2.90
-44.98 -16.83 12.46 -.61 14.03 2.67
-45.94 -8.21 28.56 -.61 14.03 2.67
-45.94 -8.21 28.56 3.66 9.26 1.27
-29.05 .65 35.08 3.66 9.26 1.27
-29.05 .65 35.08 2.32 4.87 .54
-18.60 3.29 30.55 2.32 4.87 .54
-18.60 3.29 30.55 -1.63 1.16 -.11
-9.62 -.40 22.83 -1.63 1.16 -.11
-9.62 -.40 22.83 -3.80 .34 -.24
-7.04 -2.76 18.97 -3.80 .34 -.24
-7.04 -2.76 18.97 -4.16 -.22 -.33
-5.54 -2.99 16.63 -4.16 -.22 -.33
-5.54 -2.99 16.63 -3.51 -.66 -.23
-5.23 -3.23 14.31 -3.51 -.66 -.23
-5.23 -3.23 14.31 -2.43 -.98 -.10
-4.56 -3.11 12.59 -1.56 -1.31 -.03
-4.56 -3.11 12.59 -2.43 -.98 -.10
-3.75 -2.94 11.49 -1.56 -1.31 -.03
-3.75 -2.94 11.49 -.98 -1.40 -.02
-3.14 -2.73 10.69 -.98 -1.40 -.02
-3.14 -2.73 10.69 -.63 -1.34 -.02
-3.22 -2.77 9.91 -.63 -1.34 -.02
-3.22 -2.77 9.91 -.52 -1.12 -.08
-4.11 -2.93 9.31 -.52 -1.12 -.08
-4.11 -2.93 9.31 -.45 -.87 -.15
-4.76 -3.30 9.25 -.45 -.87 -.15
-4.76 -3.30 9.25 -.24 -.73 -.16
-5.20 -3.70 9.10 -.24 -.73 -.16
-5.20 -3.70 9.10 .05 -.69 -.10
-5.37 -3.47 8.43 .05 -.69 -.10
-5.37 -3.47 8.43 .19 -.76 -.05
-4.99 -3.19 7.63 .19 -.76 -.05
-4.99 -3.19 7.63 .18 -.84 -.09
