-6.25 -2.45 7.97 .00 -.60 .00
-32.55 -5.23 6.66 .51 15.00 2.86
-32.55 -5.23 6.66 .65 16.81 .86
-48.22 -15.75 19.02 .65 16.81 .86
-48.22 -15.75 19.02 1.68 13.40 .16
-39.63 -.33 28.99 1.68 13.40 .16
-39.63 -.33 28.99 3.79 8.23 .35
-26.91 5.22 29.16 3.79 8.23 .35
-26.91 5.22 29.16 1.82 4.65 .58
-18.74 3.77 24.73 1.82 4.65 .58
-18.74 3.77 24.73 -1.05 2.06 .27
-13.24 -.51 20.35 -1.05 2.06 .27
-13.24 -.51 20.35 -3.00 .83 -.08
-11.32 -4.40 18.19 -3.00 .83 -.08
-11.32 -4.40 18.19 -3.34 .24 -.36
-9.38 -4.05 16.36 -3.34 .24 -.36
-9.38 -4.05 16.36 -2.64 -.20 -.48
-8.94 -2.71 14.03 -2.64 -.20 -.48
-8.94 -2.71 14.03 -1.83 -.55 -.42
-8.18 -2.09 11.14 -1.83 -.55 -.42
-8.18 -2.09 11.14 -.90 -1.22 -.16
-6.92 -1.60 9.17 -.90 -1.22 -.16
-6.92 -1.60 9.17 -.66 -1.49 -.07
-5.15 -1.51 7.97 -.66 -1.49 -.07
-5.15 -1.51 7.97 -.60 -1.53 -.06
-4.98 -1.82 7.63 -.60 -1.53 -.06
-4.98 -1.82 7.63 -.66 -1.32 -.12
-5.63 -2.19 7.36 -.66 -1.32 -.12
-5.63 -2.19 7.36 -.62 -1.05 -.16
-5.65 -2.39 7.07 -.62 -1.05 -.16
-5.65 -2.39 7.07 -.48 -.91 -.15
-5.27 -2.73 7.17 -.48 -.91 -.15
-5.27 -2.73 7.17 -.29 -.75 -.13
-5.55 -2.86 7.36 -.29 -.75 -.13
-5.55 -2.86 7.36 -.06 -.56 -.10
-5.99 -2.43 7.42 -.06 -.56 -.10
-5.99 -2.43 7.42 .05 -.52 -.05
