-4.32 -6.23 9.55 -.14 .39 .23
-4.32 -6.23 9.55 -.04 .22 -.02
3.60 4.08 -6.53 -.40 .38 .49
3.60 4.08 -6.53 -1.59 .93 .70
3.53 4.26 -15.77 -1.59 .93 .70
3.53 4.26 -15.77 -3.07 1.90 .86
1.51 6.07 -14.90 -5.12 4.27 1.80
1.51 6.07 -14.90 -3.07 1.90 .86
-3.09 16.93 -17.05 -7.25 7.25 3.62
-3.09 16.93 -17.05 -5.12 4.27 1.80
-3.69 9.11 -14.28 -7.25 7.25 3.62
-3.69 9.11 -14.28 -4.64 10.11 5.84
-12.44 -22.82 -14.01 -4.64 10.11 5.84
-12.44 -22.82 -14.01 .98 14.51 5.28
-54.87 -14.64 8.45 .98 14.51 5.28
-54.87 -14.64 8.45 3.51 14.84 4.77
-31.89 -4.86 38.48 3.51 14.84 4.77
-31.89 -4.86 38.48 4.62 6.23 1.81
-27.14 -18.75 67.61 4.62 6.23 1.81
-27.14 -18.75 67.61 -.39 5.27 4.13
-21.05 -7.09 34.25 -.39 5.27 4.13
-21.05 -7.09 34.25 -1.26 -.71 -.79
1.60 -.04 14.23 -1.26 -.71 -.79
1.60 -.04 14.23 -1.93 -2.72 -.89
-3.19 -1.62 11.41 -1.93 -2.72 -.89
-3.19 -1.62 11.41 -2.81 -1.71 -1.08
-3.23 -3.67 10.54 -2.81 -1.71 -1.08
-3.23 -3.67 10.54 -2.46 -2.21 -1.43
-2.20 -4.73 8.04 -2.46 -2.21 -1.43
-2.20 -4.73 8.04 -1.17 -1.95 -1.21
-3.41 -1.76 5.67 .45 -1.42 -.49
-3.41 -1.76 5.67 -1.17 -1.95 -1.21
-3.24 .06 3.72 .45 -1.42 -.49
-3.24 .06 3.72 .86 -1.11 -.18
-2.16 -.06 2.46 .86 -1.11 -.18
-2.16 -.06 2.46 .57 -.67 -.09
-2.39 -1.01 2.46 .57 -.67 -.09
-2.39 -1.01 2.46 .15 -.16 .13
-3.43 -2.27 3.94 .15 -.16 .13
-4.04 -2.55 5.64 -.03 .24 .31
-3.43 -2.27 3.94 -.03 .24 .31
-4.04 -2.55 5.64 -.13 .45 .53
-4.05 -3.53 7.27 -.13 .45 .53
-3.86 -5.17 8.95 -.34 .63 .67
-4.05 -3.53 7.27 -.34 .63 .67
-4.30 -7.24 10.54 -.53 .80 .68
-3.86 -5.17 8.95 -.53 .80 .68
-4.30 -7.24 10.54 -.42 .87 .59
-4.49 -7.22 10.98 -.42 .87 .59
-4.49 -7.22 10.98 .00 .78 .35
-4.54 -6.36 10.87 .00 .78 .35
