-3.13 -5.03 9.17 -.27 .71 .40
-3.55 -6.01 9.80 -.06 .78 .32
-3.84 -6.24 9.86 -.06 .78 .32
-3.84 -6.24 9.86 .31 .71 .27
4.81 2.99 -19.26 -1.79 1.67 .74
4.81 2.99 -19.26 -4.31 2.92 1.06
-4.82 -1.75 -15.37 -4.31 2.92 1.06
-4.82 -1.75 -15.37 -6.21 5.48 2.66
-9.30 13.67 -9.00 -6.21 5.48 2.66
-9.30 13.67 -9.00 -8.50 8.01 4.69
-3.34 13.67 -10.25 -8.50 8.01 4.69
-3.34 13.67 -10.25 -6.36 10.75 6.03
-15.10 -16.48 -3.84 -6.36 10.75 6.03
-15.10 -16.48 -3.84 -4.36 14.19 4.96
-35.09 -26.05 6.72 -4.36 14.19 4.96
-35.09 -26.05 6.72 -.69 11.48 6.46
-37.06 -20.52 30.01 -.69 11.48 6.46
-37.06 -20.52 30.01 4.91 7.84 3.54
-21.06 -11.87 54.66 4.91 7.84 3.54
-21.06 -11.87 54.66 4.77 3.52 2.59
-20.38 -9.11 41.31 4.77 3.52 2.59
-20.38 -9.11 41.31 .03 .70 .37
-3.65 -5.97 19.72 .03 .70 .37
-3.65 -5.97 19.72 -2.57 -2.02 -.83
-3.10 -2.74 13.04 -2.57 -2.02 -.83
-3.10 -2.74 13.04 -3.14 -1.68 -2.04
-1.41 -2.99 9.53 -3.14 -1.68 -2.04
-1.41 -2.99 9.53 -2.78 -1.59 -1.97
-.79 -4.79 5.89 -2.78 -1.59 -1.97
-.79 -4.79 5.89 -.60 -.96 -1.31
-2.51 .01 3.48 -.60 -.96 -1.31
-2.51 .01 3.48 .84 -.79 -.60
-1.64 -.33 3.58 .84 -.79 -.60
-1.64 -.33 3.58 .90 -.42 -.17
-2.67 -.84 4.06 .90 -.42 -.17
-2.67 -.84 4.06 .59 .05 .29
-4.24 -1.34 4.41 .19 .26 .50
-4.24 -1.34 4.41 .59 .05 .29
-4.44 -2.18 4.75 .19 .26 .50
-4.44 -2.18 4.75 -.21 .33 .51
-4.33 -4.03 5.74 -.21 .33 .51
-4.33 -4.03 5.74 -.39 .56 .51
-4.69 -5.77 7.56 -.39 .56 .51
-4.69 -5.77 7.56 -.35 .72 .65
-4.84 -6.58 8.99 -.35 .72 .65
-4.84 -6.58 8.99 -.27 .71 .81
-4.69 -6.97 9.85 -.27 .71 .81
-4.69 -6.97 9.85 -.29 .61 .73
-4.59 -7.30 9.98 -.29 .61 .73
-4.59 -7.30 9.98 -.28 .53 .47
-4.49 -6.97 9.97 -.28 .53 .47
-4.49 -6.97 9.97 -.14 .39 .23
