-5.62 -2.62 6.87 -.94 -.91 .11
-5.62 -2.62 6.87 -.84 -.97 .11
-4.89 -2.49 6.71 -.84 -.97 .11
-4.89 -2.49 6.71 -.66 -.91 .09
-17.09 -9.08 -7.32 -2.66 10.83 5.87
-17.09 -9.08 -7.32 -.01 14.45 6.02
-34.58 -7.05 3.68 -.01 14.45 6.02
-34.58 -7.05 3.68 -1.03 14.70 4.43
-29.94 -14.75 9.76 -1.03 14.70 4.43
-29.94 -14.75 9.76 .16 11.79 2.91
-33.65 -14.31 14.26 .16 11.79 2.91
-34.44 -5.18 23.45 3.44 10.74 3.35
-33.65 -14.31 14.26 3.44 10.74 3.35
-34.44 -5.18 23.45 5.16 7.78 3.09
-27.07 2.25 22.97 4.02 4.67 2.50
-27.07 2.25 22.97 5.16 7.78 3.09
-20.87 6.01 21.48 4.02 4.67 2.50
-20.87 6.01 21.48 1.26 2.55 1.59
-17.92 2.28 19.78 1.26 2.55 1.59
-17.92 2.28 19.78 -1.99 1.74 .41
-17.00 -.27 19.02 -1.99 1.74 .41
-17.00 -.27 19.02 -3.80 1.12 -.55
-15.06 -2.43 17.25 -3.80 1.12 -.55
-15.06 -2.43 17.25 -4.40 .32 -1.14
-12.75 -4.42 13.98 -4.40 .32 -1.14
-12.75 -4.42 13.98 -3.79 -.36 -1.25
-10.37 -4.80 10.73 -3.79 -.36 -1.25
-10.37 -4.80 10.73 -1.89 -.95 -.99
-7.62 -2.54 9.44 -1.89 -.95 -.99
-7.62 -2.54 9.44 -.04 -1.44 -.51
-7.12 -.88 9.41 -.04 -1.44 -.51
-7.12 -.88 9.41 .45 -1.41 -.22
-8.43 .51 9.35 .45 -1.41 -.22
-8.43 .51 9.35 .03 -1.49 -.02
-8.37 -.16 8.26 .03 -1.49 -.02
-8.37 -.16 8.26 -1.01 -1.76 -.20
-6.94 -1.56 6.59 -1.01 -1.76 -.20
-6.94 -1.56 6.59 -1.80 -1.78 -.46
-5.90 -2.69 5.58 -1.80 -1.78 -.46
-5.90 -2.69 5.58 -1.84 -1.73 -.32
-5.64 -3.79 5.34 -1.84 -1.73 -.32
-5.64 -3.79 5.34 -1.52 -1.40 -.28
-6.13 -4.23 5.34 -1.52 -1.40 -.28
-6.13 -4.23 5.34 -.95 -1.08 -.15
-6.65 -4.01 4.97 -.95 -1.08 -.15
-6.65 -4.01 4.97 -.33 -.96 -.04
-6.14 -3.74 4.52 -.33 -.96 -.04
-6.14 -3.74 4.52 .11 -.92 -.05
-5.55 -3.52 4.65 .11 -.92 -.05
-5.55 -3.52 4.65 .34 -.71 -.07
-6.04 -3.22 5.58 .34 -.71 -.07
-6.04 -3.22 5.58 .38 -.43 -.03
-7.00 -3.05 6.05 .38 -.43 -.03
