-7.00 -3.05 6.05 .22 -.31 -.05
-7.09 1.18 1.76 -4.44 10.81 1.96
-7.09 1.18 1.76 -4.42 12.67 3.14
-17.65 -10.57 10.24 -4.42 12.67 3.14
-17.65 -10.57 10.24 -4.64 13.04 2.98
-15.30 -19.10 11.65 -4.64 13.04 2.98
-15.30 -19.10 11.65 1.06 9.12 3.35
-21.48 -12.05 14.69 1.06 9.12 3.35
-21.48 -12.05 14.69 2.99 7.10 3.70
-18.11 -4.26 19.95 2.99 7.10 3.70
-18.11 -4.26 19.95 3.98 5.00 1.80
-17.40 1.53 21.22 3.98 5.00 1.80
-17.40 1.53 21.22 3.62 2.62 .85
-14.69 3.26 20.93 3.62 2.62 .85
-14.69 3.26 20.93 2.58 .95 .18
-12.61 3.83 20.45 2.58 .95 .18
-12.61 3.83 20.45 .99 -.27 -.23
-10.60 2.07 18.43 .99 -.27 -.23
-10.60 2.07 18.43 -.83 -1.09 -.52
-8.98 -.62 15.75 -.83 -1.09 -.52
-8.98 -.62 15.75 -2.20 -1.44 -.79
-7.27 -2.46 13.32 -2.20 -1.44 -.79
-7.27 -2.46 13.32 -2.80 -1.58 -.81
-5.64 -3.28 11.60 -2.80 -1.58 -.81
-5.64 -3.28 11.60 -2.50 -1.45 -.77
-5.50 -3.43 10.18 -2.50 -1.45 -.77
-5.50 -3.43 10.18 -1.75 -1.21 -.76
-5.41 -3.27 9.37 -1.75 -1.21 -.76
-5.41 -3.27 9.37 -.86 -1.13 -.80
-4.68 -3.05 8.56 -.86 -1.13 -.80
-4.68 -3.05 8.56 -.08 -1.11 -.78
-4.22 -2.40 8.13 -.08 -1.11 -.78
-4.22 -2.40 8.13 .52 -1.03 -.65
-3.61 -1.69 7.73 .52 -1.03 -.65
-3.61 -1.69 7.73 1.03 -.95 -.44
-3.50 -.60 7.52 1.03 -.95 -.44
-3.50 -.60 7.52 1.24 -.87 -.25
-3.41 .04 7.65 1.24 -.87 -.25
-3.41 .04 7.65 1.14 -.85 -.17
-3.34 .00 7.91 1.14 -.85 -.17
-3.34 .00 7.91 .79 -.81 -.14
-3.48 -.24 8.12 .79 -.81 -.14
-3.48 -.24 8.12 .46 -.78 -.05
-3.37 -.33 7.96 .46 -.78 -.05
-3.37 -.33 7.96 .15 -.76 .02
-3.23 -.94 7.88 .15 -.76 .02
-3.23 -.94 7.88 -.23 -.72 .02
-3.27 -1.40 7.85 -.23 -.72 .02
-3.27 -1.40 7.85 -.46 -.65 .05
