-3.42 -1.79 8.42 -.46 -.65 .05
-3.42 -1.79 8.42 -.49 -.57 .04
-2.64 1.75 -14.59 -1.03 1.87 .65
-2.64 1.75 -14.59 -1.99 3.22 .67
-8.03 -.21 -14.15 -1.99 3.22 .67
-8.03 -.21 -14.15 -2.61 5.14 1.01
-9.74 .24 -14.90 -2.61 5.14 1.01
-9.74 .24 -14.90 -3.69 7.19 1.56
-6.40 2.98 -15.36 -3.69 7.19 1.56
-6.40 2.98 -15.36 -5.06 9.24 2.04
-5.74 1.65 -14.29 -5.06 9.24 2.04
-5.74 1.65 -14.29 -4.85 12.02 3.14
-10.52 -5.95 -5.76 -4.85 12.02 3.14
-10.52 -5.95 -5.76 -1.76 15.79 3.98
-33.57 -14.38 3.24 -1.76 15.79 3.98
-33.57 -14.38 3.24 -2.74 15.87 3.02
-31.00 -17.90 10.43 -2.74 15.87 3.02
-31.00 -17.90 10.43 2.58 12.20 2.54
-37.84 -8.44 25.85 5.53 10.78 2.10
-37.84 -8.44 25.85 2.58 12.20 2.54
-32.13 3.47 30.22 5.53 10.78 2.10
-32.13 3.47 30.22 3.62 4.75 .38
-17.46 6.33 23.43 3.62 4.75 .38
-17.46 6.33 23.43 -.61 2.60 -.52
-15.22 1.33 18.85 -.61 2.60 -.52
-15.22 1.33 18.85 -3.52 1.87 -.84
-13.75 -.71 19.19 -3.52 1.87 -.84
-13.75 -.71 19.19 -4.25 1.00 -1.11
-11.95 -2.85 17.33 -4.25 1.00 -1.11
-11.95 -2.85 17.33 -3.91 .48 -1.18
-10.84 -3.88 14.20 -3.91 .48 -1.18
-10.84 -3.88 14.20 -2.62 -.12 -.86
-8.69 -2.57 11.16 -2.62 -.12 -.86
-8.69 -2.57 11.16 -1.11 -.62 -.42
-7.74 -.39 9.84 -1.11 -.62 -.42
-7.74 -.39 9.84 -.22 -.80 -.07
-6.95 .02 9.16 -.22 -.80 -.07
-6.95 .02 9.16 -.05 -.89 -.05
-6.71 .29 8.84 -.05 -.89 -.05
-6.71 .29 8.84 -.28 -.78 -.17
-6.97 .02 8.22 -.28 -.78 -.17
-6.97 .02 8.22 -.59 -.65 -.27
-6.84 -.34 7.20 -.59 -.65 -.27
-6.84 -.34 7.20 -.67 -.55 -.16
-6.61 -.78 6.60 -.67 -.55 -.16
-6.61 -.78 6.60 -.56 -.55 -.01
-6.39 -1.33 6.79 -.56 -.55 -.01
-6.39 -1.33 6.79 -.48 -.39 .01
-6.69 -1.61 7.03 -.48 -.39 .01
-6.69 -1.61 7.03 -.60 -.21 .09
-7.23 -2.20 6.63 -.60 -.21 .09
