-7.23 -2.20 6.63 -.54 -.17 .17
-4.37 2.15 -16.94 -2.15 2.93 1.63
-4.37 2.15 -16.94 -3.54 4.76 2.23
-8.72 1.63 -21.03 -3.54 4.76 2.23
-8.72 1.63 -21.03 -4.72 7.52 2.45
-8.52 4.88 -21.34 -4.72 7.52 2.45
-8.52 4.88 -21.34 -5.32 11.02 3.86
-14.93 .59 -24.71 -5.32 11.02 3.86
-14.93 .59 -24.71 -4.96 14.99 5.41
-29.56 -12.03 -13.24 -4.96 14.99 5.41
-29.56 -12.03 -13.24 -2.69 20.11 5.69
-54.75 -17.36 1.97 -2.69 20.11 5.69
-54.75 -17.36 1.97 -.84 16.00 4.47
-42.47 -17.89 17.82 -.84 16.00 4.47
-42.47 -17.89 17.82 5.09 12.92 3.07
-45.58 -2.46 32.87 5.09 12.92 3.07
-45.58 -2.46 32.87 6.01 9.34 2.63
-32.98 7.53 33.90 6.01 9.34 2.63
-32.98 7.53 33.90 3.39 5.13 1.35
-20.65 7.04 28.01 3.39 5.13 1.35
-20.65 7.04 28.01 -1.20 2.33 .00
-15.95 .83 21.79 -1.20 2.33 .00
-15.95 .83 21.79 -4.78 1.68 -.50
-15.52 -5.02 19.35 -4.78 1.68 -.50
-15.52 -5.02 19.35 -5.61 1.08 -.70
-12.27 -6.87 16.40 -5.61 1.08 -.70
-12.27 -6.87 16.40 -4.22 .32 -.75
-10.80 -5.19 14.06 -4.22 .32 -.75
-10.80 -5.19 14.06 -1.93 -.15 -.46
-9.58 -3.40 11.91 -1.93 -.15 -.46
-9.58 -3.40 11.91 -.47 -.76 -.32
-8.00 -1.77 10.81 -.47 -.76 -.32
-8.00 -1.77 10.81 .10 -1.15 -.23
-7.31 -.93 9.70 .10 -1.15 -.23
-7.31 -.93 9.70 .20 -1.37 -.09
-6.56 -.60 8.08 .20 -1.37 -.09
-6.56 -.60 8.08 -.13 -1.45 -.17
-5.93 -.99 7.23 -.13 -1.45 -.17
-5.93 -.99 7.23 -.61 -1.35 -.26
-5.72 -1.56 6.80 -.61 -1.35 -.26
-5.78 -2.29 6.52 -.94 -1.11 -.24
-5.72 -1.56 6.80 -.94 -1.11 -.24
-5.78 -2.29 6.52 -.96 -.84 -.13
-6.00 -2.99 6.09 -.96 -.84 -.13
-6.00 -2.99 6.09 -.76 -.61 .01
-6.06 -3.09 5.49 -.76 -.61 .01
-6.12 -2.94 4.94 -.44 -.50 .17
-6.12 -2.94 4.94 -.22 -.43 .25
-6.17 -2.96 5.05 -.22 -.43 .25
