-6.17 -2.96 5.05 -.21 -.28 .26
-6.06 -3.09 5.49 -.44 -.50 .17
-.39 5.46 -19.85 -1.52 3.00 .75
-.39 5.46 -19.85 -3.16 4.09 1.02
-8.26 3.58 -17.05 -3.16 4.09 1.02
-8.26 3.58 -17.05 -3.41 6.20 1.48
-8.74 -1.43 -10.54 -3.41 6.20 1.48
-8.74 -1.43 -10.54 -3.91 9.96 1.16
-4.64 6.58 -5.05 -3.91 9.96 1.16
-4.64 6.58 -5.05 -4.28 12.49 2.68
-6.23 -3.65 -10.34 -4.28 12.49 2.68
-6.23 -3.65 -10.34 -.87 15.36 4.65
-27.42 -14.82 -1.39 -.87 15.36 4.65
-27.42 -14.82 -1.39 .81 17.82 1.76
-61.59 -14.25 14.15 .81 17.82 1.76
-61.59 -14.25 14.15 3.55 13.63 2.59
-31.46 2.81 31.51 3.55 13.63 2.59
-31.46 2.81 31.51 5.52 5.97 .65
-22.73 7.19 30.66 5.52 5.97 .65
-22.73 7.19 30.66 1.59 4.04 1.03
-19.32 3.36 27.56 1.59 4.04 1.03
-19.32 3.36 27.56 -1.77 2.07 .61
-13.04 .06 21.01 -1.77 2.07 .61
-13.04 .06 21.01 -3.76 1.01 -.28
-10.03 -3.32 16.00 -3.76 1.01 -.28
-10.03 -3.32 16.00 -3.79 .87 -.71
-9.92 -2.54 14.82 -3.79 .87 -.71
-9.92 -2.54 14.82 -2.56 .74 -.73
-10.42 -1.56 13.85 -2.56 .74 -.73
-10.42 -1.56 13.85 -1.51 .15 -.67
-8.87 -.79 11.87 -1.51 .15 -.67
-8.87 -.79 11.87 -.77 -.61 -.48
-6.97 -.38 10.31 -.77 -.61 -.48
-6.97 -.38 10.31 -.50 -1.06 -.31
-5.82 -.57 8.86 -.50 -1.06 -.31
-5.82 -.57 8.86 -.52 -1.15 -.18
-5.33 -1.05 7.62 -.52 -1.15 -.18
-5.33 -1.05 7.62 -.68 -1.09 -.16
-5.40 -1.12 7.44 -.68 -1.09 -.16
-5.40 -1.12 7.44 -.81 -.91 -.17
-5.77 -1.31 7.42 -.81 -.91 -.17
-5.77 -1.31 7.42 -.98 -.76 -.16
-5.77 -2.14 7.07 -.98 -.76 -.16
