-5.77 -2.14 7.07 -.99 -.61 -.16
-5.59 -2.71 6.63 -.99 -.61 -.16
-5.59 -2.71 6.63 -.77 -.48 -.07
-5.74 -2.43 6.55 -.77 -.48 -.07
-5.74 -2.43 6.55 -.54 -.34 .02
-6.17 -2.25 6.48 -.54 -.34 .02
-6.17 -2.25 6.48 -.44 -.26 .08
-6.26 -2.30 6.31 -.44 -.26 .08
-6.26 -2.30 6.31 -.40 -.27 .09
-2.07 3.85 -15.10 -.96 1.62 .71
-2.07 3.85 -15.10 -2.05 2.72 1.18
-8.77 1.73 -18.15 -3.14 4.63 1.96
-8.77 1.73 -18.15 -2.05 2.72 1.18
-10.76 -.74 -15.26 -5.68 7.59 2.32
-10.76 -.74 -15.26 -3.14 4.63 1.96
-8.60 4.35 -13.63 -7.28 10.52 3.27
-8.60 4.35 -13.63 -5.68 7.59 2.32
-9.71 5.61 -12.89 -5.64 12.87 6.30
-9.71 5.61 -12.89 -7.28 10.52 3.27
-15.55 -7.09 -6.35 -1.85 16.54 5.44
-15.55 -7.09 -6.35 -5.64 12.87 6.30
-38.35 -11.55 8.16 -2.63 15.55 5.26
-38.35 -11.55 8.16 -1.85 16.54 5.44
-39.82 -19.10 24.26 3.47 11.07 4.92
-39.82 -19.10 24.26 -2.63 15.55 5.26
-33.35 -7.80 29.57 4.07 7.21 3.27
-33.35 -7.80 29.57 3.47 11.07 4.92
-23.59 -3.25 26.78 1.58 4.28 2.40
-23.59 -3.25 26.78 4.07 7.21 3.27
-18.43 -2.94 25.59 -1.07 2.55 1.20
-18.43 -2.94 25.59 1.58 4.28 2.40
-13.57 -3.87 22.82 -3.45 1.63 -.10
-13.57 -3.87 22.82 -1.07 2.55 1.20
-12.21 -6.08 19.85 -3.45 1.63 -.10
-12.21 -6.08 19.85 -4.49 1.20 -.62
-10.05 -7.19 16.10 -4.49 1.20 -.62
-10.05 -7.19 16.10 -3.74 .65 -.78
-9.24 -6.39 13.10 -2.03 .13 -.61
-9.24 -6.39 13.10 -3.74 .65 -.78
-8.06 -5.09 11.10 -.90 -.47 -.58
-8.06 -5.09 11.10 -2.03 .13 -.61
-6.54 -3.82 10.32 -.15 -.86 -.50
-6.54 -3.82 10.32 -.90 -.47 -.58
-5.69 -2.43 9.52 .09 -1.04 -.34
-5.69 -2.43 9.52 -.15 -.86 -.50
-5.31 -1.82 8.69 .09 -1.04 -.34
-5.31 -1.82 8.69 -.11 -.96 -.33
-5.26 -1.78 7.86 -.11 -.96 -.33
-5.26 -1.78 7.86 -.36 -.77 -.33
-5.24 -2.31 7.50 -.36 -.77 -.33
-5.24 -2.31 7.50 -.51 -.58 -.28
-5.25 -2.77 6.95 -.47 -.39 -.15
-5.25 -2.77 6.95 -.51 -.58 -.28
-5.37 -2.72 6.46 -.30 -.28 .01
-5.37 -2.72 6.46 -.47 -.39 -.15
