-5.45 -2.77 5.81 -.22 -.22 .09
-5.45 -2.77 5.81 -.30 -.28 .01
-5.44 -2.96 5.41 -.15 -.14 .14
-5.44 -2.96 5.41 -.22 -.22 .09
1.07 5.05 -11.34 -.52 1.45 .99
1.07 5.05 -11.34 -1.05 2.21 1.41
-2.22 5.89 -17.40 -1.41 3.75 2.18
-2.22 5.89 -17.40 -1.05 2.21 1.41
-9.50 .71 -16.73 -2.45 6.08 3.38
-9.50 .71 -16.73 -1.41 3.75 2.18
-10.69 .39 -15.94 -2.45 6.08 3.38
-10.69 .39 -15.94 -6.02 8.98 4.03
-8.77 3.70 -15.34 -6.02 8.98 4.03
-12.84 -6.91 -15.33 -6.33 11.40 5.38
-8.77 3.70 -15.34 -6.33 11.40 5.38
-12.84 -6.91 -15.33 -1.47 15.06 6.96
-34.03 -13.35 3.40 -1.47 15.06 6.96
-34.03 -13.35 3.40 .85 18.41 4.08
-43.11 -9.48 11.91 .85 18.41 4.08
-43.11 -9.48 11.91 .86 14.13 2.88
-39.74 -4.62 28.24 .86 14.13 2.88
-39.74 -4.62 28.24 1.37 10.63 1.80
-32.31 -1.44 31.36 -.31 6.40 1.93
-22.11 -2.41 24.22 -.31 6.40 1.93
-32.31 -1.44 31.36 1.37 10.63 1.80
-22.11 -2.41 24.22 -2.07 3.44 2.20
-17.36 -4.06 19.28 -2.07 3.44 2.20
-14.22 -5.91 17.71 -2.86 1.82 2.23
-17.36 -4.06 19.28 -2.86 1.82 2.23
-14.22 -5.91 17.71 -3.39 1.00 1.40
-12.91 -6.54 15.89 -3.39 1.00 1.40
-12.91 -6.54 15.89 -3.64 .81 .78
-12.05 -6.82 13.33 -3.64 .81 .78
-12.05 -6.82 13.33 -3.32 .51 .29
-10.80 -6.16 10.85 -3.32 .51 .29
-10.80 -6.16 10.85 -2.86 .13 -.01
-9.17 -6.25 8.23 -2.86 .13 -.01
-9.17 -6.25 8.23 -2.27 -.26 -.18
-7.04 -5.96 6.48 -2.27 -.26 -.18
-7.04 -5.96 6.48 -1.40 -.53 -.28
-5.92 -5.59 5.61 -.59 -.47 -.28
-5.92 -5.59 5.61 -1.40 -.53 -.28
-6.77 -4.57 5.88 -.59 -.47 -.28
-6.77 -4.57 5.88 .03 -.32 -.22
-7.06 -3.54 6.14 .03 -.32 -.22
-7.06 -3.54 6.14 .28 -.34 -.17
-6.46 -3.12 6.23 .28 -.34 -.17
-6.46 -3.12 6.23 .18 -.31 -.12
-5.97 -3.09 5.97 .18 -.31 -.12
-5.97 -3.09 5.97 -.07 -.17 -.01
-6.05 -3.16 5.36 -.07 -.17 -.01
-6.05 -3.16 5.36 -.30 .00 .10
-6.50 -3.41 4.89 -.30 .00 .10
