-6.50 -3.41 4.89 -.44 .15 .22
-3.30 10.11 -13.23 -.56 1.36 1.29
-3.30 10.11 -13.23 -1.88 2.08 2.27
-8.13 10.48 -21.82 -1.88 2.08 2.27
-8.13 10.48 -21.82 -2.33 3.80 3.66
-13.61 1.67 -19.40 -2.33 3.80 3.66
-13.61 1.67 -19.40 -5.05 6.64 4.54
-9.95 11.12 -18.59 -5.05 6.64 4.54
-9.95 11.12 -18.59 -9.62 9.74 6.30
-13.17 15.20 -16.45 -9.62 9.74 6.30
-13.17 15.20 -16.45 -8.93 11.92 9.76
-24.05 -22.94 -11.40 -8.93 11.92 9.76
-24.05 -22.94 -11.40 -1.69 16.70 10.24
-50.81 -28.69 6.97 2.48 13.57 9.25
-50.81 -28.69 6.97 -1.69 16.70 10.24
-37.00 -19.85 20.68 2.48 13.57 9.25
-35.01 -1.81 33.64 7.66 9.93 5.35
-37.00 -19.85 20.68 7.66 9.93 5.35
-35.01 -1.81 33.64 5.10 6.73 4.37
-24.71 -2.73 32.17 5.10 6.73 4.37
-24.71 -2.73 32.17 -.48 3.05 2.38
-14.65 -6.03 24.47 -.48 3.05 2.38
-14.65 -6.03 24.47 -4.88 1.20 .59
-11.84 -10.29 19.56 -4.88 1.20 .59
-11.84 -10.29 19.56 -6.44 .71 .34
-9.21 -12.10 16.11 -6.44 .71 .34
-9.21 -12.10 16.11 -5.37 .35 .14
-8.28 -11.47 13.75 -5.37 .35 .14
-8.28 -11.47 13.75 -3.07 .26 .00
-7.88 -8.88 11.49 -3.07 .26 .00
-7.88 -8.88 11.49 -.79 -.04 -.21
-6.47 -6.18 9.92 -.79 -.04 -.21
-6.47 -6.18 9.92 .56 -.44 -.37
-4.72 -4.27 9.09 .56 -.44 -.37
-4.72 -4.27 9.09 1.03 -.62 -.45
-4.19 -3.47 8.41 1.03 -.62 -.45
-4.19 -3.47 8.41 .88 -.53 -.33
-5.00 -2.96 7.79 .88 -.53 -.33
-5.00 -2.96 7.79 .49 -.33 -.28
-5.36 -3.21 7.41 .49 -.33 -.28
-5.36 -3.21 7.41 .17 -.25 -.23
-5.25 -3.77 6.85 .17 -.25 -.23
-5.25 -3.77 6.85 .03 -.17 -.13
-5.34 -4.08 6.29 .03 -.17 -.13
-5.34 -4.08 6.29 .09 -.04 .02
-5.98 -4.24 5.76 .09 -.04 .02
-5.98 -4.24 5.76 .24 .06 .19
-6.44 -4.18 5.48 .39 .11 .28
-6.44 -4.18 5.48 .24 .06 .19
-6.59 -4.07 5.41 .39 .11 .28
