-4.54 -3.14 7.47 .18 -.84 -.09
-4.54 -3.14 7.47 .05 -.81 -.18
-4.63 -3.17 7.76 .05 -.81 -.18
-4.63 -3.17 7.76 -.02 -.71 -.24
-1.64 .38 -18.67 -2.30 2.83 1.42
-1.64 .38 -18.67 -3.26 5.17 1.89
-2.40 -1.31 -16.92 -3.26 5.17 1.89
-2.40 -1.31 -16.92 -3.37 8.15 2.49
-5.38 .82 -12.87 -3.37 8.15 2.49
-5.38 .82 -12.87 -1.45 10.95 3.31
-9.74 -1.99 -6.92 -1.45 10.95 3.31
-9.74 -1.99 -6.92 .63 13.86 3.08
-25.81 -4.75 9.93 .63 13.86 3.08
-25.81 -4.75 9.93 -.84 16.23 1.22
-48.91 -18.84 18.06 -.84 16.23 1.22
-48.91 -18.84 18.06 .03 13.94 1.67
-37.39 -7.05 30.59 .03 13.94 1.67
-37.39 -7.05 30.59 4.20 8.29 .60
-26.27 1.98 31.91 4.20 8.29 .60
-26.27 1.98 31.91 2.70 4.61 .55
-16.51 3.42 26.54 .22 1.75 .21
-16.51 3.42 26.54 2.70 4.61 .55
-8.74 .23 21.73 .22 1.75 .21
-8.74 .23 21.73 -1.66 .33 .06
-5.33 -1.57 19.30 -1.66 .33 .06
-5.33 -1.57 19.30 -2.45 -.02 -.05
-4.97 -3.21 16.95 -2.45 -.02 -.05
-4.97 -3.21 16.95 -2.25 .21 -.12
-6.22 -1.95 15.48 -1.36 .11 -.05
-6.22 -1.95 15.48 -2.25 .21 -.12
-6.34 -.39 14.03 -1.36 .11 -.05
-6.34 -.39 14.03 -.96 -.33 -.05
-5.28 -1.51 11.77 -.96 -.33 -.05
-5.28 -1.51 11.77 -.97 -.66 -.10
-3.77 -2.33 10.21 -.97 -.66 -.10
-3.77 -2.33 10.21 -.84 -.85 .02
-3.06 -2.56 9.75 -.84 -.85 .02
-3.06 -2.56 9.75 -.54 -.80 .22
-3.81 -2.64 9.89 -.54 -.80 .22
-3.81 -2.64 9.89 -.36 -.62 .33
-4.86 -3.12 9.48 -.36 -.62 .33
-4.86 -3.12 9.48 -.34 -.51 .32
-5.15 -3.73 9.28 -.34 -.51 .32
-5.15 -3.73 9.28 -.30 -.52 .29
-5.44 -4.36 8.94 -.30 -.52 .29
-5.44 -4.36 8.94 -.30 -.48 .25
-5.89 -4.57 8.46 -.30 -.48 .25
-5.89 -4.57 8.46 -.19 -.53 .24
-5.77 -4.32 8.20 -.19 -.53 .24
-5.77 -4.32 8.20 -.14 -.70 .14
-5.39 -4.27 8.11 -.14 -.70 .14
