-6.59 -4.07 5.41 .53 .11 .32
-7.37 5.48 -22.46 -2.59 3.74 1.68
-7.37 5.48 -22.46 -3.28 5.72 2.62
-10.98 2.52 -23.54 -3.28 5.72 2.62
-10.98 2.52 -23.54 -4.21 8.83 3.21
-13.67 4.11 -15.72 -4.21 8.83 3.21
-13.67 4.11 -15.72 -5.67 12.24 4.31
-13.67 3.15 -6.67 -5.67 12.24 4.31
-13.67 3.15 -6.67 -4.51 15.82 6.51
-26.77 -14.14 2.43 -4.51 15.82 6.51
-26.77 -14.14 2.43 -.66 18.89 6.06
-39.20 -16.72 .50 -.66 18.89 6.06
-39.20 -16.72 .50 -1.62 15.70 2.70
-38.88 -15.20 8.67 -1.62 15.70 2.70
-38.88 -15.20 8.67 3.12 11.76 3.57
-37.21 5.45 29.15 3.12 11.76 3.57
-37.21 5.45 29.15 3.43 8.93 2.78
-34.14 7.60 33.98 3.43 8.93 2.78
-34.14 7.60 33.98 -.57 5.40 2.55
-23.38 .78 25.47 -.57 5.40 2.55
-23.38 .78 25.47 -4.30 2.48 1.66
-16.69 -4.63 17.36 -4.30 2.48 1.66
-16.69 -4.63 17.36 -5.81 1.32 1.32
-14.28 -6.81 14.77 -5.81 1.32 1.32
-14.28 -6.81 14.77 -5.59 .83 .92
-13.75 -8.09 14.43 -5.59 .83 .92
-13.75 -8.09 14.43 -4.61 .50 .45
-13.08 -7.98 12.44 -4.61 .50 .45
-13.08 -7.98 12.44 -3.21 -.12 -.03
-11.08 -7.01 9.75 -3.21 -.12 -.03
-11.08 -7.01 9.75 -1.77 -.77 -.41
-8.44 -5.32 8.29 -1.77 -.77 -.41
-8.44 -5.32 8.29 -.69 -1.18 -.58
-6.73 -3.95 7.42 -.69 -1.18 -.58
-6.73 -3.95 7.42 -.29 -1.18 -.62
-6.65 -3.11 7.07 -.29 -1.18 -.62
-6.65 -3.11 7.07 -.37 -.97 -.65
-7.13 -2.92 6.65 -.37 -.97 -.65
-7.13 -2.92 6.65 -.65 -.81 -.70
-6.84 -3.14 6.06 -.65 -.81 -.70
-6.15 -3.56 5.32 -.86 -.74 -.71
-6.84 -3.14 6.06 -.86 -.74 -.71
-6.15 -3.56 5.32 -.86 -.60 -.60
