-5.82 -3.90 4.79 -.86 -.60 -.60
-5.82 -3.90 4.79 -.68 -.41 -.38
-5.88 -3.88 4.45 -.68 -.41 -.38
-5.88 -3.88 4.45 -.35 -.24 -.15
-6.09 -3.76 4.40 -.35 -.24 -.15
-6.09 -3.76 4.40 -.08 -.07 -.01
-6.37 -3.67 4.48 -.08 -.07 -.01
-6.37 -3.67 4.48 .09 .10 .09
-4.65 3.48 -16.34 -1.30 3.52 2.25
-4.65 3.48 -16.34 -2.53 4.59 2.84
-9.19 4.06 -17.44 -2.53 4.59 2.84
-9.19 4.06 -17.44 -3.60 6.21 3.69
-10.32 2.90 -11.25 -3.60 6.21 3.69
-10.32 2.90 -11.25 -5.89 9.07 4.62
-10.52 2.82 -9.66 -5.89 9.07 4.62
-10.52 2.82 -9.66 -7.24 11.13 6.68
-11.87 -15.21 -6.43 -7.24 11.13 6.68
-11.87 -15.21 -6.43 .21 14.49 8.50
-28.81 -13.58 4.69 .21 14.49 8.50
-28.81 -13.58 4.69 .92 15.38 6.18
-42.34 -18.93 16.48 .92 15.38 6.18
-42.34 -18.93 16.48 4.44 13.05 4.50
-37.92 -5.88 25.50 4.44 13.05 4.50
-37.92 -5.88 25.50 5.96 8.52 2.72
-25.25 3.58 29.41 5.96 8.52 2.72
-21.51 4.44 26.84 2.85 5.35 1.66
-25.25 3.58 29.41 2.85 5.35 1.66
-16.00 -1.31 21.07 -1.49 3.30 1.08
-21.51 4.44 26.84 -1.49 3.30 1.08
-16.00 -1.31 21.07 -4.77 1.63 .00
-12.50 -6.06 17.15 -4.77 1.63 .00
-12.50 -6.06 17.15 -5.66 .82 -.59
-11.11 -9.16 14.99 -5.66 .82 -.59
-11.11 -9.16 14.99 -4.53 .44 -.64
-10.14 -8.46 12.71 -4.53 .44 -.64
-10.14 -8.46 12.71 -2.38 -.03 -.63
-8.17 -6.04 10.53 -2.38 -.03 -.63
-8.17 -6.04 10.53 -.65 -.55 -.63
-7.05 -3.48 9.46 -.65 -.55 -.63
-7.05 -3.48 9.46 .59 -.85 -.43
-6.33 -2.73 9.17 .59 -.85 -.43
-6.33 -2.73 9.17 .77 -.89 -.37
-6.30 -2.02 8.35 .77 -.89 -.37
-6.30 -2.02 8.35 .55 -.84 -.19
-5.99 -1.43 7.13 .55 -.84 -.19
-5.99 -1.43 7.13 -.14 -.81 -.24
-5.50 -2.54 6.70 -.14 -.81 -.24
-5.50 -2.54 6.70 -.77 -.61 -.27
-5.74 -3.75 6.33 -.77 -.61 -.27
-6.06 -4.30 6.05 -.83 -.43 -.16
-5.74 -3.75 6.33 -.83 -.43 -.16
-6.06 -4.30 6.05 -.49 -.32 -.08
-6.22 -4.46 5.65 -.49 -.32 -.08
-6.22 -4.46 5.65 -.05 -.27 .08
-6.35 -3.89 5.20 -.05 -.27 .08
