-6.35 -3.89 5.20 .24 -.25 .17
-6.30 -3.64 5.13 .24 -.25 .17
-6.30 -3.64 5.13 .32 -.18 .12
-11.08 2.16 -13.47 -2.51 5.04 3.14
-11.08 2.16 -13.47 -2.36 7.09 4.18
-10.93 1.82 -8.27 -2.36 7.09 4.18
-10.93 1.82 -8.27 -3.75 9.54 5.29
-9.66 6.08 -3.76 -3.75 9.54 5.29
-9.66 6.08 -3.76 -7.73 11.62 6.25
-13.23 -2.61 1.26 -7.73 11.62 6.25
-13.23 -2.61 1.26 -6.94 13.52 7.40
-19.48 -25.70 5.79 -6.94 13.52 7.40
-19.48 -25.70 5.79 -4.68 13.59 7.21
-30.13 -22.71 .48 -4.68 13.59 7.21
-30.13 -22.71 .48 .54 12.67 6.51
-43.93 -23.64 19.09 .54 12.67 6.51
-43.93 -23.64 19.09 4.65 10.32 4.06
-27.37 -3.52 27.74 4.65 10.32 4.06
-27.37 -3.52 27.74 4.98 4.50 2.13
-15.55 -1.70 26.10 4.98 4.50 2.13
-15.55 -1.70 26.10 -.78 2.20 1.55
-13.50 -7.06 20.68 -.78 2.20 1.55
-13.50 -7.06 20.68 -4.03 1.11 1.44
-10.89 -9.31 17.98 -4.03 1.11 1.44
-10.89 -9.31 17.98 -5.34 .08 .80
-7.09 -11.36 14.42 -5.34 .08 .80
-7.09 -11.36 14.42 -4.91 -.27 .18
-5.83 -12.41 10.83 -4.91 -.27 .18
-5.83 -12.41 10.83 -3.07 .06 -.14
-6.62 -10.09 9.07 -3.07 .06 -.14
-6.62 -10.09 9.07 -.84 .19 -.20
-6.66 -7.08 8.78 -.84 .19 -.20
-6.66 -7.08 8.78 .66 -.01 -.16
-6.16 -5.06 8.75 .66 -.01 -.16
-6.16 -5.06 8.75 1.22 -.19 -.21
-6.08 -4.10 8.09 1.22 -.19 -.21
-6.08 -4.10 8.09 1.10 -.33 -.23
-5.80 -3.73 7.49 1.10 -.33 -.23
-5.80 -3.73 7.49 .81 -.43 -.19
-5.44 -3.70 7.18 .81 -.43 -.19
-5.44 -3.70 7.18 .44 -.37 -.13
-5.79 -4.15 6.70 .44 -.37 -.13
-5.79 -4.15 6.70 .10 -.18 -.11
-6.13 -4.69 6.06 .00 -.10 -.05
-6.13 -4.69 6.06 .10 -.18 -.11
-6.66 -4.87 5.60 .00 -.10 -.05
-6.66 -4.87 5.60 .08 -.07 -.01
-6.64 -4.86 5.42 .08 -.07 -.01
-6.64 -4.86 5.42 .22 -.09 .00
-6.82 -4.99 5.58 .22 -.09 .00
-6.82 -4.99 5.58 .33 -.05 -.01
-7.19 -4.90 5.60 .33 -.05 -.01
