-7.19 -4.90 5.60 .39 -.05 -.04
-11.01 1.62 -5.20 -8.59 10.10 5.66
-11.01 1.62 -5.20 -7.50 12.52 7.77
-18.62 -12.40 4.61 -7.50 12.52 7.77
-18.62 -12.40 4.61 -2.03 13.78 8.53
-28.22 -2.43 11.23 -2.03 13.78 8.53
-28.22 -2.43 11.23 -4.75 13.29 6.86
-51.10 -24.48 17.36 -4.75 13.29 6.86
-51.10 -24.48 17.36 -3.65 10.62 6.75
-37.52 -23.47 20.86 -3.65 10.62 6.75
-37.52 -23.47 20.86 .91 3.22 5.43
-20.83 -15.66 19.68 .52 -.07 4.74
-20.83 -15.66 19.68 .91 3.22 5.43
-12.78 -17.61 19.74 .52 -.07 4.74
-12.78 -17.61 19.74 -.40 -.60 3.45
-10.19 -10.38 19.32 -.40 -.60 3.45
-10.19 -10.38 19.32 -.95 .64 1.35
-11.89 -11.66 14.84 -.95 .64 1.35
-11.89 -11.66 14.84 -2.23 1.22 .36
-9.95 -9.02 11.91 -2.23 1.22 .36
-9.95 -9.02 11.91 -2.00 .61 -.36
-8.64 -7.37 9.72 -2.00 .61 -.36
-8.64 -7.37 9.72 -1.62 .06 -.94
-6.87 -6.92 7.85 -1.62 .06 -.94
-6.87 -6.92 7.85 -1.50 -.63 -1.31
-4.71 -7.16 6.43 -1.50 -.63 -1.31
-4.71 -7.16 6.43 -1.18 -.94 -1.42
-4.11 -6.72 5.54 -1.18 -.94 -1.42
-4.11 -6.72 5.54 -.71 -.89 -1.14
-4.36 -5.90 5.20 -.71 -.89 -1.14
-4.36 -5.90 5.20 -.23 -.68 -.84
-5.07 -5.10 5.20 -.23 -.68 -.84
-5.28 -4.71 4.87 .08 -.45 -.53
-5.07 -5.10 5.20 .08 -.45 -.53
-5.28 -4.71 4.87 .17 -.37 -.42
-5.23 -4.80 4.33 .17 -.37 -.42
-5.23 -4.80 4.33 .16 -.30 -.29
-5.42 -5.00 4.07 .16 -.15 -.19
-5.42 -5.00 4.07 .16 -.30 -.29
-5.89 -5.10 4.33 .16 -.15 -.19
-5.89 -5.10 4.33 .21 -.05 -.09
-6.22 -5.01 5.01 .21 -.05 -.09
-6.67 -5.03 4.95 .30 .02 -.07
-6.22 -5.01 5.01 .30 .02 -.07
-6.67 -5.03 4.95 .22 .03 -.08
-6.52 -5.01 4.80 .18 .00 -.11
-6.52 -5.01 4.80 .22 .03 -.08
-6.25 -4.94 5.01 .15 .01 -.10
-6.25 -4.94 5.01 .18 .00 -.11
-6.47 -4.81 5.28 .15 .01 -.10
