-6.47 -4.81 5.28 .07 .08 -.08
-11.77 -7.79 -7.22 -2.02 14.49 5.30
-11.77 -7.79 -7.22 -5.00 11.67 4.39
-26.04 -6.49 8.75 -2.02 14.49 5.30
-26.04 -6.49 8.75 -3.21 14.41 4.32
-26.13 -15.19 12.15 -3.21 14.41 4.32
-26.13 -15.19 12.15 -1.99 11.07 3.50
-24.72 -13.16 17.12 -1.99 11.07 3.50
-24.72 -13.16 17.12 1.06 8.88 4.20
-27.26 -9.59 23.69 1.06 8.88 4.20
-27.26 -9.59 23.69 2.64 6.61 4.12
-21.95 -3.84 25.77 2.64 6.61 4.12
-21.95 -3.84 25.77 2.93 4.22 3.30
-18.40 -.23 23.78 2.93 4.22 3.30
-18.40 -.23 23.78 1.26 2.91 2.21
-15.32 -1.13 19.33 1.26 2.91 2.21
-15.32 -1.13 19.33 -1.19 2.13 1.35
-15.35 -2.60 17.60 -1.19 2.13 1.35
-15.35 -2.60 17.60 -2.81 1.67 .71
-14.97 -3.91 16.24 -2.81 1.67 .71
-14.97 -3.91 16.24 -3.39 .72 .20
-12.27 -4.97 12.89 -3.39 .72 .20
-12.27 -4.97 12.89 -3.23 -.32 -.18
-9.32 -5.50 10.24 -3.23 -.32 -.18
-9.32 -5.50 10.24 -2.48 -.90 -.42
-7.84 -5.32 9.35 -2.48 -.90 -.42
-7.84 -5.32 9.35 -1.59 -1.10 -.52
-7.01 -4.42 9.36 -1.59 -1.10 -.52
-7.01 -4.42 9.36 -.80 -1.16 -.55
-6.57 -3.15 8.95 -.80 -1.16 -.55
-6.57 -3.15 8.95 -.41 -1.06 -.51
-6.78 -2.71 8.35 -.41 -1.06 -.51
-6.84 -2.81 7.30 -.43 -.91 -.45
-6.78 -2.71 8.35 -.43 -.91 -.45
-6.84 -2.81 7.30 -.57 -.88 -.37
-6.17 -3.20 6.24 -.57 -.88 -.37
-6.17 -3.20 6.24 -.54 -.91 -.27
-5.81 -3.52 5.71 -.54 -.91 -.27
-5.81 -3.52 5.71 -.34 -.83 -.15
-5.92 -3.26 6.07 -.34 -.83 -.15
-5.92 -3.26 6.07 -.19 -.75 -.07
-6.03 -3.02 6.29 -.19 -.75 -.07
-6.03 -3.02 6.29 -.21 -.70 -.06
-6.02 -3.24 5.74 -.21 -.70 -.06
-6.02 -3.24 5.74 -.36 -.65 -.07
-5.79 -3.74 5.41 -.36 -.65 -.07
-5.79 -3.74 5.41 -.39 -.55 -.07
-5.80 -3.85 5.94 -.39 -.55 -.07
-5.80 -3.85 5.94 -.16 -.43 -.05
-6.11 -3.50 6.59 -.16 -.43 -.05
