-6.11 -3.50 6.59 -.01 -.36 -.02
-2.95 5.54 -15.63 -2.22 3.93 2.09
-2.95 5.54 -15.63 -3.47 5.45 3.04
-8.83 3.63 -15.55 -3.47 5.45 3.04
-8.83 3.63 -15.55 -4.23 7.46 4.26
-13.42 .06 -12.83 -4.23 7.46 4.26
-11.12 4.28 -11.33 -5.99 9.36 5.45
-13.42 .06 -12.83 -5.99 9.36 5.45
-11.12 4.28 -11.33 -7.61 11.16 6.52
-10.36 -5.70 -11.33 -3.08 14.12 7.45
-10.36 -5.70 -11.33 -7.61 11.16 6.52
-26.20 -16.99 -.55 -3.08 14.12 7.45
-26.20 -16.99 -.55 -.57 15.88 5.46
-46.16 -22.04 19.48 -.57 15.88 5.46
-46.16 -22.04 19.48 3.59 14.15 4.18
-42.31 -4.89 34.90 3.59 14.15 4.18
-42.31 -4.89 34.90 4.87 8.64 3.08
-25.97 -.29 34.05 4.87 8.64 3.08
-25.97 -.29 34.05 .55 4.82 2.17
-18.86 -3.12 27.09 .55 4.82 2.17
-18.86 -3.12 27.09 -3.81 2.16 1.36
-11.44 -10.28 20.92 -3.81 2.16 1.36
-11.44 -10.28 20.92 -5.90 .68 .27
-9.04 -13.54 18.17 -5.90 .68 .27
-9.04 -13.54 18.17 -4.78 .67 -.20
-8.42 -13.07 16.45 -4.78 .67 -.20
-8.42 -13.07 16.45 -2.21 .61 -.30
-7.92 -8.01 14.22 -2.21 .61 -.30
-7.92 -8.01 14.22 .30 .20 -.33
-7.11 -4.28 12.09 .30 .20 -.33
-7.11 -4.28 12.09 1.10 -.25 -.44
-5.66 -2.80 10.51 1.10 -.25 -.44
-5.66 -2.80 10.51 .86 -.66 -.53
-4.67 -2.88 9.50 .86 -.66 -.53
-4.67 -2.88 9.50 .27 -.84 -.53
-4.26 -3.21 8.30 .27 -.84 -.53
-4.26 -3.21 8.30 -.17 -.78 -.50
-4.77 -3.61 7.37 -.17 -.78 -.50
-4.77 -3.61 7.37 -.22 -.58 -.42
-5.07 -3.98 6.47 -.22 -.58 -.42
-5.07 -3.98 6.47 -.01 -.47 -.30
-5.18 -4.27 5.92 -.01 -.47 -.30
-5.18 -4.27 5.92 .30 -.36 -.17
-5.60 -3.88 5.99 .30 -.36 -.17
-5.60 -3.88 5.99 .56 -.24 .03
-6.20 -3.67 5.91 .56 -.24 .03
-6.20 -3.67 5.91 .49 -.23 .08
-6.30 -3.30 5.65 .49 -.23 .08
-6.30 -3.30 5.65 .24 -.28 .09
-6.08 -3.57 5.52 .24 -.28 .09
