-6.08 -3.57 5.52 -.04 -.25 .03
-.64 3.45 -13.99 -1.45 3.28 2.03
-.64 3.45 -13.99 -2.74 4.68 2.60
-3.51 2.99 -17.24 -2.74 4.68 2.60
-3.51 2.99 -17.24 -4.18 6.73 3.36
-8.50 1.55 -16.17 -4.18 6.73 3.36
-8.50 1.55 -16.17 -6.13 9.19 4.46
-10.84 4.79 -12.50 -6.13 9.19 4.46
-10.84 4.79 -12.50 -6.75 11.07 5.81
-11.13 .03 -5.59 -6.75 11.07 5.81
-11.13 .03 -5.59 -4.94 13.44 6.02
-16.72 -10.31 -3.11 -4.94 13.44 6.02
-16.72 -10.31 -3.11 -5.93 14.04 4.80
-34.54 -23.67 5.67 -5.93 14.04 4.80
-34.54 -23.67 5.67 -.42 14.68 5.34
-44.45 -17.43 22.62 -.42 14.68 5.34
-44.45 -17.43 22.62 4.80 11.22 4.87
-29.53 -5.16 27.89 4.80 11.22 4.87
-29.53 -5.16 27.89 5.07 6.53 3.20
-23.76 -.89 24.64 5.07 6.53 3.20
-23.76 -.89 24.64 1.81 4.21 2.23
-18.64 -.50 20.31 1.81 4.21 2.23
-18.64 -.50 20.31 -.71 1.89 1.71
-14.53 -1.25 18.46 -.71 1.89 1.71
-14.53 -1.25 18.46 -2.89 .69 .81
-12.29 -2.91 17.52 -2.89 .69 .81
-12.29 -2.91 17.52 -4.41 .02 .05
-10.65 -6.92 14.31 -4.41 .02 .05
-10.65 -6.92 14.31 -4.73 -.29 -.41
-9.76 -8.06 11.07 -4.73 -.29 -.41
-9.76 -8.06 11.07 -3.42 -.67 -.38
-8.18 -6.44 8.85 -3.42 -.67 -.38
-8.18 -6.44 8.85 -1.66 -1.09 -.14
-6.67 -3.97 8.32 -1.66 -1.09 -.14
-6.67 -3.97 8.32 -.49 -1.35 .06
-5.74 -3.07 7.80 -.49 -1.35 .06
-5.74 -3.07 7.80 -.20 -1.32 .03
-5.27 -2.86 7.40 -.20 -1.32 .03
-5.27 -2.86 7.40 -.28 -1.22 -.03
-5.49 -2.72 7.20 -.28 -1.22 -.03
-5.49 -2.72 7.20 -.50 -.99 -.02
-5.74 -2.93 7.32 -.50 -.99 -.02
-5.74 -2.93 7.32 -.75 -.80 -.05
-5.75 -3.50 7.15 -.75 -.80 -.05
-5.75 -3.50 7.15 -.80 -.64 -.06
-5.41 -4.05 6.55 -.80 -.64 -.06
-5.41 -4.05 6.55 -.70 -.54 -.01
-5.54 -4.26 6.24 -.70 -.54 -.01
-5.54 -4.26 6.24 -.45 -.37 .07
-6.06 -4.08 6.09 -.45 -.37 .07
