-6.06 -4.08 6.09 -.26 -.29 .14
-7.44 5.77 -5.51 -4.30 8.25 3.64
-7.44 5.77 -5.51 -5.58 10.61 4.99
-6.69 4.64 .89 -5.58 10.61 4.99
-6.69 4.64 .89 -5.56 13.00 6.15
-17.05 -11.30 3.74 -5.56 13.00 6.15
-17.05 -11.30 3.74 -1.33 14.20 6.90
-29.37 -17.81 .91 -1.33 14.20 6.90
-29.37 -17.81 .91 1.32 14.64 5.18
-48.90 -17.34 9.30 1.32 14.64 5.18
-48.90 -17.34 9.30 5.88 11.29 4.38
-30.03 6.62 24.62 5.88 11.29 4.38
-30.03 6.62 24.62 6.83 5.54 2.60
-24.96 10.56 27.99 6.83 5.54 2.60
-24.96 10.56 27.99 1.36 3.66 2.34
-20.03 2.54 23.24 1.36 3.66 2.34
-20.03 2.54 23.24 -5.32 1.13 .77
-14.85 -4.64 18.66 -5.32 1.13 .77
-14.85 -4.64 18.66 -5.89 .29 .04
-10.51 -7.07 14.32 -5.89 .29 .04
-10.51 -7.07 14.32 -4.61 .05 -.02
-9.49 -7.01 11.84 -4.61 .05 -.02
-9.49 -7.01 11.84 -3.21 -.37 -.21
-7.90 -6.19 9.07 -3.21 -.37 -.21
-7.90 -6.19 9.07 -1.52 -.86 -.22
-6.05 -4.92 7.74 -1.52 -.86 -.22
-6.05 -4.92 7.74 -.29 -1.09 -.14
-5.50 -3.47 7.14 -.29 -1.09 -.14
-5.50 -3.47 7.14 .33 -.92 .02
-5.47 -2.23 7.41 .33 -.92 .02
-5.47 -2.23 7.41 .05 -.82 .16
-5.66 -2.68 6.91 -.64 -.57 .05
-5.66 -2.68 6.91 .05 -.82 .16
-5.68 -3.65 6.05 -.95 -.41 .00
-5.68 -3.65 6.05 -.64 -.57 .05
-5.82 -4.39 5.59 -.78 -.23 .05
-5.82 -4.39 5.59 -.95 -.41 .00
-6.30 -4.70 5.20 -.43 -.10 .20
-6.30 -4.70 5.20 -.78 -.23 .05
-6.75 -4.62 4.94 -.04 -.03 .32
-6.75 -4.62 4.94 -.43 -.10 .20
-7.01 -4.22 5.12 .19 -.03 .34
-7.01 -4.22 5.12 -.04 -.03 .32
-7.33 -3.86 5.06 .14 -.01 .26
-7.33 -3.86 5.06 .19 -.03 .34
-7.47 -3.74 5.12 -.02 -.03 .14
-7.47 -3.74 5.12 .14 -.01 .26
-7.50 -3.63 5.20 -.02 -.03 .14
-7.50 -3.63 5.20 -.28 -.06 .00
-7.49 -3.83 5.28 -.45 -.07 -.11
