-7.49 -3.83 5.28 -.28 -.06 .00
1.89 6.22 -13.69 -1.22 1.81 1.56
1.89 6.22 -13.69 -2.04 2.60 2.06
-5.57 5.05 -15.07 -2.04 2.60 2.06
-5.57 5.05 -15.07 -2.07 4.38 3.22
-11.39 .89 -8.25 -2.07 4.38 3.22
-11.39 .89 -8.25 -2.74 6.42 4.56
-8.93 3.10 -5.57 -4.86 9.65 5.24
-8.93 3.10 -5.57 -2.74 6.42 4.56
-4.81 8.18 -4.76 -5.50 11.27 6.93
-4.81 8.18 -4.76 -4.86 9.65 5.24
-8.38 .12 -3.18 -5.50 11.27 6.93
-8.38 .12 -3.18 -3.72 12.79 7.51
-21.53 -28.90 .13 -3.72 12.79 7.51
-21.53 -28.90 .13 -2.35 14.99 5.29
-38.97 -24.25 11.21 -2.35 14.99 5.29
-38.97 -24.25 11.21 5.40 11.49 6.45
-20.76 2.95 26.04 7.16 6.95 3.61
-33.52 -4.08 24.66 5.40 11.49 6.45
-33.52 -4.08 24.66 7.16 6.95 3.61
-20.76 2.95 26.04 2.23 3.59 2.44
-15.67 -.30 22.75 2.23 3.59 2.44
-15.67 -.30 22.75 -1.99 1.97 1.50
-12.30 -3.44 19.65 -5.13 .94 .41
-12.30 -3.44 19.65 -1.99 1.97 1.50
-9.59 -8.20 15.78 -5.13 .94 .41
-9.59 -8.20 15.78 -6.69 .72 -.40
-8.54 -13.32 12.54 -6.69 .72 -.40
-8.54 -13.32 12.54 -4.93 1.00 -.45
-9.19 -11.66 11.01 -4.93 1.00 -.45
-9.19 -11.66 11.01 -1.36 .82 -.11
-8.08 -7.08 10.18 -1.36 .82 -.11
-8.08 -7.08 10.18 1.13 .25 .00
-6.61 -3.37 10.07 1.13 .25 .00
-6.61 -3.37 10.07 1.91 -.03 -.07
-5.69 -.25 10.44 1.91 -.03 -.07
-5.69 -.25 10.44 1.15 -.38 -.07
-5.00 -1.84 8.94 1.15 -.38 -.07
-5.00 -1.84 8.94 -.06 -.36 -.13
-5.31 -2.36 7.98 -.06 -.36 -.13
-5.31 -2.36 7.98 -.35 -.30 -.08
-5.28 -3.02 7.58 -.35 -.30 -.08
-5.28 -3.02 7.58 -.48 -.33 .03
-5.22 -3.85 7.19 -.48 -.33 .03
-5.22 -3.85 7.19 -.53 -.22 .07
-5.90 -4.17 6.54 -.53 -.22 .07
-5.90 -4.17 6.54 -.39 -.11 .25
-6.54 -4.28 6.02 -.39 -.11 .25
-6.54 -4.28 6.02 -.12 -.10 .37
-6.74 -4.12 5.81 -.12 -.10 .37
