-6.74 -4.12 5.81 .07 -.13 .39
-5.31 4.99 -19.63 -2.85 3.76 2.91
-5.31 4.99 -19.63 -4.47 5.74 3.82
-10.62 3.98 -20.26 -4.47 5.74 3.82
-10.62 3.98 -20.26 -6.99 8.41 4.82
-11.76 7.16 -16.09 -6.99 8.41 4.82
-11.76 7.16 -16.09 -9.64 10.75 6.34
-15.72 3.24 -13.46 -9.64 10.75 6.34
-15.72 3.24 -13.46 -8.31 12.61 9.44
-22.50 -13.12 -8.13 -8.31 12.61 9.44
-22.50 -13.12 -8.13 -3.26 15.64 9.82
-37.25 -26.69 1.67 -3.26 15.64 9.82
-37.25 -26.69 1.67 2.05 13.56 7.71
-39.34 -19.50 20.75 2.05 13.56 7.71
-39.34 -19.50 20.75 7.28 11.70 5.62
-41.89 -2.72 34.47 7.28 11.70 5.62
-41.89 -2.72 34.47 4.99 8.59 3.88
-29.44 -.51 32.56 4.99 8.59 3.88
-29.44 -.51 32.56 -.69 4.28 2.04
-17.70 -5.15 22.12 -.69 4.28 2.04
-17.70 -5.15 22.12 -4.70 1.58 1.20
-12.63 -9.20 17.48 -4.70 1.58 1.20
-12.63 -9.20 17.48 -6.22 .54 .48
-11.14 -12.37 16.52 -6.22 .54 .48
-11.14 -12.37 16.52 -5.73 .40 -.04
-9.80 -13.08 14.18 -5.73 .40 -.04
-9.80 -13.08 14.18 -3.72 .14 -.34
-8.11 -10.58 11.83 -3.72 .14 -.34
-8.11 -10.58 11.83 -1.00 -.01 -.44
-7.64 -6.71 10.16 -1.00 -.01 -.44
-7.64 -6.71 10.16 .77 -.23 -.39
-6.28 -4.15 8.78 .77 -.23 -.39
-6.28 -4.15 8.78 1.29 -.58 -.40
-5.23 -2.95 7.88 1.29 -.58 -.40
-5.23 -2.95 7.88 1.24 -.69 -.43
-5.14 -2.24 7.62 1.24 -.69 -.43
-5.14 -2.24 7.62 .72 -.66 -.39
-5.37 -2.74 7.17 .72 -.66 -.39
-5.37 -2.74 7.17 -.01 -.47 -.35
-5.71 -3.49 6.37 -.01 -.47 -.35
-5.71 -3.49 6.37 -.34 -.32 -.21
-5.71 -4.16 5.99 -.34 -.32 -.21
-5.71 -4.16 5.99 -.24 -.25 -.02
-6.09 -4.30 5.76 -.24 -.25 -.02
-6.09 -4.30 5.76 .12 -.18 .26
-6.34 -4.39 5.32 .12 -.18 .26
