-5.39 -4.27 8.11 -.23 -.76 -.01
-5.33 -4.17 8.15 -.23 -.76 -.01
-5.33 -4.17 8.15 -.36 -.75 -.14
-3.02 1.62 -19.83 -1.63 2.23 1.37
-3.02 1.62 -19.83 -2.35 4.54 1.68
-4.89 -1.18 -20.22 -2.35 4.54 1.68
-4.89 -1.18 -20.22 -2.79 7.47 2.21
-7.79 -1.06 -16.78 -2.79 7.47 2.21
-7.79 -1.06 -16.78 -1.94 10.32 2.97
-9.11 .56 -14.49 -1.94 10.32 2.97
-9.11 .56 -14.49 -.65 13.42 3.29
-22.42 -2.53 .76 -.98 16.77 1.94
-22.42 -2.53 .76 -.65 13.42 3.29
-39.90 -16.40 12.82 -.98 16.77 1.94
-39.90 -16.40 12.82 -1.83 14.46 .95
-35.37 -10.19 30.68 -1.83 14.46 .95
-35.37 -10.19 30.68 3.28 9.76 1.31
-28.17 1.38 37.56 3.28 9.76 1.31
-28.17 1.38 37.56 2.72 6.11 .92
-18.01 1.97 31.80 2.72 6.11 .92
-18.01 1.97 31.80 .30 3.16 .54
-11.71 .38 25.80 .30 3.16 .54
-11.71 .38 25.80 -2.16 1.41 .13
-7.86 -1.49 22.86 -2.16 1.41 .13
-7.86 -1.49 22.86 -3.67 .53 -.13
-6.29 -4.54 19.58 -3.67 .53 -.13
-6.29 -4.54 19.58 -3.57 .15 -.22
-5.93 -5.57 16.71 -3.57 .15 -.22
-5.93 -5.57 16.71 -2.08 -.19 .01
-5.64 -2.78 14.90 -2.08 -.19 .01
-5.64 -2.78 14.90 -.85 -.74 .22
-4.53 -1.67 13.97 -.85 -.74 .22
-4.53 -1.67 13.97 -.61 -1.15 .20
-3.84 -1.65 12.60 -.61 -1.15 .20
-3.84 -1.65 12.60 -.62 -1.34 .19
-3.34 -2.20 11.11 -.62 -1.34 .19
-3.34 -2.20 11.11 -.68 -1.45 .12
-2.65 -3.12 9.95 -.68 -1.45 .12
-2.65 -3.12 9.95 -.53 -1.38 .00
-2.66 -3.63 9.71 -.53 -1.38 .00
-2.66 -3.63 9.71 -.26 -1.22 .00
-3.17 -3.19 9.66 -.26 -1.22 .00
-3.17 -3.19 9.66 -.17 -1.15 .00
-2.69 -3.50 9.27 -.17 -1.15 .00
-2.69 -3.50 9.27 -.20 -1.08 -.04
-2.47 -3.84 8.73 -.20 -1.08 -.04
-2.47 -3.84 8.73 -.19 -.95 -.06
-2.68 -4.13 8.32 -.19 -.95 -.06
-2.68 -4.13 8.32 -.18 -.87 -.10
-2.55 -4.07 7.78 -.18 -.87 -.10
-2.55 -4.07 7.78 -.19 -.90 -.17
