-6.34 -4.39 5.32 .23 -.18 .35
-6.76 -4.27 5.12 .23 -.18 .35
-6.76 -4.27 5.12 .32 -.12 .35
-6.86 -4.08 5.18 .32 -.12 .35
-6.86 -4.08 5.18 .24 -.15 .28
-9.29 -.58 2.30 -4.34 10.20 3.29
-9.29 -.58 2.30 -4.82 11.60 3.55
-10.12 -4.43 8.62 -4.82 11.60 3.55
-10.12 -4.43 8.62 -5.98 12.36 3.30
-14.54 -18.90 8.27 -5.98 12.36 3.30
-14.54 -18.90 8.27 -2.00 13.38 3.36
-26.63 -15.86 6.80 -2.00 13.38 3.36
-26.63 -15.86 6.80 3.03 12.46 2.89
-36.73 -8.96 14.14 3.03 12.46 2.89
-36.73 -8.96 14.14 4.09 9.47 1.26
-19.80 3.76 21.04 4.09 9.47 1.26
-19.80 3.76 21.04 1.42 4.22 .91
-17.33 3.12 21.89 1.42 4.22 .91
-17.33 3.12 21.89 -1.56 2.84 1.44
-15.42 -1.82 23.42 -1.56 2.84 1.44
-15.42 -1.82 23.42 -4.01 1.57 .65
-14.60 -3.82 17.23 -4.01 1.57 .65
-14.60 -3.82 17.23 -4.85 .89 .01
-10.29 -3.90 14.86 -4.85 .89 .01
-10.29 -3.90 14.86 -4.68 -.11 -.17
-9.82 -5.65 13.37 -4.68 -.11 -.17
-9.82 -5.65 13.37 -4.40 -.25 -.57
-8.95 -6.50 11.23 -4.40 -.25 -.57
-8.95 -6.50 11.23 -3.04 -.89 -.68
-6.54 -6.89 9.15 -3.04 -.89 -.68
-6.54 -6.89 9.15 -1.63 -1.23 -.72
-5.20 -5.86 7.03 -1.63 -1.23 -.72
-5.20 -5.86 7.03 .13 -1.00 -.27
-5.15 -3.39 7.04 .13 -1.00 -.27
-5.15 -3.39 7.04 1.19 -1.05 .19
-4.82 -2.03 7.49 1.19 -1.05 .19
-4.82 -2.03 7.49 .80 -.86 .15
-5.00 -2.35 7.34 .80 -.86 .15
-5.00 -2.35 7.34 .13 -.67 .18
-5.50 -3.50 6.61 .13 -.67 .18
-5.50 -3.50 6.61 -.19 -.52 .15
-5.55 -4.18 5.71 -.19 -.52 .15
-5.55 -4.18 5.71 -.24 -.48 .21
