-5.43 -4.54 5.43 -.24 -.48 .21
-5.43 -4.54 5.43 -.08 -.41 .33
-5.99 -4.59 5.70 -.08 -.41 .33
-5.99 -4.59 5.70 .04 -.28 .37
-6.53 -4.62 5.53 .04 -.28 .37
-6.53 -4.62 5.53 .05 -.25 .31
-6.33 -4.54 5.24 .05 -.25 .31
-6.33 -4.54 5.24 .02 -.30 .21
-6.01 -4.32 5.67 .02 -.30 .21
-6.01 -4.32 5.67 -.09 -.26 .09
-6.36 -4.21 6.24 -.09 -.26 .09
-6.36 -4.21 6.24 -.28 -.18 .00
1.92 3.82 -12.27 -.59 1.60 1.18
1.92 3.82 -12.27 -1.69 2.51 1.43
-1.86 2.50 -18.56 -1.69 2.51 1.43
-1.86 2.50 -18.56 -2.64 4.29 1.95
-14.83 .57 -14.77 -2.64 4.29 1.95
-14.83 .57 -14.77 -2.54 5.71 3.43
-9.79 1.72 -12.33 -2.54 5.71 3.43
-9.79 1.72 -12.33 -3.28 7.86 3.99
-11.77 -.02 -11.30 -3.28 7.86 3.99
-11.77 -.02 -11.30 -4.61 10.70 4.77
-10.31 1.39 -2.69 -4.61 10.70 4.77
-10.31 1.39 -2.69 -3.66 13.11 5.81
-14.91 -1.21 7.63 -3.66 13.11 5.81
-14.91 -1.21 7.63 -7.93 12.21 4.95
-26.24 -24.59 3.39 -7.93 12.21 4.95
-39.89 -20.84 24.38 -5.05 13.21 5.38
-26.24 -24.59 3.39 -5.05 13.21 5.38
-39.89 -20.84 24.38 3.19 8.68 6.71
-30.61 -11.69 29.13 3.19 8.68 6.71
-30.61 -11.69 29.13 3.33 5.81 2.56
-19.01 -8.45 25.69 3.33 5.81 2.56
-19.01 -8.45 25.69 1.19 2.63 2.49
-12.32 -4.51 24.87 1.19 2.63 2.49
-12.32 -4.51 24.87 -1.00 1.55 1.31
-9.48 -4.15 22.86 -1.00 1.55 1.31
-9.48 -4.15 22.86 -3.25 1.13 .81
-7.63 -5.94 18.51 -3.25 1.13 .81
