-7.63 -5.94 18.51 -4.54 .86 -.01
-5.87 -8.82 14.33 -4.54 .86 -.01
-5.87 -8.82 14.33 -3.51 .65 -.37
-5.90 -8.82 11.96 -3.51 .65 -.37
-5.90 -8.82 11.96 -.82 .40 -.13
-6.07 -6.47 10.85 -.82 .40 -.13
-6.07 -6.47 10.85 1.04 -.10 .01
-5.42 -4.77 9.72 1.04 -.10 .01
-5.42 -4.77 9.72 1.69 -.42 -.01
-4.72 -2.87 8.97 1.69 -.42 -.01
-4.72 -2.87 8.97 1.56 -.58 .08
-4.58 -2.45 8.54 1.56 -.58 .08
-4.58 -2.45 8.54 .81 -.54 .14
-4.78 -3.29 7.89 .81 -.54 .14
-4.78 -3.29 7.89 .05 -.42 .09
-5.17 -3.93 7.17 .05 -.42 .09
-5.17 -3.93 7.17 -.29 -.34 .08
-5.39 -4.61 6.42 -.29 -.34 .08
-5.39 -4.61 6.42 -.31 -.29 .09
-5.43 -5.00 5.92 -.31 -.29 .09
-5.43 -5.00 5.92 -.14 -.23 .11
-5.54 -5.00 5.65 -.14 -.23 .11
-5.54 -5.00 5.65 .08 -.18 .17
4.16 3.73 -9.04 -1.25 1.41 1.00
4.16 3.73 -9.04 -2.13 2.28 1.21
.93 5.33 -19.27 -2.13 2.28 1.21
.93 5.33 -19.27 -3.12 3.55 1.61
-12.70 6.97 -20.43 -3.12 3.55 1.61
-12.70 6.97 -20.43 -4.18 5.14 2.71
-5.15 1.97 -16.35 -4.18 5.14 2.71
-5.15 1.97 -16.35 -5.87 8.74 3.66
-10.71 .31 -12.40 -5.87 8.74 3.66
-10.71 .31 -12.40 -6.14 12.48 6.10
-5.71 3.63 -8.33 -6.14 12.48 6.10
-5.71 3.63 -8.33 -2.01 14.12 8.40
-22.13 -8.87 -2.75 -2.01 14.12 8.40
-22.13 -8.87 -2.75 -.62 16.96 5.85
-63.14 -24.33 9.69 -.62 16.96 5.85
-63.14 -24.33 9.69 .41 15.77 3.61
-37.61 -4.58 27.48 .41 15.77 3.61
-37.61 -4.58 27.48 4.51 7.73 1.90
-30.34 3.44 35.03 4.51 7.73 1.90
-30.34 3.44 35.03 .29 5.43 2.25
-24.60 -.62 29.65 .29 5.43 2.25
-24.60 -.62 29.65 -3.37 2.36 1.32
-12.28 -8.31 18.77 -3.37 2.36 1.32
-12.28 -8.31 18.77 -5.06 .44 .72
-8.13 -10.75 15.68 -5.06 .44 .72
-8.13 -10.75 15.68 -3.30 .35 .76
-8.31 -6.84 15.03 -3.30 .35 .76
-8.31 -6.84 15.03 -1.71 .36 .58
-7.50 -4.87 13.57 -1.71 .36 .58
-7.50 -4.87 13.57 -1.03 .14 -.03
-6.80 -3.15 12.05 -1.03 .14 -.03
-6.80 -3.15 12.05 -.75 -.18 -.27
-6.01 -2.06 11.23 -.75 -.18 -.27
-6.01 -2.06 11.23 -1.05 -.50 -.46
-4.69 -3.08 9.73 -1.05 -.50 -.46
-4.69 -3.08 9.73 -1.33 -.64 -.47
-4.25 -4.14 8.18 -1.33 -.64 -.47
-4.25 -4.14 8.18 -1.15 -.59 -.30
-4.82 -4.25 7.29 -1.15 -.59 -.30
-4.82 -4.25 7.29 -.67 -.50 -.10
-5.11 -4.07 7.10 -.67 -.50 -.10
-5.11 -4.07 7.10 -.36 -.46 -.07
-5.15 -4.07 7.42 -.36 -.46 -.07
-5.15 -4.07 7.42 -.32 -.36 -.09
-5.77 -4.16 7.74 -.32 -.36 -.09
-5.77 -4.16 7.74 -.42 -.26 -.02
-6.35 -4.18 7.26 -.56 -.26 .04
-6.35 -4.18 7.26 -.42 -.26 -.02
-6.20 -4.46 6.64 -.56 -.26 .04
