-6.20 -4.46 6.64 -.67 -.29 .00
.43 4.90 -13.72 -1.30 1.48 1.23
.43 4.90 -13.72 -2.21 2.52 1.28
-4.88 2.94 -14.89 -2.21 2.52 1.28
-4.88 2.94 -14.89 -2.32 3.93 1.86
-6.73 -4.74 -7.38 -2.32 3.93 1.86
-6.73 -4.74 -7.38 -3.15 6.57 2.53
-5.39 -.84 -3.36 -3.15 6.57 2.53
-5.39 -.84 -3.36 -3.42 9.97 3.72
-3.75 2.15 1.93 -3.42 9.97 3.72
-3.75 2.15 1.93 -1.79 11.58 4.86
-9.00 -11.96 11.38 -1.79 11.58 4.86
-9.00 -11.96 11.38 1.67 13.15 4.27
-14.68 -6.48 15.07 1.67 13.15 4.27
-14.68 -6.48 15.07 -.53 12.20 2.77
-25.00 -6.33 17.48 -.53 12.20 2.77
-25.00 -6.33 17.48 -.48 10.72 2.06
-27.39 -3.99 21.20 -.48 10.72 2.06
-27.39 -3.99 21.20 -1.30 5.49 1.97
-11.57 -5.66 19.71 -1.30 5.49 1.97
-11.57 -5.66 19.71 -3.16 3.15 .95
-13.85 -8.55 17.29 -3.16 3.15 .95
-13.85 -8.55 17.29 -3.23 2.07 .70
-9.52 -10.36 18.35 -3.23 2.07 .70
-9.52 -10.36 18.35 -2.50 .84 -.12
-8.74 -9.54 20.33 -2.50 .84 -.12
-8.74 -9.54 20.33 -1.43 .49 .18
-8.28 -6.98 19.96 -1.43 .49 .18
-8.28 -6.98 19.96 -.75 -.09 .22
-6.94 -5.16 16.17 -.75 -.09 .22
-5.50 -2.87 12.35 -.37 -.28 -.14
-6.94 -5.16 16.17 -.37 -.28 -.14
-5.50 -2.87 12.35 -.01 -.68 -.09
-3.92 -2.30 10.13 -.01 -.68 -.09
-3.92 -2.30 10.13 -.12 -.74 -.28
-4.24 -3.09 9.03 -.12 -.74 -.28
-4.24 -3.09 9.03 -.34 -.64 -.40
-4.81 -3.75 8.79 -.34 -.64 -.40
-4.81 -3.75 8.79 -.16 -.67 -.37
-4.74 -3.49 8.47 -.16 -.67 -.37
-4.74 -3.49 8.47 .11 -.82 -.21
-3.98 -3.81 8.09 .26 -.87 -.11
-3.98 -3.81 8.09 .11 -.82 -.21
-4.12 -3.95 7.62 .26 -.87 -.11
-4.12 -3.95 7.62 .32 -.79 -.05
-3.92 -3.92 7.52 .32 -.79 -.05
-3.92 -3.92 7.52 .36 -.73 .01
-4.23 -3.72 8.07 .36 -.73 .01
-4.23 -3.72 8.07 .27 -.62 .07
