-4.45 -3.70 7.86 .27 -.62 .07
-4.45 -3.70 7.86 -.04 -.62 .01
.58 6.79 -14.25 -1.31 1.78 1.40
.58 6.79 -14.25 -2.22 2.69 1.92
-6.71 4.41 -17.40 -2.22 2.69 1.92
-6.71 4.41 -17.40 -2.83 4.17 2.61
-10.24 -2.72 -12.85 -2.83 4.17 2.61
-10.24 -2.72 -12.85 -5.64 6.40 3.33
-9.20 .52 -9.76 -5.64 6.40 3.33
-9.20 .52 -9.76 -10.95 9.82 5.15
-9.45 16.57 -13.63 -10.95 9.82 5.15
-9.45 16.57 -13.63 -13.11 10.67 8.59
-17.66 -18.48 -16.02 -4.76 14.18 10.44
-17.66 -18.48 -16.02 -13.11 10.67 8.59
-36.25 -26.48 3.13 -4.76 14.18 10.44
-36.25 -26.48 3.13 3.74 13.28 9.58
-40.30 -17.40 22.86 3.74 13.28 9.58
-40.30 -17.40 22.86 10.63 10.57 5.70
-30.88 -.13 35.14 10.63 10.57 5.70
-30.88 -.13 35.14 5.99 6.17 3.12
-19.21 -.10 32.92 5.99 6.17 3.12
-19.21 -.10 32.92 -.84 3.66 1.07
-15.76 -5.01 24.94 -.84 3.66 1.07
-15.76 -5.01 24.94 -4.86 1.70 .37
-9.91 -7.82 19.63 -4.86 1.70 .37
-9.91 -7.82 19.63 -6.10 .37 -.35
-6.05 -10.81 15.53 -6.10 .37 -.35
-6.05 -10.81 15.53 -5.06 .00 -.26
-6.52 -11.69 13.24 -5.06 .00 -.26
-6.52 -11.69 13.24 -2.31 .06 -.03
-6.81 -7.31 12.02 -2.31 .06 -.03
-6.81 -7.31 12.02 .09 -.46 .10
-5.06 -4.56 10.56 .09 -.46 .10
-5.06 -4.56 10.56 .93 -.84 -.01
-3.47 -2.47 8.79 .93 -.84 -.01
-3.47 -2.47 8.79 .77 -.84 .00
-3.10 -2.44 8.31 .77 -.84 .00
-3.10 -2.44 8.31 .24 -.63 -.05
-3.90 -2.93 8.27 .24 -.63 -.05
-3.90 -2.93 8.27 -.13 -.33 -.04
-4.76 -3.65 7.58 -.13 -.33 -.04
-4.76 -3.65 7.58 -.29 -.18 .01
-4.75 -4.11 6.72 -.29 -.18 .01
-4.75 -4.11 6.72 -.21 -.17 .11
-4.65 -4.35 6.48 -.21 -.17 .11
-4.65 -4.35 6.48 -.01 -.08 .24
-5.35 -4.33 6.77 -.01 -.08 .24
-6.17 -4.48 7.01 .11 .03 .32
-5.35 -4.33 6.77 .11 .03 .32
-6.17 -4.48 7.01 .13 .05 .33
-6.46 -4.31 6.81 .13 .05 .33
