-6.46 -4.31 6.81 .04 -.05 .25
-5.08 3.04 1.96 -4.70 9.95 4.49
-5.08 3.04 1.96 -5.67 11.57 5.12
-8.77 -6.79 5.70 -5.67 11.57 5.12
-19.06 -15.87 -.33 -3.03 12.90 5.86
-8.77 -6.79 5.70 -3.03 12.90 5.86
-19.06 -15.87 -.33 -1.22 13.33 4.95
-33.78 -16.08 10.65 -1.22 13.33 4.95
-33.78 -16.08 10.65 2.83 11.56 3.22
-35.80 -3.80 27.18 2.83 11.56 3.22
-35.80 -3.80 27.18 4.39 6.15 2.63
-17.52 3.00 28.27 4.39 6.15 2.63
-17.52 3.00 28.27 .57 2.03 1.68
-12.27 -3.75 23.87 .57 2.03 1.68
-12.27 -3.75 23.87 -3.51 .68 1.72
-8.64 -5.77 20.57 -3.51 .68 1.72
-8.64 -5.77 20.57 -5.24 -.29 .89
-6.33 -10.67 14.65 -5.24 -.29 .89
-6.33 -10.67 14.65 -5.25 -.11 .48
-5.27 -11.14 11.37 -5.25 -.11 .48
-5.27 -11.14 11.37 -3.24 .20 .26
-6.37 -8.33 11.18 -3.24 .20 .26
-6.37 -8.33 11.18 -.89 .40 .07
-6.83 -5.17 11.33 -.89 .40 .07
-6.83 -5.17 11.33 .24 .11 -.15
-5.91 -4.00 10.48 .24 .11 -.15
-5.91 -4.00 10.48 .38 -.27 -.38
-4.51 -4.05 8.97 .38 -.27 -.38
-4.51 -4.05 8.97 .08 -.50 -.43
-4.14 -4.07 8.28 .08 -.50 -.43
-4.14 -4.07 8.28 -.08 -.45 -.20
-4.54 -4.00 7.88 -.08 -.45 -.20
-4.54 -4.00 7.88 -.14 -.41 -.14
-4.81 -4.35 7.40 -.14 -.41 -.14
-4.81 -4.35 7.40 -.12 -.36 -.12
-4.95 -4.60 7.08 -.12 -.36 -.12
-4.95 -4.60 7.08 .00 -.35 -.05
-5.48 -4.67 7.00 .00 -.35 -.05
-5.48 -4.67 7.00 .08 -.28 .00
-5.80 -4.51 6.85 .08 -.28 .00
-5.80 -4.51 6.85 .08 -.32 -.02
-5.39 -4.38 6.88 .08 -.32 -.02
-5.39 -4.38 6.88 -.01 -.35 -.11
-5.32 -4.49 6.99 -.01 -.35 -.11
-5.32 -4.49 6.99 -.16 -.28 -.20
-5.36 -4.30 6.80 -.16 -.28 -.20
-5.36 -4.30 6.80 -.20 -.28 -.24
-4.92 -4.12 6.63 -.20 -.28 -.24
-4.92 -4.12 6.63 -.21 -.32 -.25
-4.88 -4.39 6.75 -.21 -.32 -.25
