-4.88 -4.39 6.75 -.20 -.25 -.23
3.48 8.51 -9.70 -.87 .55 .96
3.48 8.51 -9.70 -2.68 1.04 1.35
1.10 8.57 -14.40 -2.68 1.04 1.35
1.10 8.57 -14.40 -3.22 2.44 2.28
-8.07 4.24 -14.41 -3.22 2.44 2.28
-8.07 4.24 -14.41 -3.28 3.96 4.02
-8.46 3.95 -14.19 -3.28 3.96 4.02
-8.46 3.95 -14.19 -5.33 5.91 5.57
-9.46 8.51 -14.17 -5.33 5.91 5.57
-9.46 8.51 -14.17 -8.69 8.28 6.61
-10.79 8.19 -10.93 -8.69 8.28 6.61
-10.79 8.19 -10.93 -8.13 9.87 8.60
-14.30 -20.46 -4.90 -8.13 9.87 8.60
-14.30 -20.46 -4.90 1.80 13.32 9.17
-23.51 -16.31 3.06 1.80 13.32 9.17
-43.76 -19.22 22.62 2.88 13.69 7.61
-23.51 -16.31 3.06 2.88 13.69 7.61
-43.76 -19.22 22.62 5.43 12.34 5.73
-40.03 -7.21 32.75 5.43 12.34 5.73
-40.03 -7.21 32.75 3.21 6.59 1.95
-19.40 -5.48 25.66 3.21 6.59 1.95
-19.40 -5.48 25.66 -1.96 1.79 .92
-11.13 -7.58 19.86 -1.96 1.79 .92
-11.13 -7.58 19.86 -4.94 .12 .64
-6.91 -13.43 18.26 -4.94 .12 .64
-3.75 -13.88 17.40 -5.82 -.38 -.47
-6.91 -13.43 18.26 -5.82 -.38 -.47
-3.75 -13.88 17.40 -4.36 -.32 -.71
-3.84 -11.91 14.75 -4.36 -.32 -.71
-3.84 -11.91 14.75 -2.02 .03 -.20
-5.18 -9.19 12.06 -2.02 .03 -.20
-5.18 -9.19 12.06 .21 .31 -.46
-5.13 -5.76 10.91 .21 .31 -.46
-5.13 -5.76 10.91 1.49 .01 -.51
-4.18 -3.34 10.27 1.49 .01 -.51
-4.18 -3.34 10.27 1.66 -.32 -.48
-3.98 -2.77 9.17 1.66 -.32 -.48
-3.98 -2.77 9.17 1.08 -.46 -.44
-4.16 -3.20 8.09 1.08 -.46 -.44
-4.16 -3.20 8.09 .48 -.56 -.42
-4.08 -4.06 7.70 .48 -.56 -.42
-4.08 -4.06 7.70 .11 -.58 -.35
-4.08 -4.51 7.14 .11 -.58 -.35
-4.08 -4.51 7.14 -.03 -.53 -.23
-3.79 -4.80 6.69 -.03 -.53 -.23
-3.79 -4.80 6.69 .00 -.43 -.12
-4.16 -5.27 6.46 .00 -.43 -.12
-4.16 -5.27 6.46 .14 -.18 -.05
-4.63 -5.04 6.23 .14 -.18 -.05
