-4.63 -5.04 6.23 .27 -.10 .01
-6.10 1.54 -12.54 -2.58 3.48 2.23
-6.10 1.54 -12.54 -2.93 5.05 3.43
-7.53 1.00 -10.75 -2.93 5.05 3.43
-7.53 1.00 -10.75 -4.26 7.85 4.46
-8.93 4.20 -7.82 -4.26 7.85 4.46
-8.93 4.20 -7.82 -6.26 10.00 5.41
-7.82 3.17 -3.30 -6.26 10.00 5.41
-7.82 3.17 -3.30 -5.80 11.73 6.35
-13.90 -10.63 5.51 -3.05 13.12 6.05
-13.90 -10.63 5.51 -5.80 11.73 6.35
-24.17 -15.72 12.33 -3.05 13.12 6.05
-24.17 -15.72 12.33 -1.38 13.02 6.04
-32.05 -12.49 19.53 -1.38 13.02 6.04
-32.05 -12.49 19.53 2.23 7.60 4.25
-25.85 -8.59 27.42 2.23 7.60 4.25
-25.85 -8.59 27.42 .99 3.73 3.32
-16.93 -8.30 24.26 .99 3.73 3.32
-16.93 -8.30 24.26 -2.03 .94 2.59
-12.20 -11.27 21.19 -2.03 .94 2.59
-12.20 -11.27 21.19 -4.43 -.14 1.09
-7.95 -13.06 17.56 -4.43 -.14 1.09
-7.95 -13.06 17.56 -5.12 -.48 -.44
-5.88 -14.71 13.58 -5.12 -.48 -.44
-5.88 -14.71 13.58 -3.47 -.21 -.70
-5.67 -10.71 11.10 -3.47 -.21 -.70
-5.67 -10.71 11.10 -.95 -.24 -.75
-4.91 -6.49 10.03 -.95 -.24 -.75
-4.91 -6.49 10.03 .48 -.55 -.88
-3.17 -4.08 9.52 .48 -.55 -.88
-3.17 -4.08 9.52 .92 -.82 -.92
-2.46 -3.17 8.93 .92 -.82 -.92
-2.46 -3.17 8.93 .71 -.86 -.83
-2.28 -3.08 7.85 .71 -.86 -.83
-2.28 -3.08 7.85 .33 -.78 -.71
-2.47 -3.21 7.03 .33 -.78 -.71
-2.47 -3.21 7.03 .05 -.60 -.57
-2.65 -3.54 6.74 .05 -.60 -.57
-2.65 -3.54 6.74 -.04 -.40 -.45
-3.09 -3.89 6.94 -.04 -.40 -.45
-3.09 -3.89 6.94 .00 -.19 -.32
-3.87 -4.47 7.18 .00 -.19 -.32
-3.87 -4.47 7.18 .07 -.02 -.20
-4.34 -4.35 6.95 .07 -.02 -.20
-4.34 -4.35 6.95 .08 -.01 -.07
-4.47 -4.48 6.75 .08 -.01 -.07
-4.47 -4.48 6.75 .01 .01 -.07
-4.51 -4.60 6.76 .01 .01 -.07
-4.51 -4.60 6.76 -.10 .02 -.07
-4.45 -4.58 7.66 -.10 .02 -.07
