-4.45 -4.58 7.66 -.10 .01 -.08
-6.52 4.67 -14.68 -4.34 4.83 3.66
-6.52 4.67 -14.68 -4.39 6.25 4.72
-11.07 1.10 -10.84 -4.39 6.25 4.72
-11.07 1.10 -10.84 -4.49 8.13 6.09
-9.51 -1.84 -3.47 -5.20 10.56 6.57
-9.51 -1.84 -3.47 -4.49 8.13 6.09
-9.88 -7.33 3.18 -5.20 10.56 6.57
-9.88 -7.33 3.18 -3.64 13.09 7.33
-17.87 -15.17 2.18 -3.64 13.09 7.33
-17.87 -15.17 2.18 -1.47 13.89 7.51
-39.50 -36.74 -.75 -1.47 13.89 7.51
-39.50 -36.74 -.75 3.47 14.28 4.16
-43.45 -16.63 15.32 3.47 14.28 4.16
-43.45 -16.63 15.32 8.70 8.23 2.89
-22.65 5.94 30.42 8.70 8.23 2.89
-22.65 5.94 30.42 6.33 3.70 .67
-17.11 12.12 32.27 6.33 3.70 .67
-17.11 12.12 32.27 .63 1.01 .47
-10.57 1.29 23.85 .63 1.01 .47
-10.57 1.29 23.85 -5.48 .09 -.59
-7.58 -5.16 16.39 -5.48 .09 -.59
-7.58 -5.16 16.39 -6.67 -.50 -.59
-4.47 -7.15 12.75 -6.67 -.50 -.59
-4.47 -7.15 12.75 -4.94 -.78 -.42
-4.12 -8.31 11.99 -4.94 -.78 -.42
-4.12 -8.31 11.99 -1.82 -.55 .03
-5.56 -4.16 11.37 -1.82 -.55 .03
-5.56 -4.16 11.37 .45 -.61 .40
-5.72 -2.07 10.28 .45 -.61 .40
-5.72 -2.07 10.28 .97 -.71 .25
-4.47 -1.02 9.18 .97 -.71 .25
-4.47 -1.02 9.18 .62 -.75 .08
-4.10 -1.26 8.32 .62 -.75 .08
-4.10 -1.26 8.32 .00 -.52 .12
-4.57 -1.95 7.76 .00 -.52 .12
-4.57 -1.95 7.76 -.43 -.28 .16
-4.88 -2.76 7.12 -.43 -.28 .16
-4.88 -2.76 7.12 -.59 -.17 .22
-4.84 -3.60 6.84 -.59 -.17 .22
-4.84 -3.60 6.84 -.33 -.04 .29
-5.49 -3.90 6.96 -.33 -.04 .29
-5.49 -3.90 6.96 -.16 .01 .40
-5.78 -3.94 6.98 -.16 .01 .40
-5.78 -3.94 6.98 -.10 -.01 .43
-6.01 -3.91 7.14 -.10 -.01 .43
-6.01 -3.91 7.14 -.16 -.01 .40
-6.40 -4.02 7.10 -.16 -.01 .40
-6.40 -4.02 7.10 -.34 -.02 .31
-6.28 -4.08 7.15 -.34 -.02 .31
-6.28 -4.08 7.15 -.50 -.08 .19
-3.72 9.97 -17.05 -2.77 2.46 2.36
-3.72 9.97 -17.05 -3.42 4.35 4.25
-9.88 10.38 -17.37 -3.42 4.35 4.25
-9.88 10.38 -17.37 -5.62 6.64 6.70
-13.09 14.33 -14.97 -5.62 6.64 6.70
-13.09 14.33 -14.97 -9.47 8.67 8.39
-17.51 7.72 -14.93 -9.47 8.67 8.39
-17.51 7.72 -14.93 -7.81 9.82 10.78
-28.37 -27.58 -4.44 -7.81 9.82 10.78
-33.94 -20.97 7.37 -.54 13.45 10.26
-28.37 -27.58 -4.44 -.54 13.45 10.26
-33.94 -20.97 7.37 2.00 11.95 9.34
-41.60 -24.66 26.53 2.00 11.95 9.34
-41.60 -24.66 26.53 4.65 10.36 5.96
-31.47 -15.90 30.26 4.65 10.36 5.96
-31.47 -15.90 30.26 3.33 5.63 3.45
-19.59 -10.60 23.91 3.33 5.63 3.45
-19.59 -10.60 23.91 -.14 1.97 2.11
-11.39 -8.64 18.50 -.14 1.97 2.11
-11.39 -8.64 18.50 -3.51 .32 1.31
-10.08 -11.63 16.49 -3.51 .32 1.31
-10.08 -11.63 16.49 -5.10 .11 .86
-9.57 -12.93 14.34 -5.10 .11 .86
-9.57 -12.93 14.34 -4.55 -.09 .21
-7.48 -12.23 12.02 -4.55 -.09 .21
-7.48 -12.23 12.02 -2.46 -.38 -.03
-6.15 -9.69 9.95 -2.46 -.38 -.03
-6.15 -9.69 9.95 -.41 -.45 -.01
-5.69 -7.45 8.41 -.41 -.45 -.01
-5.69 -7.45 8.41 .77 -.40 -.11
-4.91 -5.33 7.68 .77 -.40 -.11
-4.91 -5.33 7.68 1.21 -.50 -.15
-4.20 -4.49 7.48 1.21 -.50 -.15
-4.20 -4.49 7.48 1.16 -.45 -.17
-4.97 -3.98 7.14 1.16 -.45 -.17
-4.97 -3.98 7.14 .94 -.31 -.17
-5.57 -3.98 6.84 .94 -.31 -.17
-5.57 -3.98 6.84 .65 -.33 -.10
-5.35 -4.00 6.29 .65 -.33 -.10
-5.35 -4.00 6.29 .35 -.40 -.02
-5.11 -4.23 6.11 .35 -.40 -.02
-5.11 -4.23 6.11 .12 -.34 .05
-6.16 -4.63 6.02 .12 -.34 .05
-6.16 -4.63 6.02 -.06 -.25 .20
-6.45 -5.00 5.66 -.06 -.25 .20
-6.45 -5.00 5.66 -.09 -.32 .24
-6.42 -5.05 5.42 -.09 -.32 .24
-6.42 -5.05 5.42 -.06 -.35 .24
-6.31 -4.84 6.01 -.06 -.35 .24
