-6.31 -4.84 6.01 -.02 -.36 .19
.16 7.40 -15.29 -2.25 2.31 1.51
.16 7.40 -15.29 -3.12 3.15 2.23
-5.15 8.64 -22.11 -3.12 3.15 2.23
-5.15 8.64 -22.11 -4.08 4.77 3.02
-15.17 .27 -12.49 -4.08 4.77 3.02
-15.17 .27 -12.49 -6.74 7.64 4.09
-10.58 8.77 -4.62 -6.74 7.64 4.09
-10.58 8.77 -4.62 -10.15 10.64 6.40
-8.14 9.19 -4.54 -6.64 12.68 9.17
-8.14 9.19 -4.54 -10.15 10.64 6.40
-19.25 -28.98 -4.69 -6.64 12.68 9.17
-19.25 -28.98 -4.69 -.49 14.42 8.65
-38.47 -26.36 2.75 -.49 14.42 8.65
-38.47 -26.36 2.75 5.47 13.11 7.35
-46.74 -7.99 27.83 5.47 13.11 7.35
-46.74 -7.99 27.83 8.74 7.82 4.87
-20.83 7.29 34.00 8.74 7.82 4.87
-20.83 7.29 34.00 2.75 2.82 1.88
-16.92 -2.43 27.39 2.75 2.82 1.88
-16.92 -2.43 27.39 -4.61 1.97 .96
-14.01 -9.98 20.94 -4.61 1.97 .96
-14.01 -9.98 20.94 -7.10 .27 -.14
-6.97 -14.12 17.04 -7.10 .27 -.14
-6.97 -14.12 17.04 -5.55 -.61 -.28
-4.96 -10.64 14.20 -5.55 -.61 -.28
-4.96 -10.64 14.20 -2.56 -.49 .20
-5.66 -7.87 12.41 -2.56 -.49 .20
-5.66 -7.87 12.41 -.62 -.29 .05
-5.67 -4.86 11.24 -.62 -.29 .05
-5.67 -4.86 11.24 .32 -.52 -.15
-4.81 -3.22 10.28 .32 -.52 -.15
-4.81 -3.22 10.28 .14 -.75 -.35
-4.01 -3.67 9.27 .14 -.75 -.35
-4.01 -3.67 9.27 -.25 -.85 -.41
-3.80 -4.15 8.19 -.25 -.85 -.41
-3.80 -4.15 8.19 -.37 -.83 -.36
-3.93 -4.41 7.58 -.37 -.83 -.36
-3.93 -4.41 7.58 -.17 -.74 -.31
-4.04 -4.34 7.44 -.17 -.74 -.31
-4.04 -4.34 7.44 .07 -.65 -.26
-4.16 -4.38 7.54 .07 -.65 -.26
-4.16 -4.38 7.54 .20 -.48 -.21
-4.49 -4.08 7.29 .20 -.48 -.21
-4.49 -4.08 7.29 .19 -.36 -.14
-4.57 -4.21 7.11 .07 -.28 -.13
-4.82 -4.33 6.84 .07 -.28 -.13
-4.82 -4.33 6.84 -.06 -.18 -.14
-4.99 -4.38 7.04 -.06 -.18 -.14
-4.99 -4.38 7.04 -.06 -.16 -.13
