-2.14 -4.18 7.57 -.19 -.90 -.17
-2.14 -4.18 7.57 -.15 -.87 -.27
-7.91 .71 -6.18 -2.72 10.25 3.97
-7.91 .71 -6.18 -2.02 13.17 3.46
-21.54 -11.27 1.29 -2.02 13.17 3.46
-21.54 -11.27 1.29 -4.78 14.48 1.66
-36.95 -26.74 18.49 -4.78 14.48 1.66
-36.95 -26.74 18.49 1.89 12.87 2.52
-35.07 -8.22 32.30 1.89 12.87 2.52
-35.07 -8.22 32.30 6.41 8.10 2.12
-22.18 4.60 33.58 6.41 8.10 2.12
-22.18 4.60 33.58 4.22 4.18 1.31
-14.58 5.17 27.60 -.20 1.70 .93
-9.61 -.71 20.33 -.20 1.70 .93
-14.58 5.17 27.60 4.22 4.18 1.31
-9.61 -.71 20.33 -4.05 .26 .35
-7.04 -7.20 16.60 -4.05 .26 .35
-7.04 -7.20 16.60 -5.10 -.16 -.10
-6.78 -8.72 15.47 -5.10 -.16 -.10
-6.78 -8.72 15.47 -3.69 -.29 -.22
-6.75 -6.95 14.58 -3.69 -.29 -.22
-6.75 -6.95 14.58 -1.59 -.58 -.23
-6.00 -3.82 13.08 -1.59 -.58 -.23
-4.73 -2.62 11.32 -.43 -1.05 -.32
-6.00 -3.82 13.08 -.43 -1.05 -.32
-4.73 -2.62 11.32 -.30 -1.32 -.36
-3.73 -3.22 10.32 -.30 -1.32 -.36
-3.73 -3.22 10.32 -.38 -1.37 -.36
-3.30 -2.87 9.84 -.38 -1.37 -.36
-3.30 -2.87 9.84 -.23 -1.39 -.33
-2.71 -2.54 9.58 -.23 -1.39 -.33
-2.71 -2.54 9.58 -.28 -1.39 -.37
-2.64 -2.72 9.23 -.28 -1.39 -.37
-2.64 -2.72 9.23 -.30 -1.18 -.48
-2.94 -3.39 8.67 -.30 -1.18 -.48
-2.94 -3.39 8.67 -.25 -1.00 -.43
-2.98 -3.87 8.67 -.25 -1.00 -.43
-2.98 -3.87 8.67 -.04 -.90 -.37
-3.03 -3.56 8.77 -.04 -.90 -.37
-3.03 -3.56 8.77 .09 -.90 -.30
-2.81 -3.26 8.17 .09 -.90 -.30
-2.16 -3.56 7.79 .02 -.96 -.29
-2.81 -3.26 8.17 .02 -.96 -.29
-2.16 -3.56 7.79 -.03 -.98 -.30
-1.82 -3.92 8.37 -.03 -.98 -.30
-1.82 -3.92 8.37 -.02 -.90 -.35
-2.18 -4.12 9.23 -.02 -.90 -.35
-2.18 -4.12 9.23 .03 -.79 -.33
-2.45 -3.84 9.17 .03 -.79 -.33
