-4.57 -4.21 7.11 .19 -.36 -.14
-10.60 10.49 -12.30 -9.36 10.25 8.14
-10.60 10.49 -12.30 -8.07 8.70 6.44
-13.28 -12.66 -9.98 -9.36 10.25 8.14
-13.28 -12.66 -9.98 -3.33 13.57 8.92
-25.27 -18.15 .25 -3.33 13.57 8.92
-25.27 -18.15 .25 2.43 14.00 8.18
-42.70 -21.34 18.46 2.43 14.00 8.18
-42.70 -21.34 18.46 6.72 12.73 5.49
-40.26 -6.42 28.23 6.72 12.73 5.49
-40.26 -6.42 28.23 6.03 7.09 2.73
-18.89 2.66 29.48 6.03 7.09 2.73
-18.89 2.66 29.48 .27 2.96 1.16
-15.94 -3.57 25.49 .27 2.96 1.16
-15.94 -3.57 25.49 -4.07 1.29 1.06
-11.09 -7.86 19.84 -4.07 1.29 1.06
-11.09 -7.86 19.84 -6.41 -.11 -.37
-6.60 -14.96 15.29 -3.51 -.12 -.06
-6.60 -14.96 15.29 -6.41 -.11 -.37
-7.18 -8.38 12.77 -3.51 -.12 -.06
-7.18 -8.38 12.77 -.72 -.24 .11
-6.37 -4.75 11.97 -.72 -.24 .11
-6.37 -4.75 11.97 .40 -.39 -.30
-5.58 -2.80 10.64 .40 -.39 -.30
-5.58 -2.80 10.64 .71 -.60 -.32
-4.84 -2.51 9.21 .71 -.60 -.32
-4.84 -2.51 9.21 .64 -.73 -.31
-4.38 -2.79 7.97 .64 -.73 -.31
-4.38 -2.79 7.97 .58 -.71 -.21
-4.70 -2.27 7.62 .58 -.71 -.21
-4.70 -2.27 7.62 .41 -.62 -.11
-4.60 -2.74 7.23 .41 -.62 -.11
-4.60 -2.74 7.23 -.03 -.51 -.12
-4.63 -3.34 7.04 -.03 -.51 -.12
-4.63 -3.34 7.04 -.27 -.37 -.12
-5.07 -4.12 6.86 -.27 -.37 -.12
-5.07 -4.12 6.86 -.36 -.26 -.04
