-5.36 -4.24 6.62 -.36 -.26 -.04
-5.36 -4.24 6.62 -.33 -.26 .04
-5.33 -4.54 6.50 -.32 -.26 .06
-5.33 -4.54 6.50 -.33 -.26 .04
-5.37 -4.77 6.52 -.32 -.26 .06
-5.37 -4.77 6.52 -.28 -.25 .05
-5.34 -4.66 6.80 -.28 -.25 .05
-5.34 -4.66 6.80 -.24 -.27 .02
-5.25 -4.43 7.03 -.24 -.27 .02
-5.25 -4.43 7.03 -.31 -.28 -.02
-5.13 -4.49 6.95 -.31 -.28 -.02
-5.13 -4.49 6.95 -.47 -.30 -.08
-4.83 -4.59 6.77 -.47 -.30 -.08
-4.83 -4.59 6.77 -.56 -.31 -.10
-3.60 9.07 -19.92 -3.93 6.12 4.19
-3.60 9.07 -19.92 -5.29 9.29 5.11
-7.76 12.48 -14.30 -5.29 9.29 5.11
-7.76 12.48 -14.30 -4.59 12.97 6.48
-23.51 -12.95 -12.15 -4.59 12.97 6.48
-23.51 -12.95 -12.15 -5.53 16.60 5.52
-47.40 -30.58 -.26 -5.53 16.60 5.52
-47.40 -30.58 -.26 1.24 14.77 7.11
-48.73 -16.43 25.86 1.24 14.77 7.11
-48.73 -16.43 25.86 9.23 10.55 5.65
-35.39 6.52 33.15 9.23 10.55 5.65
-35.39 6.52 33.15 6.22 5.05 3.67
-22.07 4.78 26.19 6.22 5.05 3.67
-22.07 4.78 26.19 -.54 2.16 2.39
-15.25 -4.10 19.97 -.54 2.16 2.39
-15.25 -4.10 19.97 -4.83 .74 1.15
-11.25 -8.69 17.61 -4.83 .74 1.15
-11.25 -8.69 17.61 -6.74 .39 .25
-8.16 -9.97 14.72 -6.74 .39 .25
-8.16 -9.97 14.72 -6.60 .50 -.44
-7.02 -11.50 12.07 -6.60 .50 -.44
-7.02 -11.50 12.07 -4.43 .68 -.44
-7.71 -10.03 10.37 -4.43 .68 -.44
-7.71 -10.03 10.37 -1.60 .56 -.26
-7.09 -6.98 9.56 -1.60 .56 -.26
-7.09 -6.98 9.56 .41 .04 -.24
-5.32 -4.78 8.89 .41 .04 -.24
-5.32 -4.78 8.89 1.12 -.35 -.30
-5.03 -3.85 8.34 1.12 -.35 -.30
-5.03 -3.85 8.34 .94 -.42 -.29
-5.79 -3.65 8.14 .94 -.42 -.29
-5.79 -3.65 8.14 .41 -.40 -.26
-6.73 -3.97 7.95 .41 -.40 -.26
-6.73 -3.97 7.95 -.11 -.41 -.29
-6.81 -4.26 7.34 -.11 -.41 -.29
-6.81 -4.26 7.34 -.42 -.56 -.31
-6.51 -4.75 6.76 -.42 -.56 -.31
-6.51 -4.75 6.76 -.56 -.63 -.30
-6.61 -4.91 6.06 -.56 -.63 -.30
-6.61 -4.91 6.06 -.48 -.63 -.27
-6.50 -4.93 5.76 -.48 -.63 -.27
-6.50 -4.93 5.76 -.31 -.67 -.23
-6.62 -4.90 5.89 -.31 -.67 -.23
-6.62 -4.90 5.89 -.22 -.63 -.23
-6.78 -4.68 5.65 -.22 -.63 -.23
-6.78 -4.68 5.65 -.21 -.61 -.27
-6.25 -4.62 5.43 -.21 -.61 -.27
-6.25 -4.62 5.43 -.21 -.58 -.35
-6.12 -4.76 6.08 -.21 -.58 -.35
