-6.12 -4.76 6.08 -.16 -.44 -.40
-4.31 3.95 -18.42 -2.21 3.66 2.32
-4.31 3.95 -18.42 -3.32 5.67 3.58
-10.04 1.41 -18.20 -6.11 8.26 5.01
-10.04 1.41 -18.20 -3.32 5.67 3.58
-11.50 9.53 -13.77 -6.11 8.26 5.01
-11.50 9.53 -13.77 -10.42 10.35 6.25
-14.00 6.26 -6.64 -10.42 10.35 6.25
-14.00 6.26 -6.64 -9.25 12.34 7.99
-20.90 -18.78 -8.41 -9.25 12.34 7.99
-20.90 -18.78 -8.41 -5.47 13.12 8.96
-34.51 -32.31 2.46 -5.47 13.12 8.96
-34.51 -32.31 2.46 4.36 12.63 8.56
-44.06 -12.95 26.07 4.36 12.63 8.56
-44.06 -12.95 26.07 10.69 9.74 6.05
-33.39 1.92 35.88 10.69 9.74 6.05
-33.39 1.92 35.88 3.81 5.45 2.12
-20.55 -5.24 25.91 3.81 5.45 2.12
-20.55 -5.24 25.91 -3.82 2.23 .92
-15.48 -8.27 18.67 -3.82 2.23 .92
-15.48 -8.27 18.67 -6.92 .25 .41
-9.54 -11.86 14.16 -6.92 -.71 -.21
-9.54 -11.86 14.16 -6.92 .25 .41
-6.50 -13.54 12.30 -6.92 -.71 -.21
-6.50 -13.54 12.30 -2.90 -.63 -.01
-5.72 -8.32 11.27 -2.90 -.63 -.01
-5.72 -8.32 11.27 -.52 -.47 .10
-5.88 -5.48 10.24 -.52 -.47 .10
-5.54 -4.30 9.48 .46 -.37 .00
-5.88 -5.48 10.24 .46 -.37 .00
-5.54 -4.30 9.48 .57 -.47 -.18
-4.83 -4.06 8.77 .57 -.47 -.18
-4.83 -4.06 8.77 .29 -.57 -.32
-4.71 -3.89 8.00 .29 -.57 -.32
-4.71 -3.89 8.00 .16 -.53 -.34
-5.04 -3.80 7.56 .13 -.49 -.26
-5.04 -3.80 7.56 .16 -.53 -.34
-5.13 -4.06 7.43 .13 -.49 -.26
-5.13 -4.06 7.43 .09 -.47 -.17
-4.86 -4.12 7.02 .09 -.47 -.17
-4.86 -4.12 7.02 .04 -.46 -.04
-4.85 -4.27 6.81 .04 -.46 -.04
-4.85 -4.27 6.81 -.04 -.39 .07
