-5.17 -4.45 6.41 -.04 -.39 .07
-5.17 -4.45 6.41 -.20 -.36 .10
-4.86 -4.83 6.59 -.20 -.36 .10
-4.86 -4.83 6.59 -.32 -.37 .06
-5.15 -5.46 6.86 -.32 -.37 .06
-5.15 -5.46 6.86 -.29 -.26 .05
-5.47 -5.33 6.59 -.29 -.26 .05
-5.47 -5.33 6.59 -.21 -.29 .03
-4.18 5.78 -17.12 -.72 2.19 1.78
-4.18 5.78 -17.12 -1.60 3.75 2.59
-6.49 1.92 -15.42 -1.60 3.75 2.59
-6.49 1.92 -15.42 -3.85 6.51 3.54
-8.90 1.93 -13.36 -3.85 6.51 3.54
-8.90 1.93 -13.36 -6.60 9.98 5.06
-9.00 6.95 -8.05 -6.60 9.98 5.06
-9.00 6.95 -8.05 -5.79 11.65 6.59
-8.62 2.43 -3.64 -5.79 11.65 6.59
-8.62 2.43 -3.64 -3.09 13.36 6.91
-22.93 -9.24 3.19 -3.09 13.36 6.91
-22.93 -9.24 3.19 -5.17 14.01 5.58
-46.96 -33.73 20.12 -5.17 14.01 5.58
-46.96 -33.73 20.12 .84 11.64 5.79
-37.58 -13.44 34.41 .84 11.64 5.79
-37.58 -13.44 34.41 5.02 5.83 3.43
-22.64 -8.22 28.69 5.02 5.83 3.43
-22.64 -8.22 28.69 1.62 1.79 1.83
-11.53 -4.48 24.92 1.62 1.79 1.83
-11.53 -4.48 24.92 -2.21 -.61 .63
-5.86 -7.52 20.24 -2.21 -.61 .63
-5.86 -7.52 20.24 -5.10 -.84 -.36
-3.19 -6.49 17.79 -5.10 -.84 -.36
-2.99 -6.90 13.73 -5.27 -.82 -.11
-3.19 -6.49 17.79 -5.27 -.82 -.11
-2.99 -6.90 13.73 -3.89 -.36 -.17
-2.70 -6.80 11.04 -3.89 -.36 -.17
-2.70 -6.80 11.04 -1.68 -.25 -.15
-2.86 -5.88 9.73 -1.68 -.25 -.15
-2.86 -5.88 9.73 -.05 -.22 -.11
-3.01 -4.84 9.15 -.05 -.22 -.11
-3.01 -4.84 9.15 .74 -.23 -.09
-3.23 -4.05 8.30 .74 -.23 -.09
-3.23 -4.05 8.30 .96 -.26 .02
-3.52 -3.85 7.59 .96 -.26 .02
-3.52 -3.85 7.59 .79 -.24 .08
-3.71 -3.82 7.18 .79 -.24 .08
-3.71 -3.82 7.18 .40 -.21 .13
-3.92 -4.22 6.81 .40 -.21 .13
-3.92 -4.22 6.81 .05 -.12 .15
-4.03 -4.75 6.36 .05 -.12 .15
-4.03 -4.75 6.36 -.17 -.09 .18
-4.01 -5.29 6.17 -.17 -.09 .18
-4.01 -5.29 6.17 -.17 .01 .20
-4.46 -5.46 6.88 -.17 .01 .20
-4.46 -5.46 6.88 .02 .12 .26
-4.87 -4.92 6.95 .02 .12 .26
-4.87 -4.92 6.95 .01 .11 .25
-4.29 -4.95 6.99 -.07 .10 .13
-4.29 -4.95 6.99 .01 .11 .25
-10.48 -4.23 -4.13 -8.55 10.32 7.31
-10.48 -4.23 -4.13 -5.66 12.21 8.50
-18.19 -27.57 -6.35 -5.66 12.21 8.50
-18.19 -27.57 -6.35 -.02 13.21 8.52
-29.71 -20.85 3.37 -.02 13.21 8.52
-29.71 -20.85 3.37 6.49 12.27 5.97
-38.30 -7.76 18.82 6.49 12.27 5.97
-38.30 -7.76 18.82 8.07 9.52 3.85
-26.95 10.01 27.76 8.07 9.52 3.85
-26.95 10.01 27.76 3.76 4.67 2.20
-19.69 4.22 23.40 3.76 4.67 2.20
-19.69 4.22 23.40 -2.62 3.28 1.84
-19.18 -3.44 18.69 -2.62 3.28 1.84
-19.18 -3.44 18.69 -5.86 1.57 1.17
-12.57 -8.13 16.80 -5.86 1.57 1.17
-12.57 -8.13 16.80 -6.68 .19 .31
-10.05 -10.45 13.98 -6.68 .19 .31
-11.05 -10.33 12.02 -5.36 .71 -.35
-10.05 -10.45 13.98 -5.36 .71 -.35
-11.05 -10.33 12.02 -3.01 .77 -.50
-9.93 -7.46 10.97 -3.01 .77 -.50
-9.93 -7.46 10.97 -.82 .29 -.70
-8.28 -2.34 10.40 -.82 .29 -.70
-8.28 -2.34 10.40 .68 -.28 -.30
-6.97 -1.48 9.71 .68 -.28 -.30
-6.97 -1.48 9.71 .68 -.72 -.22
-6.57 -2.03 8.50 .68 -.72 -.22
-6.57 -2.03 8.50 .43 -.80 -.47
-5.72 -2.54 7.90 .43 -.80 -.47
-5.72 -2.54 7.90 .04 -.79 -.34
