-5.78 -2.99 7.06 .04 -.79 -.34
-5.78 -2.99 7.06 -.46 -.61 -.17
-6.16 -3.66 6.06 -.46 -.61 -.17
-6.16 -3.66 6.06 -.67 -.49 -.09
-6.12 -4.10 5.33 -.67 -.49 -.09
-6.12 -4.10 5.33 -.43 -.46 -.02
-5.84 -4.43 5.16 -.43 -.46 -.02
-5.84 -4.43 5.16 -.06 -.36 .07
-5.97 -4.21 5.35 -.06 -.36 .07
-5.97 -4.21 5.35 .20 -.21 .20
-6.23 -4.00 5.53 .20 -.21 .20
-6.23 -4.00 5.53 .24 -.09 .28
-6.42 -3.91 5.48 .24 -.09 .28
-6.42 -3.91 5.48 .16 .00 .26
-6.44 -3.98 5.31 .16 .00 .26
-6.44 -3.98 5.31 .00 .05 .22
-6.37 -4.16 5.31 .00 .05 .22
-6.37 -4.16 5.31 -.10 .08 .19
-6.68 -4.27 5.72 -.10 .08 .19
-6.68 -4.27 5.72 -.15 .11 .17
-4.47 7.09 -16.55 -3.17 4.32 4.09
-9.05 6.48 -20.89 -3.98 5.34 5.16
-4.47 7.09 -16.55 -3.98 5.34 5.16
-9.05 6.48 -20.89 -4.79 7.07 6.57
-15.44 5.83 -12.67 -4.79 7.07 6.57
-15.44 5.83 -12.67 -7.44 9.44 7.76
-14.97 6.55 -6.19 -7.44 9.44 7.76
-14.97 6.55 -6.19 -8.76 11.21 9.10
-25.11 -22.98 -5.77 -8.76 11.21 9.10
-25.11 -22.98 -5.77 -1.70 13.78 9.80
-42.97 -22.13 .39 -1.70 13.78 9.80
-42.97 -22.13 .39 3.03 13.24 8.87
-50.20 -19.65 26.14 3.03 13.24 8.87
-50.20 -19.65 26.14 8.46 9.60 5.71
-32.81 1.48 33.81 8.46 9.60 5.71
-32.81 1.48 33.81 5.64 4.41 3.07
-20.86 .63 28.04 5.64 4.41 3.07
-20.86 .63 28.04 -1.91 1.75 2.08
-14.88 -4.76 19.45 -1.91 1.75 2.08
-14.88 -4.76 19.45 -7.29 .47 .93
-10.49 -10.75 13.28 -7.29 .47 .93
-10.49 -10.75 13.28 -7.43 -.13 .00
-7.47 -15.63 11.00 -7.43 -.13 .00
-7.47 -15.63 11.00 -3.62 .09 .19
-7.89 -10.16 10.26 -3.62 .09 .19
-7.89 -10.16 10.26 -.08 .08 .21
-7.18 -6.45 9.57 -.08 .08 .21
-7.18 -6.45 9.57 1.39 -.08 -.10
-5.99 -3.69 9.36 1.39 -.08 -.10
-5.99 -3.69 9.36 1.41 -.32 -.27
-5.03 -3.26 7.96 1.41 -.32 -.27
-5.03 -3.26 7.96 .56 -.42 -.32
-4.76 -3.09 6.76 .56 -.42 -.32
-4.76 -3.09 6.76 -.18 -.41 -.24
-4.82 -3.55 6.26 -.18 -.41 -.24
-4.82 -3.55 6.26 -.55 -.31 -.10
-4.98 -4.06 5.73 -.55 -.31 -.10
-4.98 -4.06 5.73 -.54 -.21 .02
-4.85 -4.79 5.39 -.54 -.21 .02
-4.85 -4.79 5.39 -.24 -.05 .19
-5.34 -4.80 5.08 -.24 -.05 .19
-5.34 -4.80 5.08 .17 .13 .41
-5.63 -4.83 5.01 .17 .13 .41
-5.63 -4.83 5.01 .41 .28 .53
-6.05 -4.94 5.16 .41 .28 .53
-6.05 -4.94 5.16 .58 .50 .61
-6.81 -4.45 5.48 .58 .50 .61
-6.81 -4.45 5.48 .76 .60 .68
-7.33 -3.99 5.59 .76 .60 .68
