-7.33 -3.99 5.59 .73 .58 .58
-3.14 7.15 -19.92 -2.94 3.73 2.04
-3.14 7.15 -19.92 -3.61 5.20 3.10
-13.00 -.44 -16.50 -3.61 5.20 3.10
-13.00 -.44 -16.50 -4.85 7.53 4.23
-9.72 .65 -11.26 -4.85 7.53 4.23
-9.72 .65 -11.26 -8.36 10.51 4.98
-7.16 12.04 -9.83 -8.36 10.51 4.98
-7.16 12.04 -9.83 -8.05 11.92 7.81
-15.03 -3.85 -21.38 -8.05 11.92 7.81
-15.03 -3.85 -21.38 -1.76 15.79 8.51
-55.96 -32.70 3.19 -1.76 15.79 8.51
-55.96 -32.70 3.19 .38 17.51 5.87
-51.78 -10.92 39.65 .38 17.51 5.87
-51.78 -10.92 39.65 8.91 8.95 5.23
-33.71 1.92 38.33 8.91 8.95 5.23
-33.71 1.92 38.33 1.82 4.09 2.14
-20.44 -6.40 23.69 1.82 4.09 2.14
-20.44 -6.40 23.69 -4.45 .91 1.12
-11.98 -10.21 18.38 -4.45 .91 1.12
-11.98 -10.21 18.38 -6.76 -.59 -.02
-7.29 -13.80 17.36 -6.76 -.59 -.02
-7.29 -13.80 17.36 -6.82 -.13 -1.04
-6.88 -15.60 13.08 -6.82 -.13 -1.04
-6.88 -15.60 13.08 -3.55 .56 -.81
-7.37 -9.73 10.79 -3.55 .56 -.81
-7.37 -9.73 10.79 .39 .52 -.47
-6.27 -4.56 10.23 .39 .52 -.47
-6.27 -4.56 10.23 1.80 .27 -.57
-5.51 -.04 11.07 1.80 .27 -.57
-5.51 -.04 11.07 1.72 -.24 -.38
-4.43 -1.40 9.38 1.72 -.24 -.38
-4.43 -1.40 9.38 .73 -.34 -.60
-3.88 -2.37 7.28 .73 -.34 -.60
-3.88 -2.37 7.28 .16 -.42 -.51
-3.90 -2.99 5.71 .16 -.42 -.51
-3.90 -2.99 5.71 .29 -.12 -.12
-4.72 -3.09 5.26 .29 -.12 -.12
-4.72 -3.09 5.26 .49 .08 .00
-5.13 -3.21 5.39 .49 .08 .00
-5.78 -2.90 5.91 .71 .20 .21
-5.13 -3.21 5.39 .71 .20 .21
-5.78 -2.90 5.91 .57 .35 .37
-6.42 -3.09 6.33 .57 .35 .37
-6.42 -3.09 6.33 .17 .41 .51
-7.01 -3.67 6.28 .17 .41 .51
-7.01 -3.67 6.28 -.09 .44 .56
-7.08 -3.87 6.08 -.09 .44 .56
-7.08 -3.87 6.08 -.20 .33 .55
