-6.71 -4.04 6.15 -.20 .33 .55
-6.71 -4.04 6.15 -.25 .27 .48
1.19 7.94 -19.93 -3.06 2.50 1.23
1.19 7.94 -19.93 -4.30 3.29 1.77
-.61 7.18 -24.61 -4.30 3.29 1.77
-.61 7.18 -24.61 -4.35 5.76 2.77
-14.93 1.81 -16.09 -4.35 5.76 2.77
-14.93 1.81 -16.09 -6.46 9.42 4.62
-12.78 13.34 -11.86 -6.46 9.42 4.62
-12.78 13.34 -11.86 -7.05 11.26 7.08
-11.23 12.20 -18.29 -7.05 11.26 7.08
-11.23 12.20 -18.29 -5.16 14.46 9.00
-43.07 -21.24 -7.03 -5.16 14.46 9.00
-43.07 -21.24 -7.03 -4.69 17.21 5.88
-47.68 -36.35 17.78 -4.69 17.21 5.88
-47.68 -36.35 17.78 6.01 9.95 7.39
-36.22 -2.62 38.36 6.01 9.95 7.39
-36.22 -2.62 38.36 10.32 6.36 4.55
-24.73 6.22 37.19 10.32 6.36 4.55
-24.73 6.22 37.19 3.18 2.73 2.59
-16.00 -1.47 25.73 3.18 2.73 2.59
-16.00 -1.47 25.73 -4.75 1.14 .96
-12.05 -7.17 18.01 -4.75 1.14 .96
-12.05 -7.17 18.01 -7.91 .14 -.25
-6.30 -10.36 13.60 -7.91 .14 -.25
-6.30 -10.36 13.60 -7.43 -.32 -.66
-5.03 -12.30 10.67 -7.43 -.32 -.66
-5.03 -12.30 10.67 -4.14 -.05 -.19
-5.86 -7.89 9.79 -4.14 -.05 -.19
-5.86 -7.89 9.79 -.77 -.11 .21
-5.83 -5.07 9.61 -.77 -.11 .21
-5.83 -5.07 9.61 .57 -.21 .09
-5.60 -3.94 8.84 .57 -.21 .09
-5.60 -3.94 8.84 .71 -.33 .00
-4.78 -3.54 7.55 .71 -.33 .00
-4.78 -3.54 7.55 .29 -.43 -.07
-4.51 -2.92 7.03 .29 -.43 -.07
-4.51 -2.92 7.03 -.09 -.36 -.06
-4.83 -3.19 6.98 -.09 -.36 -.06
-4.83 -3.19 6.98 -.39 -.19 -.05
-5.53 -3.63 6.68 -.39 -.19 -.05
-5.53 -3.63 6.68 -.44 -.07 .00
-5.43 -3.95 6.37 -.37 -.04 .06
-5.43 -3.95 6.37 -.44 -.07 .00
-5.28 -4.14 6.00 -.28 .03 .11
-5.28 -4.14 6.00 -.37 -.04 .06
-5.68 -4.32 6.25 -.20 .16 .20
-5.68 -4.32 6.25 -.28 .03 .11
-6.60 -4.40 6.67 -.16 .23 .25
-6.60 -4.40 6.67 -.20 .16 .20
-7.12 -4.40 6.72 -.22 .16 .20
