-7.12 -4.40 6.72 -.16 .23 .25
-30.47 -1.66 12.56 -.49 13.80 4.13
-30.47 -1.66 12.56 -2.67 14.80 3.11
-44.10 -15.78 24.42 -2.67 14.80 3.11
-44.10 -15.78 24.42 -2.11 10.71 2.81
-35.23 -15.21 26.06 -2.11 10.71 2.81
-35.23 -15.21 26.06 -.39 4.82 2.49
-20.01 -10.40 20.82 -.39 4.82 2.49
-20.01 -10.40 20.82 -.77 1.48 2.63
-14.10 -10.38 20.42 -.77 1.48 2.63
-14.10 -10.38 20.42 -1.61 -.11 1.59
-8.98 -8.33 19.84 -1.61 -.11 1.59
-8.98 -8.33 19.84 -2.62 -.43 .31
-7.51 -8.72 16.62 -2.62 -.43 .31
-7.51 -8.72 16.62 -3.24 -.09 -.21
-5.92 -6.56 12.50 -3.24 -.09 -.21
-5.92 -6.56 12.50 -2.47 -.02 -.43
-6.02 -4.81 10.62 -2.47 -.02 -.43
-6.02 -4.81 10.62 -1.51 -.01 -.50
-5.76 -4.43 9.20 -1.51 -.01 -.50
-5.76 -4.43 9.20 -.89 -.26 -.73
-4.89 -4.44 8.49 -.89 -.26 -.73
-4.22 -3.54 7.94 -.18 -.56 -.75
-4.89 -4.44 8.49 -.18 -.56 -.75
-4.22 -3.54 7.94 .38 -.71 -.49
-4.20 -2.57 7.51 .38 -.71 -.49
-4.20 -2.57 7.51 .56 -.64 -.26
-4.25 -2.45 7.25 .56 -.64 -.26
-4.25 -2.45 7.25 .36 -.47 -.17
-4.65 -2.92 7.39 .18 -.24 -.13
-4.65 -2.92 7.39 .36 -.47 -.17
-4.87 -3.14 7.18 .18 -.24 -.13
-4.87 -3.14 7.18 .09 -.12 -.05
-5.09 -3.91 6.81 .09 -.12 -.05
-5.09 -3.91 6.81 .05 .01 .02
-5.47 -4.05 6.70 .05 .01 .02
-5.47 -4.05 6.70 .13 .05 .13
-5.71 -3.87 6.98 .13 .05 .13
