-5.71 -3.87 6.98 .22 .04 .17
-5.93 -3.76 7.47 .22 .04 .17
-5.93 -3.76 7.47 .13 -.02 .14
-5.82 -3.85 7.24 .13 -.02 .14
-5.82 -3.85 7.24 -.03 -.14 .09
-5.52 -4.14 6.98 -.03 -.14 .09
-5.52 -4.14 6.98 -.19 -.18 .05
-5.62 -4.11 6.81 -.19 -.18 .05
-5.62 -4.11 6.81 -.30 -.22 .05
-5.32 -4.32 7.10 -.30 -.22 .05
-5.32 -4.32 7.10 -.26 -.23 .00
-5.43 -4.36 7.69 -.26 -.23 .00
-5.43 -4.36 7.69 -.17 -.19 .05
2.60 5.38 -12.87 -1.40 2.33 1.41
2.60 5.38 -12.87 -2.90 3.01 1.63
.03 2.99 -17.31 -2.90 3.01 1.63
.03 2.99 -17.31 -3.12 4.47 2.11
-9.31 -.56 -14.38 -3.12 4.47 2.11
-9.31 -.56 -14.38 -4.26 7.02 3.25
-10.21 3.27 -11.34 -4.26 7.02 3.25
-10.21 3.27 -11.34 -7.01 10.31 4.42
-8.56 9.08 -7.01 -7.01 10.31 4.42
-8.56 9.08 -7.01 -6.41 11.99 6.64
-13.47 -4.00 -14.11 -6.41 11.99 6.64
-13.47 -4.00 -14.11 -2.55 15.63 7.60
-42.17 -18.42 -1.49 -2.55 15.63 7.60
-42.17 -18.42 -1.49 -1.81 15.89 5.61
-46.81 -21.49 24.08 6.25 9.82 5.50
-46.81 -21.49 24.08 -1.81 15.89 5.61
-34.04 -3.75 33.63 6.25 9.82 5.50
-34.04 -3.75 33.63 6.13 5.60 2.68
-21.11 2.52 30.75 6.13 5.60 2.68
-21.11 2.52 30.75 .68 2.54 1.86
-16.76 -1.60 22.89 .68 2.54 1.86
-16.76 -1.60 22.89 -4.47 1.32 .79
-12.92 -6.10 17.95 -4.47 1.32 .79
-8.98 -9.77 14.35 -6.63 .28 -.24
-12.92 -6.10 17.95 -6.63 .28 -.24
-8.98 -9.77 14.35 -5.99 -.04 -.69
-7.94 -9.45 11.27 -5.99 -.04 -.69
-7.94 -9.45 11.27 -3.28 -.11 -.40
-7.39 -6.88 9.59 -3.28 -.11 -.40
-7.39 -6.88 9.59 -1.03 -.34 -.37
-6.03 -4.92 8.78 -1.03 -.34 -.37
-6.03 -4.92 8.78 -.03 -.58 -.45
-4.85 -3.72 7.89 -.03 -.58 -.45
-4.85 -3.72 7.89 .36 -.68 -.31
-4.96 -2.45 7.58 .36 -.68 -.31
-4.96 -2.45 7.58 .52 -.64 -.09
-5.28 -2.29 7.19 .52 -.64 -.09
-5.28 -2.29 7.19 .29 -.46 -.14
-5.71 -2.50 6.70 .29 -.46 -.14
-5.71 -2.50 6.70 .03 -.36 -.07
-5.64 -3.13 6.06 .03 -.36 -.07
-5.64 -3.13 6.06 -.12 -.23 -.05
-5.63 -3.62 5.66 -.12 -.23 -.05
-5.63 -3.62 5.66 -.05 -.08 .03
-6.18 -3.97 5.77 -.05 -.08 .03
-6.18 -3.97 5.77 .15 .11 .15
-6.67 -3.85 6.20 .15 .11 .15
-6.67 -3.85 6.20 .16 .14 .19
-6.95 -3.78 6.39 .16 .14 .19
