-6.95 -3.78 6.39 .05 .15 .17
2.65 4.95 -13.40 -1.87 1.62 1.42
2.65 4.95 -13.40 -2.78 3.61 2.35
-2.98 3.93 -16.92 -2.78 3.61 2.35
-2.98 3.93 -16.92 -3.08 5.20 3.35
-11.03 .66 -17.29 -3.08 5.20 3.35
-11.03 .66 -17.29 -3.98 7.43 4.11
-11.01 3.37 -14.31 -3.98 7.43 4.11
-11.01 3.37 -14.31 -5.76 10.59 5.17
-10.82 8.47 -12.99 -5.76 10.59 5.17
-10.82 8.47 -12.99 -5.18 12.75 7.12
-19.27 -4.46 -11.19 -5.18 12.75 7.12
-19.27 -4.46 -11.19 -5.33 16.64 6.74
-50.69 -28.99 .13 -5.33 16.64 6.74
-50.69 -28.99 .13 -3.64 15.03 6.98
-45.81 -24.28 26.11 -3.64 15.03 6.98
-45.81 -24.28 26.11 7.06 10.35 5.14
-38.09 -10.08 32.33 7.06 10.35 5.14
-38.09 -10.08 32.33 7.08 6.67 2.70
-23.14 2.41 32.16 7.08 6.67 2.70
-23.14 2.41 32.16 3.14 2.82 1.42
-13.75 .44 26.03 3.14 2.82 1.42
-13.75 .44 26.03 -3.21 1.49 -.20
-11.35 -5.75 19.14 -3.21 1.49 -.20
-11.35 -5.75 19.14 -6.19 1.13 -1.02
-8.33 -6.01 15.99 -6.19 1.13 -1.02
-8.33 -6.01 15.99 -5.38 .61 -1.01
-7.36 -2.97 16.58 -5.38 .61 -1.01
-7.36 -2.97 16.58 -3.86 -.18 -.01
-7.96 -4.55 13.79 -3.86 -.18 -.01
-7.96 -4.55 13.79 -2.66 -.46 -.18
-6.74 -4.75 10.39 -2.66 -.46 -.18
-6.74 -4.75 10.39 -.39 -1.10 -.16
-4.68 -4.06 8.42 -.39 -1.10 -.16
-4.68 -4.06 8.42 .79 -1.30 -.18
-3.60 -3.77 7.02 .79 -1.30 -.18
-3.60 -3.77 7.02 .94 -1.01 -.07
-4.43 -2.40 7.06 .94 -1.01 -.07
-4.43 -2.40 7.06 .55 -.73 .29
-5.57 -2.78 7.10 .55 -.73 .29
-5.57 -2.78 7.10 -.10 -.49 .14
-5.37 -3.60 6.69 -.42 -.42 .08
-5.37 -3.60 6.69 -.10 -.49 .14
-4.80 -4.39 6.06 -.42 -.42 .08
-4.80 -4.39 6.06 -.44 -.26 .24
-5.22 -4.76 5.62 -.44 -.26 .24
-5.22 -4.76 5.62 -.16 .00 .38
-5.69 -4.64 5.73 -.16 .00 .38
-5.69 -4.64 5.73 .16 .12 .47
