-4.70 -1.64 9.28 1.25 -.05 -.18
3.14 7.16 -12.89 -1.15 1.23 .71
3.14 7.16 -12.89 -2.85 2.13 1.28
1.01 8.10 -15.73 -5.88 3.87 1.97
1.01 8.10 -15.73 -2.85 2.13 1.28
-5.81 5.77 -12.72 -5.88 3.87 1.97
-5.81 5.77 -12.72 -10.39 6.73 3.58
-6.79 19.15 -20.00 -10.39 6.73 3.58
-6.79 19.15 -20.00 -12.12 8.22 7.00
-5.89 .01 -23.46 -4.31 11.14 8.77
-5.89 .01 -23.46 -12.12 8.22 7.00
-25.33 -25.54 -4.48 -4.31 11.14 8.77
-25.33 -25.54 -4.48 3.47 15.46 8.08
-46.43 -10.76 21.55 3.47 15.46 8.08
-46.43 -10.76 21.55 4.91 10.57 6.11
-23.73 -11.48 33.51 4.91 10.57 6.11
-23.73 -11.48 33.51 1.80 6.44 2.89
-20.14 -8.71 31.43 1.80 6.44 2.89
-20.14 -8.71 31.43 -2.31 3.72 2.16
-13.73 -19.79 34.91 -2.31 3.72 2.16
-13.73 -19.79 34.91 -3.99 1.43 2.00
-5.73 -28.04 27.22 -3.99 1.43 2.00
-5.73 -28.04 27.22 -1.36 -.17 1.18
-4.86 -10.07 15.80 .36 -.41 .24
-4.86 -10.07 15.80 -1.36 -.17 1.18
-4.04 -4.76 12.66 .36 -.41 .24
-4.04 -4.76 12.66 .20 -1.05 -.80
-2.79 -3.94 11.12 .20 -1.05 -.80
-2.79 -3.94 11.12 -.40 -1.27 -1.08
-3.19 -3.44 8.76 -.40 -1.27 -1.08
-3.19 -3.44 8.76 -.41 -1.10 -1.10
-3.52 -2.38 6.44 -.41 -1.10 -1.10
-3.52 -2.38 6.44 -.04 -.97 -.88
-2.71 -1.54 4.61 -.04 -.97 -.88
-2.71 -1.54 4.61 .22 -.85 -.67
-2.44 -1.43 3.89 .22 -.85 -.67
-2.44 -1.43 3.89 .21 -.58 -.45
-2.65 -1.66 3.70 .21 -.58 -.45
-2.65 -1.66 3.70 .04 -.29 -.18
-3.08 -2.20 4.59 .04 -.29 -.18
-3.08 -2.20 4.59 -.05 -.01 .12
-3.45 -3.03 5.99 -.05 -.01 .12
-3.45 -3.03 5.99 -.17 .20 .34
-3.15 -4.01 7.44 -.17 .20 .34
-3.15 -4.01 7.44 -.23 .41 .60
-3.13 -5.41 8.67 -.23 .41 .60
-3.13 -5.41 8.67 -.25 .67 .73
-3.43 -7.07 9.24 -.25 .67 .73
-3.43 -7.07 9.24 .00 .86 .67
-3.66 -7.47 9.65 .00 .86 .67
