-6.36 -4.34 6.20 .16 .12 .47
-6.36 -4.34 6.20 .30 .18 .45
-3.48 6.58 -13.44 -2.14 1.89 1.96
-3.48 6.58 -13.44 -2.13 3.39 3.50
-8.23 4.20 -17.59 -2.13 3.39 3.50
-8.23 4.20 -17.59 -3.12 5.17 4.93
-9.23 6.06 -19.09 -3.12 5.17 4.93
-9.23 6.06 -19.09 -6.08 7.90 5.80
-9.57 13.88 -16.26 -6.08 7.90 5.80
-9.57 13.88 -16.26 -6.05 10.71 7.71
-11.19 3.50 -9.41 -6.05 10.71 7.71
-11.19 3.50 -9.41 -1.81 14.07 8.14
-29.53 -6.85 -2.29 -1.81 14.07 8.14
-29.53 -6.85 -2.29 -2.64 15.57 7.55
-48.48 -21.89 13.14 -2.64 15.57 7.55
-48.48 -21.89 13.14 2.04 13.56 7.48
-49.45 -18.43 29.14 2.04 13.56 7.48
-49.45 -18.43 29.14 4.83 9.44 4.94
-31.50 -8.47 25.79 4.83 9.44 4.94
-31.50 -8.47 25.79 3.48 4.86 3.27
-20.09 -4.54 25.38 3.48 4.86 3.27
-20.09 -4.54 25.38 -.44 2.42 1.52
-14.44 -7.32 21.35 -.44 2.42 1.52
-14.44 -7.32 21.35 -3.70 1.57 .05
-11.53 -9.22 17.98 -3.70 1.57 .05
-11.53 -9.22 17.98 -4.88 1.23 -.79
-9.19 -9.47 13.66 -4.88 1.23 -.79
-9.19 -9.47 13.66 -4.19 .86 -1.04
-7.89 -9.71 10.37 -4.19 .86 -1.04
-7.89 -9.71 10.37 -2.59 .56 -.97
-7.01 -7.99 9.35 -2.59 .56 -.97
-7.01 -7.99 9.35 -.55 .16 -.76
-5.89 -3.56 10.36 -.55 .16 -.76
-5.89 -3.56 10.36 .65 -.45 -.41
-5.92 -3.12 9.55 .65 -.45 -.41
-5.92 -3.12 9.55 1.15 -.60 -.24
-5.54 -1.76 8.24 1.15 -.60 -.24
-5.54 -1.76 8.24 1.17 -.70 -.13
-5.42 -1.82 7.36 1.17 -.70 -.13
-5.42 -1.82 7.36 .94 -.50 -.11
-5.70 -1.91 7.46 .94 -.50 -.11
-5.70 -1.91 7.46 .45 -.28 -.14
-6.20 -2.92 7.07 .45 -.28 -.14
-6.20 -2.92 7.07 -.07 -.03 -.13
-6.83 -3.46 6.32 -.07 -.03 -.13
-6.83 -3.46 6.32 -.29 .06 -.03
-6.94 -4.07 5.57 -.29 .06 -.03
-6.94 -4.07 5.57 -.20 .07 .08
-7.10 -4.34 5.43 -.20 .07 .08
-7.10 -4.34 5.43 .30 .08 .19
-7.66 -3.98 5.84 .30 .08 .19
