-7.66 -3.98 5.84 .39 -.01 .17
-3.31 3.10 -21.25 -2.13 3.76 2.37
-3.31 3.10 -21.25 -3.34 7.40 4.07
-10.38 3.28 -23.42 -3.34 7.40 4.07
-10.38 3.28 -23.42 -4.34 10.74 5.54
-12.21 8.02 -22.24 -4.34 10.74 5.54
-12.21 8.02 -22.24 -3.44 14.66 5.99
-33.38 -1.28 -7.21 -3.44 14.66 5.99
-33.38 -1.28 -7.21 -6.13 18.14 4.51
-48.71 -37.56 5.13 -6.13 18.14 4.51
-48.71 -37.56 5.13 -5.61 13.70 3.53
-44.06 -22.00 29.58 -5.61 13.70 3.53
-44.06 -22.00 29.58 3.03 9.55 3.92
-27.76 -10.39 36.81 3.03 9.55 3.92
-27.76 -10.39 36.81 3.28 5.38 1.77
-17.85 -3.86 32.27 3.28 5.38 1.77
-17.85 -3.86 32.27 .11 2.62 1.70
-12.20 -5.86 25.52 .11 2.62 1.70
-12.20 -5.86 25.52 -3.93 1.13 .82
-9.01 -7.58 20.34 -3.93 1.13 .82
-9.01 -7.58 20.34 -5.81 .42 .18
-6.76 -10.69 15.38 -5.81 .42 .18
-6.76 -10.69 15.38 -5.09 .18 .01
-6.65 -9.20 13.74 -5.09 .18 .01
-6.65 -9.20 13.74 -2.30 .01 .06
-6.77 -5.05 14.09 -2.30 .01 .06
-6.77 -5.05 14.09 -.50 -.47 .11
-6.26 -4.23 11.01 -.50 -.47 .11
-6.26 -4.23 11.01 .56 -.68 -.10
-4.78 -3.74 8.65 .56 -.68 -.10
-4.78 -3.74 8.65 1.29 -.77 -.23
-4.18 -3.70 7.34 1.29 -.77 -.23
-4.18 -3.70 7.34 1.47 -.59 -.16
-4.85 -2.41 7.39 1.47 -.59 -.16
-4.85 -2.41 7.39 1.06 -.43 -.13
-5.13 -2.97 7.13 1.06 -.43 -.13
-5.13 -2.97 7.13 .30 -.25 -.20
-5.05 -3.83 6.58 .30 -.25 -.20
-5.05 -3.83 6.58 .08 -.11 -.13
-5.12 -4.03 6.12 .08 -.11 -.13
-5.12 -4.03 6.12 .16 .00 .04
-5.39 -4.18 5.85 .16 .00 .04
-5.39 -4.18 5.85 .19 .11 .14
-5.74 -4.39 6.07 .19 .11 .14
-6.26 -4.29 6.27 .15 .16 .18
-5.74 -4.39 6.07 .15 .16 .18
-6.26 -4.29 6.27 .10 .14 .19
-6.39 -4.12 6.52 .10 .14 .19
-6.39 -4.12 6.52 .00 .07 .13
-6.27 -4.07 6.72 .00 .07 .13
