-6.27 -4.07 6.72 -.12 .01 .05
.64 4.43 -19.57 -1.58 2.59 1.60
.64 4.43 -19.57 -2.17 3.77 2.03
-1.39 .37 -19.42 -2.17 3.77 2.03
-1.39 .37 -19.42 -2.23 6.58 2.84
-9.27 -.65 -13.57 -2.23 6.58 2.84
-9.27 -.65 -13.57 -4.02 9.89 3.73
-7.02 5.68 -18.91 -4.41 12.93 4.57
-7.02 5.68 -18.91 -4.02 9.89 3.73
-19.68 4.41 -14.55 -4.41 12.93 4.57
-19.68 4.41 -14.55 -6.46 17.19 3.50
-46.65 -25.50 8.37 -6.46 17.19 3.50
-46.65 -25.50 8.37 -9.44 15.09 2.80
-35.06 -27.89 22.70 -9.44 15.09 2.80
-35.06 -27.89 22.70 .72 10.46 3.95
-31.09 -15.23 32.16 .72 10.46 3.95
-31.09 -15.23 32.16 4.63 7.03 3.10
-20.76 -4.03 33.21 4.63 7.03 3.10
-20.76 -4.03 33.21 2.98 4.05 2.19
-14.24 -3.20 27.67 2.98 4.05 2.19
-14.24 -3.20 27.67 -1.32 2.10 1.23
-10.56 -5.90 20.99 -1.32 2.10 1.23
-10.56 -5.90 20.99 -4.10 1.22 .49
-8.31 -7.91 16.21 -4.10 1.22 .49
-8.31 -7.91 16.21 -4.60 .77 .04
-7.71 -8.47 13.65 -4.60 .77 .04
-7.71 -8.47 13.65 -3.21 .46 -.12
-7.21 -6.75 11.90 -3.21 .46 -.12
-7.21 -6.75 11.90 -1.60 -.05 -.26
-6.06 -4.73 10.49 -1.60 -.05 -.26
-6.06 -4.73 10.49 -.57 -.57 -.21
-5.14 -3.37 9.22 -.57 -.57 -.21
-5.14 -3.37 9.22 -.05 -.83 -.01
-4.49 -3.14 8.19 -.05 -.83 -.01
-4.49 -3.14 8.19 .13 -.92 .03
-4.17 -2.99 7.40 .13 -.92 .03
-4.17 -2.99 7.40 -.04 -.65 .07
-4.70 -3.33 7.25 -.04 -.65 .07
-4.70 -3.33 7.25 -.20 -.43 .10
-5.06 -3.43 7.16 -.20 -.43 .10
-4.92 -3.93 7.00 -.23 -.34 .19
-5.06 -3.43 7.16 -.23 -.34 .19
-4.92 -3.93 7.00 -.21 -.17 .20
-5.35 -4.07 6.83 -.21 -.17 .20
-5.35 -4.07 6.83 -.13 -.03 .23
-5.79 -4.08 6.90 -.13 -.03 .23
-5.79 -4.08 6.90 -.04 .02 .20
-6.16 -4.24 6.94 -.04 .02 .20
-6.16 -4.24 6.94 -.04 .01 .14
-6.24 -4.48 6.95 -.04 .01 .14
