-6.24 -4.48 6.95 -.09 -.02 .08
-12.67 .77 -17.83 -3.49 5.56 4.30
-12.67 .77 -17.83 -5.15 8.52 5.62
-13.33 5.95 -15.83 -5.15 8.52 5.62
-13.33 5.95 -15.83 -6.71 11.15 7.08
-16.15 7.57 -9.75 -6.71 11.15 7.08
-16.15 7.57 -9.75 -7.87 13.59 8.59
-33.45 -20.35 8.28 -7.87 13.59 8.59
-33.45 -20.35 8.28 -7.44 15.33 7.73
-39.29 -33.75 3.69 -7.44 15.33 7.73
-39.29 -33.75 3.69 -3.07 11.75 8.00
-45.35 -31.17 28.18 5.16 8.45 5.03
-45.35 -31.17 28.18 -3.07 11.75 8.00
-27.33 -14.28 36.65 5.16 8.45 5.03
-27.33 -14.28 36.65 3.84 4.03 2.71
-15.44 -9.12 31.91 3.84 4.03 2.71
-15.44 -9.12 31.91 .79 .70 1.64
-7.48 -9.91 25.84 .79 .70 1.64
-7.48 -9.91 25.84 -2.00 -.54 .54
-4.77 -7.91 20.49 -2.00 -.54 .54
-4.77 -7.91 20.49 -3.55 -.45 .16
-3.32 -7.36 14.92 -3.55 -.45 .16
-3.32 -7.36 14.92 -3.74 -.30 -.23
-2.60 -7.12 10.69 -3.74 -.30 -.23
-2.60 -7.12 10.69 -2.56 -.19 -.53
-3.50 -7.57 8.79 -2.56 -.19 -.53
-3.50 -7.57 8.79 -.85 -.06 -.76
-3.83 -6.20 8.23 .88 -.28 -.62
-3.83 -6.20 8.23 -.85 -.06 -.76
-3.53 -4.53 7.38 .88 -.28 -.62
-3.53 -4.53 7.38 1.76 -.42 -.35
-3.58 -3.51 6.69 1.76 -.42 -.35
-3.58 -3.51 6.69 1.92 -.42 -.14
-3.97 -3.10 6.97 1.92 -.42 -.14
-3.97 -3.10 6.97 1.58 -.33 -.01
