-4.36 -3.41 7.08 1.58 -.33 -.01
-4.36 -3.41 7.08 .84 -.22 .00
-4.52 -4.16 6.54 .84 -.22 .00
-4.52 -4.16 6.54 .15 -.11 .02
-4.78 -4.95 6.28 .15 -.11 .02
-4.78 -4.95 6.28 -.06 .04 .07
-5.38 -5.41 6.10 -.06 .04 .07
-5.38 -5.41 6.10 -.08 .13 .12
-5.64 -5.54 6.23 -.08 .13 .12
-5.64 -5.54 6.23 .05 .13 .13
-5.75 -5.02 6.35 .05 .13 .13
-5.75 -5.02 6.35 .08 .08 .09
-5.59 -4.92 6.90 .08 .08 .09
-5.59 -4.92 6.90 .05 .04 .00
-5.68 -4.45 7.16 .05 .04 .00
-5.68 -4.45 7.16 -.04 -.03 -.03
3.01 3.53 -13.48 -2.32 1.98 1.35
3.01 3.53 -13.48 -3.01 3.00 1.64
.23 4.47 -16.92 -3.01 3.00 1.64
.23 4.47 -16.92 -4.05 5.04 2.44
-7.02 .57 -13.73 -4.05 5.04 2.44
-7.02 4.94 -11.77 -4.91 7.39 3.68
-7.02 .57 -13.73 -4.91 7.39 3.68
-7.02 4.94 -11.77 -5.74 9.32 5.16
-7.49 6.59 -8.99 -5.74 9.32 5.16
-7.49 6.59 -8.99 -4.67 11.28 6.57
-14.11 -4.59 -1.10 -1.32 14.44 7.17
-14.11 -4.59 -1.10 -4.67 11.28 6.57
-30.20 -9.32 10.95 -1.32 14.44 7.17
-34.18 -17.79 16.63 -3.03 13.23 6.27
-30.20 -9.32 10.95 -3.03 13.23 6.27
-34.18 -17.79 16.63 .21 10.21 5.15
-36.90 -17.11 26.38 .21 10.21 5.15
-36.90 -17.11 26.38 2.31 7.56 3.40
-27.44 -9.14 25.80 2.31 7.56 3.40
-27.44 -9.14 25.80 1.57 3.52 2.15
-17.28 -5.48 22.44 1.57 3.52 2.15
-17.28 -5.48 22.44 -1.01 1.15 1.14
-12.04 -6.41 19.77 -1.01 1.15 1.14
-12.04 -6.41 19.77 -3.51 .35 .29
-9.05 -7.63 18.18 -3.51 .35 .29
-9.05 -7.63 18.18 -4.75 -.15 -.57
-6.99 -8.88 14.93 -4.75 -.15 -.57
-6.99 -8.88 14.93 -3.51 -.30 -.55
-6.18 -7.86 10.44 -3.51 -.30 -.55
-6.18 -7.86 10.44 -1.53 -.61 -.42
-4.90 -5.19 9.19 -1.53 -.61 -.42
-4.90 -5.19 9.19 .00 -.97 -.33
-3.78 -3.61 8.79 .00 -.97 -.33
-3.78 -3.61 8.79 .61 -1.08 -.28
-3.52 -3.11 8.50 .65 -.97 -.20
-3.52 -3.11 8.50 .61 -1.08 -.28
