-3.90 -2.98 8.14 .44 -.75 -.11
-3.90 -2.98 8.14 .65 -.97 -.20
-4.35 -3.29 7.84 .44 -.75 -.11
-4.35 -3.29 7.84 .17 -.52 -.03
-4.22 -3.80 7.45 .17 -.52 -.03
-4.22 -3.80 7.45 .05 -.35 .02
-4.31 -3.99 7.20 .05 -.35 .02
-4.31 -3.99 7.20 .08 -.15 .07
-4.77 -4.44 7.46 .08 -.15 .07
-4.77 -4.44 7.46 .16 .00 .11
-5.39 -4.32 7.03 .16 .00 .11
-5.39 -4.32 7.03 .15 .00 .14
-5.17 -4.25 6.79 .15 .00 .14
-5.17 -4.25 6.79 .13 -.09 .10
-1.80 7.65 -18.01 -1.19 2.90 1.78
-1.80 7.65 -18.01 -1.50 4.45 2.66
-7.01 3.00 -18.01 -1.50 4.45 2.66
-7.01 3.00 -18.01 -2.68 6.83 3.54
-8.74 .41 -12.64 -2.68 6.83 3.54
-8.74 .41 -12.64 -5.99 9.30 4.33
-9.62 3.14 -13.71 -8.95 10.78 5.98
-7.23 7.06 -9.50 -8.95 10.78 5.98
-7.23 7.06 -9.50 -5.99 9.30 4.33
-9.62 3.14 -13.71 -7.02 14.40 8.11
-38.31 -27.78 2.13 -7.02 14.40 8.11
-38.31 -27.78 2.13 .22 13.84 7.79
-41.41 -18.10 17.68 .22 13.84 7.79
-41.41 -18.10 17.68 3.94 11.48 4.10
-33.99 -11.58 30.21 3.94 11.48 4.10
-33.99 -11.58 30.21 3.79 7.03 2.29
-21.89 -3.90 30.16 1.11 3.78 1.31
-21.89 -3.90 30.16 3.79 7.03 2.29
-14.97 -4.69 25.73 1.11 3.78 1.31
-14.97 -4.69 25.73 -2.02 1.69 .79
-9.34 -4.65 20.41 -2.02 1.69 .79
-9.34 -4.65 20.41 -4.00 .89 .25
-8.04 -3.60 20.92 -4.00 .89 .25
-8.04 -3.60 20.92 -4.60 .89 -.03
-10.53 -4.90 19.35 -4.60 .89 -.03
-10.53 -4.90 19.35 -4.37 .01 .41
-8.44 -10.76 13.04 -4.37 .01 .41
-8.44 -10.76 13.04 -2.29 -.61 -.14
-6.89 -7.21 9.03 -2.29 -.61 -.14
-6.89 -7.21 9.03 .53 -1.00 -.06
