-5.31 -4.94 7.62 .53 -1.00 -.06
-5.31 -4.94 7.62 1.85 -1.07 -.10
-4.31 -2.98 7.00 1.85 -1.07 -.10
-4.31 -2.98 7.00 2.00 -1.02 .09
-4.34 -2.42 6.92 2.00 -1.02 .09
-4.34 -2.42 6.92 1.33 -.83 .10
-4.99 -2.65 7.11 1.33 -.83 .10
-4.99 -2.65 7.11 .47 -.65 .07
-4.91 -3.40 6.90 .47 -.65 .07
-4.91 -3.40 6.90 -.15 -.53 .05
-4.78 -4.10 6.73 -.15 -.53 .05
-4.78 -4.10 6.73 -.35 -.34 .11
-4.96 -4.45 6.01 -.35 -.34 .11
-4.96 -4.45 6.01 -.49 -.24 .22
-4.98 -4.55 5.33 -.50 -.16 .23
-4.98 -4.55 5.33 -.49 -.24 .22
-5.33 -4.54 5.51 -.50 -.16 .23
-5.33 -4.54 5.51 -.52 -.12 .22
-5.71 -4.79 6.20 -.52 -.12 .22
-5.71 -4.79 6.20 -.47 -.15 .16
1.73 4.19 -16.41 -.77 1.16 .88
1.73 4.19 -16.41 -1.41 2.44 1.46
-1.93 .89 -19.28 -1.41 2.44 1.46
-1.93 .89 -19.28 -.57 4.74 2.36
-8.19 2.87 -16.36 -.57 4.74 2.36
-8.19 2.87 -16.36 -1.41 8.05 3.21
-8.03 2.90 -13.39 -1.41 8.05 3.21
-8.03 2.90 -13.39 -4.41 11.21 3.39
-5.96 6.06 -8.87 -4.41 11.21 3.39
-5.96 6.06 -8.87 -6.40 14.21 4.41
-17.19 -2.78 -4.07 -6.40 14.21 4.41
-17.19 -2.78 -4.07 -6.11 16.67 3.97
-36.44 -33.42 7.11 -6.11 16.67 3.97
-36.04 -18.96 25.05 -4.94 15.30 2.63
-36.44 -33.42 7.11 -4.94 15.30 2.63
-36.04 -18.96 25.05 4.30 9.09 2.95
-25.27 -1.84 33.75 4.30 9.09 2.95
-25.27 -1.84 33.75 4.07 4.91 1.94
-13.08 4.90 31.60 4.07 4.91 1.94
-13.08 4.90 31.60 -.37 1.97 1.55
-10.80 -1.13 25.31 -.37 1.97 1.55
-10.80 -1.13 25.31 -4.96 .55 .90
-6.16 -7.85 18.48 -4.96 .55 .90
-6.16 -7.85 18.48 -6.93 -.48 .31
-3.64 -14.12 12.32 -6.93 -.48 .31
-3.64 -14.12 12.32 -5.59 -.08 .09
-5.29 -13.29 10.93 -5.59 -.08 .09
-5.29 -13.29 10.93 -1.92 .31 .37
-5.93 -7.20 11.39 -1.92 .31 .37
-5.93 -7.20 11.39 .66 .09 .36
-5.44 -3.91 10.97 .66 .09 .36
-5.44 -3.91 10.97 1.24 -.05 .12
-5.42 -2.56 10.37 1.24 -.05 .12
-5.42 -2.56 10.37 .99 -.18 -.04
-4.40 -2.54 9.51 .99 -.18 -.04
-4.40 -2.54 9.51 .38 -.32 -.14
-4.11 -3.28 8.63 .38 -.32 -.14
-4.11 -3.28 8.63 -.32 -.22 -.24
-4.46 -3.64 8.38 -.32 -.22 -.24
-4.46 -3.64 8.38 -.55 -.11 -.27
-4.90 -3.84 8.24 -.55 -.11 -.27
-4.90 -3.84 8.24 -.59 -.07 -.29
-4.66 -4.29 7.90 -.59 -.07 -.29
-4.66 -4.29 7.90 -.47 -.12 -.26
-4.50 -4.74 7.81 -.47 -.12 -.26
-4.50 -4.74 7.81 -.19 -.10 -.14
-5.03 -4.07 8.00 -.19 -.10 -.14
-5.03 -4.07 8.00 -.11 -.16 -.01
