-4.90 -3.85 8.02 -.11 -.16 -.01
-4.90 -3.85 8.02 -.23 -.30 -.01
.47 4.28 -17.73 -.66 2.51 1.11
.47 4.28 -17.73 -2.12 3.48 1.43
-3.65 3.57 -19.68 -2.12 3.48 1.43
-3.65 3.57 -19.68 -4.22 6.43 2.12
-9.01 3.03 -9.97 -4.22 6.43 2.12
-9.01 3.03 -9.97 -7.45 10.10 3.78
-6.66 3.67 -2.13 -7.45 10.10 3.78
-6.66 3.67 -2.13 -5.64 11.92 5.84
-13.94 -8.59 -3.00 -5.64 11.92 5.84
-13.94 -8.59 -3.00 -.72 14.52 6.57
-34.85 -11.53 2.52 -.72 14.52 6.57
-34.85 -11.53 2.52 -2.85 15.03 4.64
-42.11 -24.14 25.74 -2.85 15.03 4.64
-42.11 -24.14 25.74 2.68 9.11 4.09
-25.90 -6.68 35.06 2.68 9.11 4.09
-25.90 -6.68 35.06 3.34 4.58 2.17
-18.44 -1.47 28.72 3.34 4.58 2.17
-18.44 -1.47 28.72 -.34 1.84 2.11
-13.10 -5.08 21.49 -.34 1.84 2.11
-13.10 -5.08 21.49 -3.92 .34 .99
-9.91 -8.38 17.85 -3.92 .34 .99
-9.91 -8.38 17.85 -5.44 -.23 .16
-7.98 -10.61 15.50 -5.44 -.23 .16
-7.98 -10.61 15.50 -4.94 -.16 -.36
-7.04 -9.57 12.70 -4.94 -.16 -.36
-7.04 -9.57 12.70 -2.77 -.14 -.28
-6.43 -7.51 10.33 -2.77 -.14 -.28
-6.43 -7.51 10.33 -.06 -.37 -.27
-5.18 -5.48 9.34 -.06 -.37 -.27
-5.18 -5.48 9.34 .70 -.56 -.30
-3.81 -3.63 8.70 .70 -.56 -.30
-3.81 -3.63 8.70 .79 -.59 -.22
-4.20 -3.54 8.18 .79 -.59 -.22
-4.20 -3.54 8.18 .60 -.48 -.15
-4.80 -3.39 7.72 .60 -.48 -.15
-4.80 -3.39 7.72 .39 -.44 -.09
-4.68 -3.52 7.38 .39 -.44 -.09
-4.68 -3.52 7.38 .17 -.44 -.05
-4.66 -4.00 7.05 .17 -.44 -.05
-4.66 -4.00 7.05 .03 -.33 .03
-5.06 -4.31 6.79 .03 -.33 .03
-5.06 -4.31 6.79 -.04 -.25 .13
-5.47 -4.81 6.71 -.04 -.25 .13
-5.47 -4.81 6.71 -.03 -.19 .20
-5.95 -4.82 6.67 -.03 -.19 .20
-5.95 -4.82 6.67 .03 -.20 .23
