-5.93 -4.67 6.82 .03 -.20 .23
-5.93 -4.67 6.82 .08 -.26 .16
-5.81 -4.63 6.85 .08 -.26 .16
-5.81 -4.63 6.85 .01 -.28 .07
-6.94 3.97 -12.04 -4.45 8.98 3.68
-6.94 3.97 -12.04 -5.92 11.76 4.72
-8.38 6.74 -10.62 -5.92 11.76 4.72
-8.38 6.74 -10.62 -4.22 14.48 6.16
-21.72 -20.18 1.47 -4.22 14.48 6.16
-21.72 -20.18 1.47 -1.99 17.30 4.24
-46.37 -16.24 13.42 -1.99 17.30 4.24
-46.37 -16.24 13.42 3.20 11.45 3.29
-33.56 -3.05 32.80 3.20 11.45 3.29
-33.56 -3.05 32.80 3.43 5.36 2.64
-21.61 1.82 28.52 3.43 5.36 2.64
-21.61 1.82 28.52 .32 2.22 2.83
-15.07 -1.51 24.85 .32 2.22 2.83
-15.07 -1.51 24.85 -2.83 .00 1.63
-10.87 -4.05 22.74 -2.83 .00 1.63
-10.87 -4.05 22.74 -5.56 -.53 .78
-8.59 -8.57 16.90 -5.56 -.53 .78
-8.59 -8.57 16.90 -6.61 -.63 .00
-5.38 -12.43 10.95 -6.61 -.63 .00
-5.38 -12.43 10.95 -4.22 -.43 -.25
-6.20 -8.58 9.23 -4.22 -.43 -.25
-6.20 -8.58 9.23 -.93 -.28 -.02
-6.60 -5.12 8.71 -.93 -.28 -.02
-6.60 -5.12 8.71 .40 -.51 -.30
-4.94 -3.85 8.20 .40 -.51 -.30
-4.94 -3.85 8.20 .81 -.83 -.57
-3.88 -2.56 7.83 .81 -.83 -.57
-3.88 -2.56 7.83 .82 -.91 -.50
-3.75 -2.59 7.51 .82 -.91 -.50
-3.75 -2.59 7.51 .31 -.76 -.44
-3.88 -3.22 7.25 .31 -.76 -.44
-3.88 -3.22 7.25 -.04 -.55 -.31
-3.94 -3.76 6.92 -.04 -.55 -.31
-3.94 -3.76 6.92 -.14 -.36 -.23
-3.93 -4.30 6.75 -.14 -.36 -.23
-3.93 -4.30 6.75 .10 -.17 -.18
-4.42 -4.20 6.89 .10 -.17 -.18
-4.42 -4.20 6.89 .39 -.03 -.09
-4.83 -4.28 6.98 .39 -.03 -.09
-4.83 -4.28 6.98 .57 .08 -.01
-5.37 -3.89 7.39 .57 .08 -.01
-5.37 -3.89 7.39 .64 .15 .07
-5.96 -3.48 7.67 .64 .15 .07
-5.96 -3.48 7.67 .57 .16 .07
-6.05 -3.12 7.58 .36 .06 .00
-6.05 -3.12 7.58 .57 .16 .07
-5.78 -2.98 7.39 .36 .06 .00
-5.78 -2.98 7.39 .10 .00 -.12
-5.66 -2.93 7.28 .10 .00 -.12
