-5.66 -2.93 7.28 -.13 -.05 -.16
3.42 3.39 -11.81 -1.44 1.02 .78
3.42 3.39 -11.81 -2.43 2.00 1.04
.17 5.87 -16.38 -2.43 2.00 1.04
.17 5.87 -16.38 -3.70 4.07 2.33
-14.61 2.08 -16.17 -3.70 4.07 2.33
-14.61 2.08 -16.17 -3.81 5.73 3.38
-10.06 -3.33 -11.65 -3.81 5.73 3.38
-10.06 -3.33 -11.65 -6.56 9.47 4.57
-11.81 7.66 -9.39 -6.56 9.47 4.57
-11.81 7.66 -9.39 -10.29 11.16 7.05
-10.50 13.36 -11.22 -10.29 11.16 7.05
-10.50 13.36 -11.22 -10.75 12.69 9.77
-28.67 -31.59 -6.28 -10.75 12.69 9.77
-28.67 -31.59 -6.28 -3.57 14.34 8.51
-41.49 -34.97 10.66 -3.57 14.34 8.51
-41.49 -34.97 10.66 4.67 11.58 8.51
-44.79 -14.76 32.72 4.67 11.58 8.51
-44.79 -14.76 32.72 8.39 8.06 4.32
-27.92 -2.94 31.73 8.39 8.06 4.32
-27.92 -2.94 31.73 2.17 3.28 1.24
-14.48 -7.68 22.44 2.17 3.28 1.24
-14.48 -7.68 22.44 -3.90 .67 .41
-9.70 -10.60 18.98 -3.90 .67 .41
-9.70 -10.60 18.98 -5.99 .08 -.58
-6.30 -12.37 17.54 -5.99 .08 -.58
-6.30 -12.37 17.54 -5.36 .00 -1.31
-4.70 -9.77 16.34 -5.36 .00 -1.31
-4.70 -9.77 16.34 -2.61 .09 -.38
-5.20 -4.72 14.95 -2.61 .09 -.38
-5.20 -4.72 14.95 -.18 -.19 .40
-5.71 -4.07 12.82 -.18 -.19 .40
-5.71 -4.07 12.82 .60 -.47 .08
-4.64 -4.92 9.52 .60 -.47 .08
-4.64 -4.92 9.52 1.25 -.62 -.22
-4.26 -4.55 7.80 1.25 -.62 -.22
-4.26 -4.55 7.80 1.94 -.76 .01
-4.65 -3.26 7.23 1.94 -.76 .01
-4.65 -3.26 7.23 1.80 -.58 -.12
-4.45 -3.20 6.81 1.80 -.58 -.12
-4.45 -3.20 6.81 1.03 -.59 .20
-5.01 -4.08 6.60 1.03 -.59 .20
-5.01 -4.08 6.60 .34 -.32 .06
-5.47 -4.56 6.07 .34 -.32 .06
-5.47 -4.56 6.07 .16 -.22 .18
-5.38 -4.80 5.63 .16 -.22 .18
-5.38 -4.80 5.63 .21 -.14 .24
-5.45 -5.00 5.34 .21 -.14 .24
-5.45 -5.00 5.34 .31 .00 .32
-5.78 -4.95 5.27 .31 .00 .32
