-3.66 -7.47 9.65 .58 .93 .54
2.06 3.77 -15.19 -1.24 .96 .27
2.06 3.77 -15.19 -3.28 1.74 .29
.87 4.38 -13.23 -3.28 1.74 .29
.87 4.38 -13.23 -6.54 3.63 .30
-4.02 -.46 -9.35 -6.54 3.63 .30
-4.02 -.46 -9.35 -9.22 7.27 1.98
-.57 15.78 -4.25 -9.22 7.27 1.98
-.57 15.78 -4.25 -9.02 9.08 4.99
-1.00 3.10 -11.94 -9.02 9.08 4.99
-1.00 3.10 -11.94 -4.63 10.63 7.10
-12.77 -23.47 .71 -4.63 10.63 7.10
-12.77 -23.47 .71 .41 14.02 4.93
-43.48 -15.42 13.58 .41 14.02 4.93
-43.48 -15.42 13.58 2.87 11.28 4.94
-19.49 -9.66 25.49 2.87 11.28 4.94
-19.49 -9.66 25.49 4.07 4.40 2.51
-12.54 -1.59 27.57 4.07 4.40 2.51
-12.54 -1.59 27.57 1.30 3.14 2.34
-10.02 -3.95 35.71 1.30 3.14 2.34
-10.02 -3.95 35.71 -1.92 1.74 1.12
-10.50 -17.07 31.25 -1.92 1.74 1.12
-10.50 -17.07 31.25 -3.74 .52 1.81
-2.14 -10.08 15.59 -3.74 .52 1.81
-2.14 -10.08 15.59 -1.78 -.37 .17
-4.47 -6.59 11.04 -1.78 -.37 .17
-4.47 -6.59 11.04 -.27 -.63 -.63
-3.34 -4.19 10.71 -.27 -.63 -.63
-3.34 -4.19 10.71 -.02 -1.06 -.77
-3.12 -2.47 9.32 -.02 -1.06 -.77
-3.12 -2.47 9.32 .04 -.90 -.81
-3.19 -1.46 7.78 .04 -.90 -.81
-3.19 -1.46 7.78 .04 -.83 -.68
-2.63 -1.25 6.20 .04 -.83 -.68
-2.63 -1.25 6.20 -.12 -.75 -.51
-2.36 -1.42 4.91 -.12 -.75 -.51
-2.36 -1.42 4.91 -.29 -.56 -.31
-2.26 -1.78 4.76 -.29 -.56 -.31
-2.26 -1.78 4.76 -.41 -.32 -.15
-2.30 -2.56 5.64 -.41 -.32 -.15
-2.30 -2.56 5.64 -.45 .00 .00
-2.62 -3.27 6.85 -.45 .00 .00
-2.62 -3.27 6.85 -.42 .31 .18
-2.88 -4.05 8.03 -.42 .31 .18
-2.88 -4.05 8.03 -.34 .54 .35
-3.13 -5.03 9.17 -.34 .54 .35
-3.55 -6.01 9.80 -.27 .71 .40
