-5.78 -4.95 5.27 .37 .13 .36
-.19 7.25 -13.23 -2.00 2.26 .96
-.19 7.25 -13.23 -2.54 3.75 1.73
-5.89 3.22 -12.99 -2.54 3.75 1.73
-5.89 3.22 -12.99 -2.67 6.10 2.77
-7.26 2.31 -9.78 -2.67 6.10 2.77
-7.26 2.31 -9.78 -4.36 9.00 4.18
-4.49 12.33 -6.99 -4.36 9.00 4.18
-4.49 12.33 -6.99 -7.56 10.61 5.85
-3.92 13.68 -8.66 -8.71 12.20 7.87
-3.92 13.68 -8.66 -7.56 10.61 5.85
-23.93 -13.58 -4.19 -8.71 12.20 7.87
-23.93 -13.58 -4.19 -6.23 13.63 7.22
-44.27 -43.33 6.75 -6.23 13.63 7.22
-44.27 -43.33 6.75 1.80 10.02 6.62
-34.55 -14.76 28.33 1.80 10.02 6.62
-34.55 -14.76 28.33 7.85 5.77 4.69
-23.68 -3.46 30.65 7.85 5.77 4.69
-23.68 -3.46 30.65 5.09 2.84 2.48
-13.40 .04 28.42 5.09 2.84 2.48
-13.40 .04 28.42 .27 .73 1.28
-8.44 -3.64 22.24 .27 .73 1.28
-8.44 -3.64 22.24 -3.96 .37 .27
-6.36 -4.81 17.60 -3.96 .37 .27
-6.36 -4.81 17.60 -5.69 .06 -.18
-4.86 -7.70 13.28 -5.69 .06 -.18
-4.86 -7.70 13.28 -5.38 .02 -.47
-5.03 -10.22 10.76 -5.38 .02 -.47
-5.03 -10.22 10.76 -3.00 .12 -.39
-5.84 -7.69 10.45 -3.00 .12 -.39
-5.84 -7.69 10.45 -.35 -.15 -.39
-4.94 -5.16 9.19 -.35 -.15 -.39
-4.94 -5.16 9.19 .74 -.67 -.53
-2.99 -4.25 7.78 .74 -.67 -.53
-2.99 -4.25 7.78 1.16 -.92 -.44
-2.52 -3.21 7.57 1.16 -.92 -.44
-2.52 -3.21 7.57 1.13 -.84 -.08
-3.58 -2.94 8.30 1.13 -.84 -.08
-3.58 -2.94 8.30 .70 -.63 .00
-4.36 -3.61 8.60 .70 -.63 .00
-4.36 -3.61 8.60 .13 -.57 -.07
-4.32 -4.54 7.79 .13 -.57 -.07
-4.32 -4.54 7.79 -.19 -.53 -.18
-4.04 -5.00 6.83 -.19 -.53 -.18
-4.04 -5.00 6.83 -.12 -.43 -.16
-3.98 -4.66 6.58 .03 -.34 -.11
-3.98 -4.66 6.58 -.12 -.43 -.16
-4.06 -4.61 7.31 .03 -.34 -.11
-4.06 -4.61 7.31 .16 -.21 -.14
-4.76 -4.46 7.90 .16 -.21 -.14
