-4.76 -4.46 7.90 .15 -.14 -.12
5.76 6.81 -8.67 -.43 .58 .45
5.76 6.81 -8.67 -2.52 1.35 .92
5.13 7.87 -17.35 -2.52 1.35 .92
5.13 7.87 -17.35 -3.19 2.92 1.21
-8.70 -1.82 -10.14 -3.19 2.92 1.21
-8.70 -1.82 -10.14 -4.19 5.43 2.76
-5.43 7.05 -7.97 -4.19 5.43 2.76
-5.43 7.05 -7.97 -7.03 7.93 4.08
-3.43 13.93 -13.97 -7.03 7.93 4.08
-3.43 13.93 -13.97 -8.97 9.39 6.16
-6.46 8.94 -17.34 -8.97 9.39 6.16
-6.46 8.94 -17.34 -8.50 12.03 7.71
-23.26 -28.80 -3.30 -2.90 14.14 7.03
-23.26 -28.80 -3.30 -8.50 12.03 7.71
-31.23 -24.16 12.13 -2.90 14.14 7.03
-31.23 -24.16 12.13 5.57 9.89 7.48
-31.48 -10.15 25.72 5.57 9.89 7.48
-31.48 -10.15 25.72 6.15 8.35 3.05
-23.80 -.62 32.25 6.15 8.35 3.05
-23.80 -.62 32.25 2.53 4.29 2.40
-16.42 -.09 28.33 2.53 4.29 2.40
-16.42 -.09 28.33 -1.95 1.86 1.71
-11.55 -5.28 20.91 -1.95 1.86 1.71
-11.55 -5.28 20.91 -5.21 .08 1.18
-6.87 -11.24 16.76 -5.21 .08 1.18
-6.87 -11.24 16.76 -5.71 -.67 .28
-4.43 -13.20 13.82 -5.71 -.67 .28
-4.43 -13.20 13.82 -3.97 -.59 .08
-6.33 -10.66 12.88 -3.97 -.59 .08
-6.33 -10.66 12.88 -1.33 -.41 .22
-5.96 -6.90 11.37 -1.33 -.41 .22
-5.96 -6.90 11.37 .36 -.71 -.04
-4.44 -4.16 10.04 .36 -.71 -.04
-4.44 -4.16 10.04 .94 -.90 -.18
-3.74 -2.68 8.97 .94 -.90 -.18
-3.74 -2.68 8.97 .64 -.95 -.22
-3.40 -3.39 8.37 .64 -.95 -.22
-3.40 -3.39 8.37 .12 -.91 -.25
-3.87 -3.49 7.78 .12 -.91 -.25
-3.87 -3.49 7.78 -.10 -.84 -.21
-3.39 -3.56 7.43 -.10 -.84 -.21
-3.39 -3.56 7.43 -.19 -.81 -.20
-3.33 -4.27 7.43 -.19 -.81 -.20
-3.33 -4.27 7.43 -.17 -.60 -.16
-3.63 -4.08 7.02 -.17 -.60 -.16
-3.63 -4.08 7.02 -.16 -.48 -.03
-3.05 -4.00 6.57 -.16 -.48 -.03
-3.05 -4.00 6.57 -.19 -.40 .00
-3.34 -4.39 6.63 -.19 -.40 .00
