-3.34 -4.39 6.63 -.24 -.16 .04
4.01 6.10 -14.34 -2.80 1.89 1.18
4.01 6.10 -14.34 -3.42 3.05 1.83
-2.05 5.42 -17.72 -3.42 3.05 1.83
-2.05 5.42 -17.72 -3.88 4.91 2.81
-8.82 2.79 -16.17 -3.88 4.91 2.81
-8.82 2.79 -16.17 -5.50 7.19 4.22
-10.14 6.41 -12.70 -5.50 7.19 4.22
-10.14 6.41 -12.70 -8.90 9.15 5.63
-9.61 8.71 -12.06 -8.90 9.15 5.63
-9.61 8.71 -12.06 -9.17 10.80 7.90
-18.47 -23.28 .76 -9.17 10.80 7.90
-18.47 -23.28 .76 -1.79 13.98 8.15
-32.08 -23.11 9.69 -1.79 13.98 8.15
-32.08 -23.11 9.69 3.58 13.09 8.19
-38.84 -17.30 21.02 3.58 13.09 8.19
-38.84 -17.30 21.02 6.76 10.40 4.10
-29.61 -4.52 28.87 6.76 10.40 4.10
-29.61 -4.52 28.87 4.68 5.24 1.96
-17.49 1.22 28.50 4.68 5.24 1.96
-17.49 1.22 28.50 1.65 2.16 1.56
-12.67 -.73 24.37 1.65 2.16 1.56
-12.67 -.73 24.37 -2.02 .46 1.03
-7.90 -6.35 20.62 -2.02 .46 1.03
-7.90 -6.35 20.62 -3.61 -.42 -.14
-5.34 -10.25 17.24 -3.61 -.42 -.14
-5.34 -10.25 17.24 -2.23 -.33 -.09
-7.44 -6.10 14.52 -2.23 -.33 -.09
-7.44 -6.10 14.52 .09 -.33 .51
-7.14 -3.00 11.61 .09 -.33 .51
-7.14 -3.00 11.61 1.08 -.73 .26
-5.76 -1.07 9.78 1.08 -.73 .26
-5.76 -1.07 9.78 1.10 -1.00 .06
-4.93 -.30 9.12 1.10 -1.00 .06
-4.93 -.30 9.12 .46 -1.02 -.12
-4.60 -1.10 8.49 .46 -1.02 -.12
-4.60 -1.10 8.49 -.22 -.95 -.22
-4.40 -1.84 7.41 -.22 -.95 -.22
-4.40 -1.84 7.41 -.48 -.89 -.25
-3.87 -3.04 6.42 -.48 -.89 -.25
-3.87 -3.04 6.42 -.21 -.73 -.25
-3.73 -2.72 6.80 -.21 -.73 -.25
-3.73 -2.72 6.80 .25 -.61 -.18
-3.73 -2.36 7.56 .25 -.61 -.18
-3.73 -2.36 7.56 .51 -.42 -.16
-3.90 -1.83 7.98 .51 -.42 -.16
-3.90 -1.83 7.98 .52 -.32 -.11
-4.00 -1.61 8.08 .52 -.32 -.11
-4.00 -1.61 8.08 .28 -.28 -.10
-3.93 -2.06 8.20 .28 -.28 -.10
