-3.93 -2.06 8.20 .03 -.23 -.10
-4.00 12.24 -5.37 -4.81 8.40 5.30
-4.00 12.24 -5.37 -6.02 10.14 6.68
-6.79 -2.70 -4.63 -6.02 10.14 6.68
-6.79 -2.70 -4.63 -5.16 11.75 7.14
-38.79 -20.81 9.93 -.36 12.99 6.92
-19.09 -37.25 -4.55 -.36 12.99 6.92
-19.09 -37.25 -4.55 -5.16 11.75 7.14
-38.79 -20.81 9.93 6.45 10.62 5.81
-30.88 -8.08 24.58 6.45 10.62 5.81
-30.88 -8.08 24.58 6.21 5.85 2.27
-16.36 1.99 26.68 6.21 5.85 2.27
-16.36 1.99 26.68 2.85 2.74 1.13
-12.20 .84 26.06 2.85 2.74 1.13
-12.20 .84 26.06 -1.64 1.55 .85
-7.18 -.78 23.75 -1.64 1.55 .85
-7.18 -.78 23.75 -4.41 .31 -.05
-5.10 -2.93 19.73 -4.41 .31 -.05
-5.10 -2.93 19.73 -5.09 .24 .32
-6.88 -5.46 16.24 -5.09 .24 .32
-6.88 -5.46 16.24 -3.32 .24 .66
-7.11 -5.06 14.22 -3.32 .24 .66
-7.11 -5.06 14.22 -1.64 -.23 .42
-6.08 -5.10 11.39 -1.64 -.23 .42
-6.08 -5.10 11.39 -.39 -.49 .09
-5.49 -3.94 9.67 -.39 -.49 .09
-5.49 -3.94 9.67 .39 -.65 .00
-4.76 -3.53 8.89 .39 -.65 .00
-4.76 -3.53 8.89 .42 -.66 -.05
-4.41 -3.32 8.57 .42 -.66 -.05
-4.41 -3.32 8.57 .12 -.60 -.02
-4.24 -3.55 7.93 .12 -.60 -.02
-4.24 -3.55 7.93 -.31 -.52 -.01
-3.81 -4.03 6.89 -.31 -.52 -.01
-3.81 -4.03 6.89 -.60 -.47 .02
-3.65 -5.00 6.12 -.60 -.47 .02
-3.65 -5.00 6.12 -.53 -.29 .05
-3.89 -5.00 5.85 -.53 -.29 .05
-3.89 -5.00 5.85 -.30 -.20 .14
-3.61 -4.75 6.60 -.30 -.20 .14
-3.61 -4.75 6.60 -.13 -.13 .18
-4.24 -4.66 7.11 -.13 -.13 .18
-4.24 -4.66 7.11 -.18 .01 .19
-4.41 -4.59 6.61 -.18 .01 .19
-4.41 -4.59 6.61 -.38 -.02 .17
-3.83 -4.53 6.41 -.38 -.02 .17
-3.83 -4.53 6.41 -.49 -.06 .15
-3.84 -4.92 6.49 -.49 -.06 .15
-3.84 -4.92 6.49 -.58 .03 .13
-4.27 -5.10 6.93 -.58 .03 .13
