-4.27 -5.10 6.93 -.56 .10 .10
5.30 7.63 -13.00 -1.88 1.59 .98
5.30 7.63 -13.00 -2.66 2.48 1.51
1.57 7.37 -15.22 -2.66 2.48 1.51
1.57 7.37 -15.22 -2.86 4.14 2.53
-5.95 4.58 -14.52 -2.86 4.14 2.53
-5.95 4.58 -14.52 -3.76 6.15 4.04
-7.35 6.64 -15.26 -3.76 6.15 4.04
-7.35 6.64 -15.26 -6.90 8.38 5.25
-7.87 13.02 -16.01 -6.90 8.38 5.25
-7.87 13.02 -16.01 -8.98 10.01 7.19
-11.49 -3.35 -14.03 -8.98 10.01 7.19
-11.49 -3.35 -14.03 -4.48 13.13 8.47
-29.87 -23.18 .53 -4.48 13.13 8.47
-29.87 -23.18 .53 .61 15.70 7.55
-46.39 -20.83 16.09 .61 15.70 7.55
-46.39 -20.83 16.09 5.91 12.09 5.97
-37.10 -6.86 28.12 5.91 12.09 5.97
-37.10 -6.86 28.12 5.39 7.37 2.57
-22.62 1.22 26.52 5.39 7.37 2.57
-22.62 1.22 26.52 .62 3.84 1.77
-17.99 -1.42 24.07 .62 3.84 1.77
-17.99 -1.42 24.07 -3.04 1.69 1.91
-11.59 -7.27 20.79 -3.04 1.69 1.91
-11.59 -7.27 20.79 -5.23 .36 .36
-8.75 -12.65 16.71 -5.23 .36 .36
-8.75 -12.65 16.71 -4.80 .15 .30
-8.00 -10.86 13.62 -2.53 .11 .28
-8.00 -10.86 13.62 -4.80 .15 .30
-7.01 -7.73 11.59 -2.53 .11 .28
-7.01 -7.73 11.59 -.51 .00 .00
-6.28 -4.86 10.79 -.51 .00 .00
-6.28 -4.86 10.79 .35 -.18 -.19
-5.82 -3.11 10.63 .35 -.18 -.19
-5.82 -3.11 10.63 .38 -.33 -.39
-5.22 -2.58 9.63 .38 -.33 -.39
-5.22 -2.58 9.63 .00 -.54 -.44
-4.43 -3.10 8.21 .00 -.54 -.44
-4.43 -3.10 8.21 -.29 -.63 -.37
-4.32 -3.29 7.42 -.29 -.63 -.37
-4.32 -3.29 7.42 -.33 -.56 -.22
-4.23 -3.82 7.08 -.33 -.56 -.22
-4.23 -3.82 7.08 -.26 -.45 -.12
-4.61 -4.31 7.05 -.26 -.45 -.12
-4.61 -4.31 7.05 -.06 -.26 -.05
-5.03 -4.21 6.72 -.06 -.26 -.05
-5.03 -4.21 6.72 .08 -.18 .06
-5.26 -4.39 6.95 .08 -.18 .06
-5.26 -4.39 6.95 .18 -.09 .09
-5.75 -4.45 6.99 .18 -.09 .09
