-5.75 -4.45 6.99 .14 .00 .08
-5.36 3.56 -12.53 -1.56 1.70 1.52
-5.36 3.56 -12.53 -1.69 3.37 2.64
-4.58 .85 -12.16 -1.69 3.37 2.64
-4.58 .85 -12.16 -3.67 6.56 3.76
-7.66 3.47 -9.61 -3.67 6.56 3.76
-7.66 3.47 -9.61 -6.16 9.17 5.49
-5.93 9.92 -4.02 -6.16 9.17 5.49
-5.93 9.92 -4.02 -8.47 10.54 7.03
-9.79 -6.99 1.44 -8.47 10.54 7.03
-16.87 -21.98 3.29 -4.96 11.98 7.36
-9.79 -6.99 1.44 -4.96 11.98 7.36
-16.87 -21.98 3.29 -.85 12.40 6.95
-27.57 -22.43 12.93 -.85 12.40 6.95
-27.57 -22.43 12.93 5.65 10.94 5.69
-34.55 -7.98 25.71 5.65 10.94 5.69
-34.55 -7.98 25.71 6.00 7.72 3.02
-18.24 .31 28.09 6.00 7.72 3.02
-18.24 .31 28.09 1.92 3.25 1.54
-12.77 .67 24.83 1.92 3.25 1.54
-12.77 .67 24.83 -2.62 1.94 1.30
-10.18 -4.37 19.55 -2.62 1.94 1.30
-10.18 -4.37 19.55 -5.81 .63 .44
-7.05 -12.27 14.83 -5.81 .63 .44
-7.05 -12.27 14.83 -4.39 .18 .07
-6.25 -10.61 11.97 -4.39 .18 .07
-6.25 -10.61 11.97 -1.38 .03 .43
-6.33 -7.00 11.50 -1.38 .03 .43
-6.33 -7.00 11.50 .25 -.08 .09
-5.69 -4.15 10.85 .25 -.08 .09
-5.69 -4.15 10.85 .80 -.28 -.16
-4.67 -2.34 10.14 .80 -.28 -.16
-4.67 -2.34 10.14 .45 -.45 -.26
-3.98 -2.86 9.16 .45 -.45 -.26
-3.98 -2.86 9.16 -.11 -.37 -.33
-4.36 -3.56 8.81 -.22 -.26 -.23
-4.36 -3.56 8.81 -.11 -.37 -.33
-4.69 -3.80 8.31 -.22 -.26 -.23
-4.69 -3.80 8.31 -.10 -.28 -.10
-4.31 -3.79 7.67 -.10 -.28 -.10
-4.31 -3.79 7.67 -.02 -.33 -.03
-4.06 -3.91 7.24 -.02 -.33 -.03
-4.06 -3.91 7.24 -.09 -.28 .00
-4.24 -4.55 7.76 -.09 -.28 .00
-4.24 -4.55 7.76 -.14 -.18 .02
-4.94 -4.64 7.76 -.14 -.18 .02
-4.94 -4.64 7.76 -.19 -.13 .06
-4.93 -4.70 7.35 -.19 -.13 .06
-4.93 -4.70 7.35 -.26 -.22 .05
-4.63 -4.94 7.19 -.26 -.22 .05
