-4.63 -4.94 7.19 -.24 -.23 .00
4.10 4.43 -8.68 -.72 .88 .83
4.10 4.43 -8.68 -1.34 1.49 1.21
2.82 5.49 -15.29 -1.34 1.49 1.21
2.82 5.49 -15.29 -1.95 2.70 1.64
-1.91 3.76 -15.75 -1.95 2.70 1.64
-1.91 3.76 -15.75 -2.74 4.86 2.58
-7.73 1.86 -15.15 -2.74 4.86 2.58
-7.73 1.86 -15.15 -5.26 7.22 3.83
-4.96 8.72 -17.14 -5.26 7.22 3.83
-4.96 8.72 -17.14 -6.42 9.23 5.55
-5.15 3.82 -16.39 -6.42 9.23 5.55
-5.15 3.82 -16.39 -5.01 12.58 6.49
-25.36 -11.62 -.30 -5.01 12.58 6.49
-25.36 -11.62 -.30 -4.07 14.34 5.79
-37.33 -31.27 21.64 -4.07 14.34 5.79
-37.33 -31.27 21.64 5.21 9.49 4.69
-31.36 -9.50 33.98 5.21 9.49 4.69
-31.36 -9.50 33.98 6.63 6.27 2.65
-21.00 -.29 31.09 6.63 6.27 2.65
-21.00 -.29 31.09 2.90 2.90 1.63
-12.35 -.35 25.42 2.90 2.90 1.63
-12.35 -.35 25.42 -1.70 1.12 .27
-7.94 -4.28 19.45 -1.70 1.12 .27
-7.94 -4.28 19.45 -4.52 .49 -.57
-5.47 -5.75 16.10 -4.52 .49 -.57
-5.47 -5.75 16.10 -5.05 .31 -.87
-5.49 -8.07 13.79 -5.05 .31 -.87
-5.49 -8.07 13.79 -3.32 .36 -.51
-6.52 -6.36 12.19 -3.32 .36 -.51
-6.52 -6.36 12.19 -.86 .00 -.03
-5.95 -3.65 11.07 -.86 .00 -.03
-5.95 -3.65 11.07 .64 -.64 .13
-4.48 -2.41 9.58 .64 -.64 .13
-4.48 -2.41 9.58 1.02 -.90 .06
-3.67 -2.03 8.40 1.02 -.90 .06
-3.67 -2.03 8.40 .78 -.86 .07
-3.76 -2.28 8.01 .78 -.86 .07
-3.76 -2.28 8.01 .21 -.65 .06
-4.45 -3.12 8.01 .21 -.65 .06
-4.45 -3.12 8.01 -.29 -.41 .04
-4.95 -3.72 7.92 -.29 -.41 .04
-4.95 -3.72 7.92 -.51 -.32 .04
-4.60 -4.38 7.16 -.51 -.32 .04
-4.60 -4.38 7.16 -.53 -.33 .06
-4.32 -4.82 6.58 -.53 -.33 .06
-4.32 -4.82 6.58 -.32 -.28 .13
-4.44 -4.64 6.49 -.32 -.28 .13
-4.44 -4.64 6.49 -.09 -.24 .20
-4.46 -4.52 7.17 -.09 -.24 .20
