-4.46 -4.52 7.17 .00 -.22 .18
3.62 4.07 -8.04 -1.87 1.00 .57
3.62 4.07 -8.04 -2.60 1.54 .89
1.90 4.99 -11.45 -2.61 2.62 1.60
1.90 4.99 -11.45 -2.60 1.54 .89
-2.16 4.17 -13.18 -3.28 4.61 2.49
-2.16 4.17 -13.18 -2.61 2.62 1.60
-4.86 3.06 -15.95 -5.06 7.36 3.98
-4.86 3.06 -15.95 -3.28 4.61 2.49
-4.71 11.40 -12.69 -5.06 7.36 3.98
-4.71 11.40 -12.69 -7.43 9.42 6.01
-8.02 12.94 -17.81 -7.43 9.42 6.01
-8.02 12.94 -17.81 -7.19 12.29 8.62
-24.73 -33.83 -8.57 -7.19 12.29 8.62
-24.73 -33.83 -8.57 -.15 16.65 6.56
-45.56 -20.58 7.78 -.15 16.65 6.56
-45.56 -20.58 7.78 5.28 12.67 7.56
-41.80 -8.16 31.50 5.28 12.67 7.56
-41.80 -8.16 31.50 8.47 8.82 2.89
-27.04 4.76 34.03 8.47 8.82 2.89
-27.04 4.76 34.03 2.63 3.55 1.81
-16.48 -1.19 25.03 2.63 3.55 1.81
-13.06 -4.60 19.23 -3.11 1.41 1.35
-13.06 -4.60 19.23 -5.96 .00 .40
-8.12 -10.09 15.80 -5.96 .00 .40
-8.12 -10.09 15.80 -6.70 -.46 -.55
-6.34 -12.57 13.31 -6.70 -.46 -.55
-6.34 -12.57 13.31 -4.65 -.18 -.44
-16.48 -1.19 25.03 -3.11 1.41 1.35
-6.70 -8.52 11.36 -4.65 -.18 -.44
-6.70 -8.52 11.36 -1.71 -.14 -.02
-6.50 -5.61 10.14 -1.71 -.14 -.02
-6.50 -5.61 10.14 -.06 -.23 -.10
-5.65 -4.02 9.48 -.06 -.23 -.10
-5.65 -4.02 9.48 .50 -.41 -.20
-4.89 -3.17 8.42 .50 -.41 -.20
-4.89 -3.17 8.42 .44 -.54 -.18
-4.52 -3.21 7.49 .44 -.54 -.18
-4.52 -3.21 7.49 .22 -.54 -.15
-4.97 -3.30 7.11 .22 -.54 -.15
-4.97 -3.30 7.11 .10 -.43 -.05
-5.02 -3.28 6.85 .10 -.43 -.05
-5.02 -3.28 6.85 -.06 -.43 .03
-4.70 -4.07 6.73 -.06 -.43 .03
-4.70 -4.07 6.73 -.16 -.30 .07
-4.87 -4.26 6.40 -.16 -.30 .07
-4.87 -4.26 6.40 -.16 -.18 .21
-5.10 -4.49 6.53 -.16 -.18 .21
-5.10 -4.49 6.53 -.11 -.08 .27
-5.74 -4.63 6.80 -.11 -.08 .27
