-5.74 -4.63 6.80 -.15 .00 .27
.36 6.09 -17.61 -3.40 1.85 1.31
.36 6.09 -17.61 -3.96 3.68 2.65
-4.73 7.41 -22.75 -3.96 3.68 2.65
-4.73 7.41 -22.75 -5.56 6.27 4.68
-11.66 13.10 -20.03 -5.56 6.27 4.68
-11.66 13.10 -20.03 -8.55 8.88 6.89
-13.07 17.71 -16.60 -8.55 8.88 6.89
-13.07 17.71 -16.60 -9.11 10.97 9.22
-19.82 -3.37 -14.52 -9.11 10.97 9.22
-19.82 -3.37 -14.52 -7.29 14.03 9.70
-45.89 -35.79 -4.68 -7.29 14.03 9.70
-45.89 -35.79 -4.68 -2.98 12.47 9.50
-43.66 -36.12 16.96 -2.98 12.47 9.50
-43.66 -36.12 16.96 8.97 10.11 6.50
-33.30 -7.32 32.68 8.97 10.11 6.50
-33.30 -7.32 32.68 8.88 5.93 4.23
-23.56 1.40 33.95 8.88 5.93 4.23
-23.56 1.40 33.95 3.00 3.43 1.51
-13.98 -1.61 26.56 3.00 3.43 1.51
-13.98 -1.61 26.56 -3.06 1.19 .72
-9.62 -4.61 19.54 -3.06 1.19 .72
-9.62 -4.61 19.54 -6.54 .38 .12
-6.80 -9.46 14.17 -6.54 .38 .12
-6.80 -9.46 14.17 -7.26 -.01 -.20
-6.29 -13.06 11.00 -7.26 -.01 -.20
-6.29 -13.06 11.00 -2.78 -.37 .34
-6.36 -9.47 10.18 -2.78 -.37 .34
-6.36 -9.47 10.18 -.33 -.62 .06
-4.81 -5.15 9.52 -.33 -.62 .06
-4.81 -5.15 9.52 .71 -.87 -.10
-3.90 -4.01 8.70 .71 -.87 -.10
-3.90 -4.01 8.70 .85 -.89 -.13
-3.61 -3.66 7.86 .85 -.89 -.13
-3.61 -3.66 7.86 .48 -.79 -.10
-3.66 -3.76 7.32 .48 -.79 -.10
-3.66 -3.76 7.32 .12 -.63 -.04
-3.79 -3.95 7.04 .12 -.63 -.04
-3.79 -3.95 7.04 -.17 -.40 -.02
-3.65 -4.93 7.28 -.17 -.40 -.02
-3.65 -4.93 7.28 -.21 -.16 .03
-4.23 -5.46 7.46 -.21 -.16 .03
-4.23 -5.46 7.46 -.07 .05 .14
-4.88 -5.73 7.41 -.07 .05 .14
-4.88 -5.73 7.41 .13 .12 .25
-5.16 -5.34 6.77 .13 .12 .25
-5.16 -5.34 6.77 .19 .03 .25
-5.04 -5.34 6.41 .19 .03 .25
-5.04 -5.34 6.41 .17 -.03 .14
