-5.09 -5.51 6.89 .17 -.03 .14
-5.09 -5.51 6.89 .14 -.07 .05
1.71 5.14 -12.36 -2.20 2.63 1.24
1.71 5.14 -12.36 -3.01 3.61 1.69
-3.56 -1.52 -4.41 -2.93 6.44 2.59
-3.56 -1.52 -4.41 -3.01 3.61 1.69
-2.91 6.08 -3.09 -4.50 8.64 4.13
-2.91 6.08 -3.09 -2.93 6.44 2.59
.02 9.79 -3.55 -4.50 8.64 4.13
.02 9.79 -3.55 -5.37 9.83 5.68
-8.85 -15.03 -12.85 -5.37 9.83 5.68
-8.85 -15.03 -12.85 -2.59 12.43 5.37
-40.20 -29.30 6.87 1.45 13.51 4.37
-40.20 -29.30 6.87 -2.59 12.43 5.37
-34.20 -12.33 25.68 1.45 13.51 4.37
-34.20 -12.33 25.68 6.13 6.07 2.72
-17.06 1.81 28.90 6.13 6.07 2.72
-17.06 1.81 28.90 2.22 3.31 1.27
-15.39 -.17 26.10 -2.05 1.62 1.07
-15.39 -.17 26.10 2.22 3.31 1.27
-8.90 -2.97 21.21 -4.26 .00 .47
-8.90 -2.97 21.21 -2.05 1.62 1.07
-5.37 -5.34 19.10 -4.26 .00 .47
-5.37 -5.34 19.10 -4.84 -.32 .57
-6.76 -8.18 16.51 -4.15 -.12 .44
-6.76 -8.18 16.51 -4.84 -.32 .57
-7.07 -11.44 12.91 -1.56 -.26 .17
-7.07 -11.44 12.91 -4.15 -.12 .44
-6.11 -6.09 11.34 -1.56 -.26 .17
-6.11 -6.09 11.34 .80 -.74 .17
-4.76 -3.65 10.33 1.17 -.81 -.10
-4.76 -3.65 10.33 .80 -.74 .17
-4.22 -2.71 9.43 .67 -.82 -.26
-4.22 -2.71 9.43 1.17 -.81 -.10
-3.93 -3.62 8.54 .04 -.81 -.34
-3.93 -3.62 8.54 .67 -.82 -.26
-4.10 -4.20 7.88 -.34 -.81 -.26
-4.10 -4.20 7.88 .04 -.81 -.34
-4.05 -4.57 7.10 -.53 -.80 -.18
-4.05 -4.57 7.10 -.34 -.81 -.26
-3.81 -5.14 6.66 -.41 -.74 -.14
-3.81 -5.14 6.66 -.53 -.80 -.18
-3.95 -5.50 6.55 -.08 -.60 -.15
-3.95 -5.50 6.55 -.41 -.74 -.14
-4.07 -5.25 6.90 .08 -.57 -.14
-4.07 -5.25 6.90 -.08 -.60 -.15
-4.27 -5.42 6.99 -.06 -.50 -.20
-4.27 -5.42 6.99 .08 -.57 -.14
-4.22 -5.05 6.99 -.14 -.51 -.16
-4.22 -5.05 6.99 -.06 -.50 -.20
-4.13 -4.70 7.23 -.30 -.50 -.21
