-4.72 -2.90 8.46 -.12 -1.14 -.20
-1.19 1.32 -14.48 -.81 1.65 1.55
-1.19 1.32 -14.48 -2.15 3.01 1.85
-5.49 -1.87 -19.11 -2.15 3.01 1.85
-5.49 -1.87 -19.11 -3.42 5.56 2.04
-5.64 -.62 -19.38 -3.42 5.56 2.04
-5.64 -.62 -19.38 -3.99 8.60 2.34
-6.05 1.77 -17.16 -3.99 8.60 2.34
-6.05 1.77 -17.16 -2.12 11.79 3.27
-8.37 -3.43 -15.09 -2.12 11.79 3.27
-8.37 -3.43 -15.09 1.53 18.17 2.91
-48.81 -5.65 7.46 1.53 18.17 2.91
-48.81 -5.65 7.46 -.73 17.45 1.18
-38.81 -15.94 23.67 -.73 17.45 1.18
-38.81 -15.94 23.67 3.41 10.99 .66
-35.37 1.62 34.12 3.41 10.99 .66
-35.37 1.62 34.12 4.48 7.71 1.12
-25.34 5.91 34.61 4.48 7.71 1.12
-25.34 5.91 34.61 1.42 3.93 .02
-16.58 3.94 27.63 1.42 3.93 .02
-16.58 3.94 27.63 -2.19 1.55 -.36
-11.42 -1.31 21.30 -2.19 1.55 -.36
-11.42 -1.31 21.30 -4.21 .54 -.60
-9.09 -4.62 18.83 -4.21 .54 -.60
-9.09 -4.62 18.83 -4.16 .06 -.65
-7.52 -4.92 16.91 -4.16 .06 -.65
-7.52 -4.92 16.91 -2.72 -.37 -.56
-6.56 -2.65 14.91 -2.72 -.37 -.56
-6.56 -2.65 14.91 -1.19 -.79 -.35
-5.60 -1.32 12.96 -1.19 -.79 -.35
-5.60 -1.32 12.96 -.50 -1.11 -.18
-4.86 -1.09 11.68 -.50 -1.11 -.18
-4.86 -1.09 11.68 -.41 -1.27 -.06
-4.66 -1.69 10.53 -.41 -1.27 -.06
-4.66 -1.69 10.53 -.51 -1.29 .04
-4.55 -2.31 9.22 -.51 -1.29 .04
-4.55 -2.31 9.22 -.44 -1.32 .13
-4.61 -2.25 8.54 -.44 -1.32 .13
-4.61 -2.25 8.54 -.22 -1.29 .11
