-4.13 -4.70 7.23 -.14 -.51 -.16
3.80 5.85 -13.46 -1.48 .80 .76
3.80 5.85 -13.46 -1.93 1.50 1.28
1.65 7.57 -22.10 -2.30 3.58 2.56
1.65 7.57 -22.10 -1.93 1.50 1.28
-9.05 2.79 -18.86 -4.56 6.79 4.44
-9.05 2.79 -18.86 -2.30 3.58 2.56
-8.55 9.62 -15.48 -8.00 9.25 6.23
-8.55 9.62 -15.48 -4.56 6.79 4.44
-6.87 11.28 -11.81 -7.17 11.91 8.12
-6.87 11.28 -11.81 -8.00 9.25 6.23
-18.46 -13.23 -5.75 -5.54 14.59 6.95
-18.46 -13.23 -5.75 -7.17 11.91 8.12
-43.51 -38.69 -.14 -.54 12.96 7.52
-43.51 -38.69 -.14 -5.54 14.59 6.95
-41.39 -27.93 29.52 9.76 8.27 4.69
-41.39 -27.93 29.52 -.54 12.96 7.52
-27.05 -4.00 34.32 6.81 3.37 2.27
-27.05 -4.00 34.32 9.76 8.27 4.69
-14.29 2.98 29.45 -.01 .82 .54
-14.29 2.98 29.45 6.81 3.37 2.27
-9.55 -3.29 23.19 -4.84 -.12 -.45
-9.55 -3.29 23.19 -.01 .82 .54
-6.01 -8.53 19.23 -5.80 -.37 -1.09
-6.01 -8.53 19.23 -4.84 -.12 -.45
-4.22 -7.64 16.09 -2.47 -.31 -.23
-4.22 -7.64 16.09 -5.80 -.37 -1.09
-5.49 -3.47 13.55 .38 -.30 .35
-5.49 -3.47 13.55 -2.47 -.31 -.23
-5.30 -3.01 11.23 1.34 -.35 .06
-5.30 -3.01 11.23 .38 -.30 .35
-4.86 -2.30 9.40 1.54 -.51 .06
-4.86 -2.30 9.40 1.34 -.35 .06
-4.66 -2.08 8.43 1.02 -.52 -.08
-4.66 -2.08 8.43 1.54 -.51 .06
-4.28 -2.57 7.80 .08 -.56 -.11
-4.28 -2.57 7.80 1.02 -.52 -.08
-4.63 -3.57 7.31 -.39 -.46 -.12
-4.63 -3.57 7.31 .08 -.56 -.11
-4.93 -4.48 6.73 -.39 -.46 -.01
-4.93 -4.48 6.73 -.39 -.46 -.12
-4.73 -4.88 6.20 -.10 -.49 .06
-4.73 -4.88 6.20 -.39 -.46 -.01
-4.51 -4.48 6.45 .06 -.52 .16
-4.51 -4.48 6.45 -.10 -.49 .06
-4.57 -4.31 7.21 -.09 -.42 .17
-4.57 -4.31 7.21 .06 -.52 .16
-4.98 -4.36 7.29 -.36 -.39 .17
-4.98 -4.36 7.29 -.09 -.42 .17
-5.05 -4.67 7.23 -.50 -.43 .12
