-5.05 -4.67 7.23 -.36 -.39 .17
4.92 6.81 -12.42 .25 1.54 1.30
4.92 6.81 -12.42 -1.36 2.12 1.29
2.59 3.13 -16.97 -1.36 2.12 1.29
2.59 3.13 -16.97 -2.43 3.82 1.47
-6.93 -2.87 -8.33 -2.43 3.82 1.47
-6.93 -2.87 -8.33 -4.17 6.15 2.37
-3.55 -.96 -4.38 -5.11 10.00 3.00
-3.55 -.96 -4.38 -4.17 6.15 2.37
-3.97 7.31 -2.51 -5.11 10.00 3.00
-3.97 7.31 -2.51 -3.46 10.96 4.86
-3.57 -3.88 -3.85 -3.46 10.96 4.86
-3.57 -3.88 -3.85 -1.97 12.42 4.40
-17.67 -14.82 7.27 -2.61 14.63 2.34
-17.67 -14.82 7.27 -1.97 12.42 4.40
-37.82 -19.78 9.76 -2.61 14.63 2.34
-37.82 -19.78 9.76 -1.04 11.32 2.33
-27.34 -18.59 20.27 -1.04 11.32 2.33
-27.34 -18.59 20.27 1.58 6.49 .87
-19.86 -7.78 22.19 1.58 6.49 .87
-19.86 -7.78 22.19 1.94 4.19 .67
-15.65 -1.65 24.12 1.94 4.19 .67
-15.65 -1.65 24.12 .93 1.88 .53
-9.24 -.97 22.14 .93 1.88 .53
-9.24 -.97 22.14 -1.00 .39 .12
-5.79 -1.77 19.22 -1.00 .39 .12
-5.79 -1.77 19.22 -2.47 .10 -.58
-7.55 -2.09 16.81 -2.47 .10 -.58
-7.55 -2.09 16.81 -2.87 .21 -.34
-7.70 -.49 14.23 -2.87 .21 -.34
-7.70 -.49 14.23 -1.96 -.34 .16
-6.68 -1.47 11.28 -1.96 -.34 .16
-6.68 -1.47 11.28 -1.35 -.74 .23
-6.58 -2.33 9.54 -1.35 -.74 .23
-6.58 -2.33 9.54 -.54 -.97 .23
-5.43 -2.92 8.32 -.54 -.97 .23
-5.43 -2.92 8.32 .00 -1.19 .23
-4.59 -2.73 7.54 .00 -1.19 .23
-4.59 -2.73 7.54 .16 -.91 .30
-4.67 -2.04 7.79 .16 -.91 .30
-4.67 -2.04 7.79 -.27 -.71 .28
-4.91 -2.65 7.88 -.27 -.71 .28
-4.91 -2.65 7.88 -.86 -.52 .14
-4.92 -3.63 7.65 -.86 -.52 .14
-4.92 -3.63 7.65 -1.11 -.41 .09
-4.91 -4.20 7.57 -1.11 -.41 .09
-4.91 -4.20 7.57 -1.06 -.35 .08
-4.74 -3.98 7.20 -1.06 -.35 .08
