-4.74 -3.98 7.20 -.92 -.38 .12
-4.31 -4.25 7.14 -.92 -.38 .12
-4.31 -4.25 7.14 -.83 -.39 .11
-8.73 .78 -6.48 -5.42 9.76 6.41
-8.73 .78 -6.48 -2.74 12.92 7.09
-25.92 -15.43 10.41 -2.74 12.92 7.09
-36.56 -17.48 12.78 -1.86 14.93 6.09
-25.92 -15.43 10.41 -1.86 14.93 6.09
-36.56 -17.48 12.78 .30 11.58 5.47
-41.21 -19.68 20.54 .30 11.58 5.47
-41.21 -19.68 20.54 1.74 8.93 3.26
-28.46 -8.11 25.88 .43 2.20 1.66
-28.46 -8.11 25.88 1.74 8.93 3.26
-17.90 -5.63 22.58 .43 2.20 1.66
-17.90 -5.63 22.58 -1.98 .32 .96
-10.90 -8.20 18.90 -1.98 .32 .96
-10.90 -8.20 18.90 -3.48 -.56 .39
-7.32 -9.28 17.05 -3.48 -.56 .39
-7.32 -9.28 17.05 -3.86 -1.01 -.02
-4.97 -9.54 13.76 -3.86 -1.01 -.02
-4.97 -9.54 13.76 -3.34 -.90 -.39
-4.97 -8.25 10.68 -3.34 -.90 -.39
-4.97 -8.25 10.68 -1.80 -.58 -.26
-4.81 -6.11 8.65 -1.80 -.58 -.26
-4.81 -6.11 8.65 -.36 -.65 -.21
-3.45 -4.68 7.36 -.36 -.65 -.21
-3.45 -4.68 7.36 .30 -.71 -.33
-3.13 -4.07 7.12 .30 -.71 -.33
-3.13 -4.07 7.12 .60 -.53 -.27
-3.99 -3.62 6.87 .60 -.53 -.27
-3.99 -3.62 6.87 .63 -.42 -.18
-3.74 -4.05 6.87 .63 -.42 -.18
-3.74 -4.05 6.87 .65 -.45 -.08
-3.67 -4.12 6.99 .65 -.45 -.08
-3.58 -4.66 7.16 .63 -.35 .07
-3.67 -4.12 6.99 .63 -.35 .07
-3.58 -4.66 7.16 .56 -.20 .21
-4.47 -4.83 7.00 .56 -.20 .21
-4.47 -4.83 7.00 .43 .00 .31
-4.83 -5.09 6.68 .30 .03 .32
-4.83 -5.09 6.68 .43 .00 .31
-5.24 -5.49 6.65 .26 .13 .24
-5.24 -5.49 6.65 .30 .03 .32
-5.81 -5.33 6.70 .26 .13 .24
-5.81 -5.33 6.70 .18 .13 .13
-5.84 -5.14 6.79 .18 .13 .13
-5.84 -5.14 6.79 .11 .02 .00
-5.67 -5.18 6.79 .11 .02 .00
-5.67 -5.18 6.79 .04 -.06 -.11
-5.50 -5.06 6.72 .04 -.06 -.11
