-5.50 -5.06 6.72 .01 -.15 -.17
-5.27 -5.01 6.91 .01 -.15 -.17
-5.27 -5.01 6.91 .00 -.17 -.22
4.19 3.97 -8.86 -1.19 .30 .08
4.19 3.97 -8.86 -1.82 .82 .34
2.59 5.45 -17.96 -1.82 .82 .34
2.59 5.45 -17.96 -1.79 2.11 .99
-3.28 2.34 -15.53 -1.79 2.11 .99
-3.28 2.34 -15.53 -2.15 4.78 2.21
-5.68 5.54 -16.55 -2.15 4.78 2.21
-5.68 5.54 -16.55 -5.13 7.65 3.46
-5.05 12.68 -12.89 -5.13 7.65 3.46
-5.05 12.68 -12.89 -5.65 10.23 5.18
-6.66 9.97 -12.56 -5.65 10.23 5.18
-6.66 9.97 -12.56 -5.47 13.48 6.17
-26.42 -18.18 -5.74 -5.47 13.48 6.17
-26.42 -18.18 -5.74 -6.50 16.16 4.80
-37.08 -32.66 6.25 -6.50 16.16 4.80
-37.08 -32.66 6.25 2.40 10.89 5.98
-33.61 -14.59 27.60 2.40 10.89 5.98
-33.61 -14.59 27.60 8.52 8.34 3.33
-23.64 2.85 34.76 8.52 8.34 3.33
-23.64 2.85 34.76 5.77 4.20 1.99
-13.89 5.08 29.77 5.77 4.20 1.99
-13.89 5.08 29.77 -.04 2.10 .61
-10.77 -1.16 22.22 -.04 2.10 .61
-10.77 -1.16 22.22 -4.49 1.15 .06
-8.30 -5.39 18.09 -4.49 1.15 .06
-8.30 -5.39 18.09 -5.92 .27 -.30
-6.20 -8.53 14.87 -5.92 .27 -.30
-6.20 -8.53 14.87 -5.01 -.04 -.33
-6.63 -8.09 12.17 -5.01 -.04 -.33
-6.63 -8.09 12.17 -2.88 -.32 -.07
-5.64 -5.71 10.24 -2.88 -.32 -.07
-5.64 -5.71 10.24 -1.08 -.85 -.12
-4.25 -3.87 9.34 -1.08 -.85 -.12
-4.25 -3.87 9.34 -.29 -1.02 -.13
-3.86 -3.28 8.99 -.29 -1.02 -.13
-3.86 -3.28 8.99 -.11 -.96 -.07
