-3.56 -3.01 8.55 -.11 -.96 -.07
-3.56 -3.01 8.55 -.23 -.85 -.07
-3.20 -2.84 7.92 -.23 -.85 -.07
-3.20 -2.84 7.92 -.35 -.66 -.12
-3.27 -3.19 7.74 -.35 -.66 -.12
-3.27 -3.19 7.74 -.41 -.35 -.19
-3.80 -3.55 7.73 -.41 -.35 -.19
-3.80 -3.55 7.73 -.39 -.07 -.20
-4.10 -4.24 7.87 -.39 -.07 -.20
-4.10 -4.24 7.87 -.33 .05 -.19
-4.28 -4.31 8.15 -.33 .05 -.19
-4.28 -4.31 8.15 -.29 .08 -.11
-4.57 -4.67 8.09 -.29 .08 -.11
-4.57 -4.67 8.09 -.27 .07 -.05
1.89 4.44 -12.11 .65 -.01 .39
1.89 4.44 -12.11 -.86 .81 .64
-.08 5.18 -18.56 -1.91 2.80 1.20
-.08 5.18 -18.56 -.86 .81 .64
-5.90 2.04 -17.63 -4.08 5.94 2.36
-5.90 2.04 -17.63 -1.91 2.80 1.20
-8.23 6.55 -17.70 -7.23 8.94 3.74
-8.23 6.55 -17.70 -4.08 5.94 2.36
-6.50 14.15 -19.50 -7.61 12.01 5.82
-6.50 14.15 -19.50 -7.23 8.94 3.74
-16.56 4.27 -13.51 -7.61 12.01 5.82
-16.56 4.27 -13.51 -9.16 15.81 6.01
-47.61 -28.10 2.81 -9.16 15.81 6.01
-47.61 -28.10 2.81 -8.30 13.80 6.37
-38.22 -40.13 21.25 -8.30 13.80 6.37
-38.22 -40.13 21.25 4.53 7.32 3.94
-21.58 -10.36 32.64 4.53 7.32 3.94
-21.58 -10.36 32.64 4.58 2.55 3.17
-14.79 -4.59 26.26 .67 .41 1.70
-14.79 -4.59 26.26 4.58 2.55 3.17
-8.27 -6.29 21.92 -2.53 -.78 .71
-8.27 -6.29 21.92 .67 .41 1.70
-5.16 -8.19 19.37 -4.39 -.71 .23
-5.16 -8.19 19.37 -2.53 -.78 .71
-4.54 -8.89 14.84 -4.39 -.46 .10
-4.54 -8.89 14.84 -4.39 -.71 .23
-4.52 -8.74 10.81 -2.78 -.28 -.02
-4.52 -8.74 10.81 -4.39 -.46 .10
-4.66 -8.35 8.60 -1.02 -.21 -.37
-4.66 -8.35 8.60 -2.78 -.28 -.02
-4.32 -7.40 8.34 .29 -.33 -.62
-4.32 -7.40 8.34 -1.02 -.21 -.37
-3.58 -5.54 8.26 1.23 -.53 -.49
-3.58 -5.54 8.26 .29 -.33 -.62
-2.84 -3.89 7.60 1.49 -.66 -.31
-2.84 -3.89 7.60 1.23 -.53 -.49
-2.49 -3.32 6.99 1.25 -.59 -.15
-2.49 -3.32 6.99 1.49 -.66 -.31
-2.70 -3.65 6.92 1.25 -.59 -.15
-2.95 -4.21 6.98 .88 -.40 -.04
-2.70 -3.65 6.92 .88 -.40 -.04
-2.95 -4.21 6.98 .49 -.22 .01
-2.89 -4.65 6.95 .49 -.22 .01
-2.89 -4.65 6.95 .25 -.06 .05
-3.29 -5.30 7.18 .25 -.06 .05
-3.29 -5.30 7.18 .16 .15 .05
