-4.11 -5.59 7.12 .16 .15 .05
-4.11 -5.59 7.12 .11 .25 .04
-4.49 -5.71 7.02 .11 .25 .04
-4.49 -5.71 7.02 .13 .24 .02
-1.88 4.44 -19.34 -2.74 3.57 1.97
-1.88 4.44 -19.34 -3.88 5.49 3.03
-4.46 5.93 -19.28 -6.25 8.47 4.19
-4.46 5.93 -19.28 -3.88 5.49 3.03
-8.24 10.30 -17.18 -6.25 8.47 4.19
-13.07 7.86 -14.86 -7.71 11.33 5.52
-8.24 10.30 -17.18 -7.71 11.33 5.52
-13.07 7.86 -14.86 -6.94 14.47 6.62
-34.45 -18.86 .71 -6.94 14.47 6.62
-34.45 -18.86 .71 -9.29 15.16 4.39
-34.78 -41.34 12.44 -9.29 15.16 4.39
-34.78 -41.34 12.44 -1.26 9.88 6.61
-33.43 -23.67 26.30 -1.26 9.88 6.61
-33.43 -23.67 26.30 5.81 8.03 5.17
-26.87 -8.36 30.16 5.81 8.03 5.17
-26.87 -8.36 30.16 4.91 4.39 3.46
-16.64 -2.60 24.88 4.91 4.39 3.46
-16.64 -2.60 24.88 1.13 1.33 2.17
-10.31 -4.25 20.08 1.13 1.33 2.17
-10.31 -4.25 20.08 -2.40 .00 .88
-8.41 -7.11 18.48 -2.40 .00 .88
-8.41 -7.11 18.48 -4.50 -.22 .06
-6.71 -9.68 15.11 -4.50 -.22 .06
-6.71 -9.68 15.11 -4.98 -.43 -.20
-5.20 -10.82 11.34 -4.98 -.43 -.20
-5.20 -10.82 11.34 -3.17 -.19 -.32
-5.86 -8.62 9.55 -3.17 -.19 -.32
-5.86 -8.62 9.55 -.91 -.10 -.19
-6.06 -6.59 8.60 -.91 -.10 -.19
-6.06 -6.59 8.60 .47 -.29 -.44
-4.87 -5.26 7.99 .47 -.29 -.44
-4.87 -5.26 7.99 1.23 -.54 -.54
-4.16 -4.23 7.77 1.23 -.54 -.54
-4.16 -4.23 7.77 1.43 -.59 -.44
-4.63 -3.39 8.20 1.43 -.59 -.44
-4.63 -3.39 8.20 1.22 -.50 -.28
-5.49 -2.93 8.50 1.22 -.50 -.28
-5.49 -2.93 8.50 .67 -.44 -.19
-5.47 -3.56 8.23 .67 -.44 -.19
-5.47 -3.56 8.23 .13 -.52 -.13
-5.22 -4.06 7.25 .13 -.52 -.13
-5.22 -4.06 7.25 -.24 -.52 -.12
-4.79 -4.42 6.60 -.24 -.52 -.12
-4.79 -4.42 6.60 -.41 -.53 -.12
-4.77 -4.79 7.62 -.41 -.53 -.12
-4.77 -4.79 7.62 -.34 -.44 -.16
-5.57 -4.73 7.72 -.34 -.44 -.16
-5.57 -4.73 7.72 -.34 -.44 -.14
-5.16 -4.61 7.03 -.34 -.44 -.14
