-5.16 -4.61 7.03 -.33 -.64 -.17
2.01 2.04 -12.99 .09 -1.87 .46
2.01 2.04 -12.99 -.72 -.86 .80
.12 3.34 -16.51 -1.21 .85 1.21
.12 3.34 -16.51 -.72 -.86 .80
-3.77 4.33 -19.12 -1.30 3.34 2.05
-3.77 4.33 -19.12 -1.21 .85 1.21
-5.65 3.98 -23.44 -3.15 8.31 3.76
-5.65 3.98 -23.44 -1.30 3.34 2.05
-7.41 6.46 -26.93 -3.82 12.46 4.53
-7.41 6.46 -26.93 -3.15 8.31 3.76
-18.39 13.05 -37.39 -5.95 17.40 4.02
-18.39 13.05 -37.39 -3.82 12.46 4.53
-42.91 -27.78 -14.19 -5.12 20.80 3.88
-42.91 -27.78 -14.19 -5.95 17.40 4.02
-50.28 -21.77 8.64 2.97 15.37 5.42
-50.28 -21.77 8.64 -5.12 20.80 3.88
-56.42 -10.29 30.68 9.38 13.90 4.23
-56.42 -10.29 30.68 2.97 15.37 5.42
-44.35 18.03 44.59 7.10 6.45 2.46
-44.35 18.03 44.59 9.38 13.90 4.23
-25.09 14.35 33.70 -1.63 2.10 1.04
-25.09 14.35 33.70 7.10 6.45 2.46
-17.09 1.05 22.97 -7.26 -.09 .14
-17.09 1.05 22.97 -1.63 2.10 1.04
-11.37 -9.02 18.50 -8.82 -.76 -.33
-11.37 -9.02 18.50 -7.26 -.09 .14
-8.89 -15.02 14.94 -8.82 -.76 -.33
-8.89 -15.02 14.94 -5.96 -.26 -.37
-7.49 -9.82 12.78 -5.96 -.26 -.37
-7.49 -9.82 12.78 -1.54 -.24 .02
-6.55 -3.76 11.81 .69 -.42 .02
-6.55 -3.76 11.81 -1.54 -.24 .02
-5.58 -1.25 11.21 .84 -.57 -.15
-5.58 -1.25 11.21 .69 -.42 .02
-4.77 -1.36 10.40 .84 -.57 -.15
-4.77 -1.36 10.40 .27 -.72 -.24
-4.59 -2.20 8.60 .27 -.72 -.24
-4.59 -2.20 8.60 -.26 -.75 -.26
-4.45 -2.66 7.17 -.55 -.74 -.21
-4.45 -2.66 7.17 -.26 -.75 -.26
-4.40 -2.85 6.76 -.66 -.66 -.10
-4.40 -2.85 6.76 -.55 -.74 -.21
-4.80 -2.60 7.32 -.66 -.66 -.10
-4.80 -2.60 7.32 -.66 -.58 .01
-5.24 -2.87 7.34 -.74 -.57 .12
-5.24 -2.87 7.34 -.66 -.58 .01
-5.25 -3.09 6.97 -.80 -.59 .22
-5.25 -3.09 6.97 -.74 -.57 .12
-5.31 -3.22 6.99 -.83 -.57 .31
