-5.31 -3.22 6.99 -.80 -.59 .22
1.50 9.55 -16.37 -1.24 1.46 1.42
1.50 9.55 -16.37 -2.36 2.90 2.69
-1.46 7.74 -21.09 -2.36 2.90 2.69
-1.46 7.74 -21.09 -4.06 4.98 3.91
-6.70 4.89 -22.24 -4.06 4.98 3.91
-6.70 4.89 -22.24 -6.07 7.59 5.47
-12.28 3.84 -22.02 -6.37 10.30 6.34
-12.28 3.84 -22.02 -6.07 7.59 5.47
-15.93 -1.35 -24.08 -6.37 10.30 6.34
-15.93 -1.35 -24.08 -3.88 13.14 6.82
-22.76 -6.40 -17.56 -3.88 13.14 6.82
-22.76 -6.40 -17.56 -3.47 16.80 6.07
-51.04 -19.97 6.39 -3.47 16.80 6.07
-51.04 -19.97 6.39 -3.51 16.79 4.14
-40.92 -34.48 18.78 -3.51 16.79 4.14
-40.92 -34.48 18.78 3.10 13.33 2.62
-45.30 -9.45 34.67 3.10 13.33 2.62
-45.30 -9.45 34.67 7.13 9.54 2.61
-27.71 9.17 35.18 7.13 9.54 2.61
-27.71 9.17 35.18 4.55 4.22 1.97
-16.86 7.76 28.06 4.55 4.22 1.97
-16.86 7.76 28.06 -.85 1.18 1.30
-12.14 -.19 21.30 -.85 1.18 1.30
-12.14 -.19 21.30 -4.69 -.31 .71
-9.51 -5.19 17.47 -6.13 -.89 .06
-9.51 -5.19 17.47 -4.69 -.31 .71
-6.78 -9.13 13.61 -5.19 -.87 -.26
-6.78 -9.13 13.61 -6.13 -.89 .06
-5.66 -8.73 11.00 -2.86 -.73 -.11
-5.66 -8.73 11.00 -5.19 -.87 -.26
-5.60 -6.00 10.07 -.75 -.73 -.02
-5.60 -6.00 10.07 -2.86 -.73 -.11
-5.33 -3.92 9.15 .25 -.91 .00
-5.33 -3.92 9.15 -.75 -.73 -.02
-4.58 -3.19 8.48 .51 -1.05 .10
-4.58 -3.19 8.48 .25 -.91 .00
-4.29 -2.72 7.77 .40 -1.08 .23
-4.29 -2.72 7.77 .51 -1.05 .10
-4.50 -2.81 7.26 .03 -1.03 .21
-4.50 -2.81 7.26 .40 -1.08 .23
-4.99 -2.86 7.24 -.28 -.88 .19
-4.99 -2.86 7.24 .03 -1.03 .21
-5.46 -3.34 7.33 -.49 -.76 .18
-5.46 -3.34 7.33 -.28 -.88 .19
-5.49 -4.15 7.14 -.66 -.69 .19
-5.49 -4.15 7.14 -.49 -.76 .18
-5.55 -4.51 7.17 -.54 -.63 .23
-5.55 -4.51 7.17 -.66 -.69 .19
-5.75 -4.01 6.91 -.43 -.69 .21
