-5.75 -4.01 6.91 -.54 -.63 .23
2.76 5.82 -10.25 1.03 -1.41 -.11
2.76 5.82 -10.25 -.45 -.11 .58
-.90 5.26 -14.99 -.83 1.15 1.20
-.90 5.26 -14.99 -.45 -.11 .58
-4.71 5.57 -17.91 -1.66 2.91 2.36
-4.71 5.57 -17.91 -.83 1.15 1.20
-5.68 8.17 -21.98 -4.20 6.81 3.93
-5.68 8.17 -21.98 -1.66 2.91 2.36
-9.28 6.88 -26.80 -6.16 10.63 4.89
-9.28 6.88 -26.80 -4.20 6.81 3.93
-11.83 7.07 -29.75 -6.67 14.83 6.08
-11.83 7.07 -29.75 -6.16 10.63 4.89
-29.05 -.54 -19.42 -8.58 18.94 7.43
-29.05 -.54 -19.42 -6.67 14.83 6.08
-59.47 -33.96 10.78 -4.33 15.44 6.72
-59.47 -33.96 10.78 -8.58 18.94 7.43
-44.66 -35.81 27.76 6.51 11.69 4.41
-44.66 -35.81 27.76 -4.33 15.44 6.72
-35.75 -7.28 47.46 8.01 6.42 2.63
-35.75 -7.28 47.46 6.51 11.69 4.41
-18.90 4.86 40.44 2.30 1.76 .99
-18.90 4.86 40.44 8.01 6.42 2.63
-8.79 -1.12 27.98 -3.50 -.23 -.43
-8.79 -1.12 27.98 2.30 1.76 .99
-4.79 -6.24 19.80 -5.10 -.99 -.43
-4.79 -6.24 19.80 -3.50 -.23 -.43
-2.50 -6.87 15.97 -4.01 -1.18 -.22
-2.50 -6.87 15.97 -5.10 -.99 -.43
-2.67 -5.64 13.71 -1.65 -1.07 .22
-2.67 -5.64 13.71 -4.01 -1.18 -.22
-4.20 -3.02 12.76 -.25 -1.09 .24
-4.20 -3.02 12.76 -1.65 -1.07 .22
-4.45 -1.43 11.97 .16 -1.23 .21
-4.45 -1.43 11.97 -.25 -1.09 .24
-3.90 -1.87 11.11 -.13 -1.33 .05
-3.90 -1.87 11.11 .16 -1.23 .21
-4.01 -2.76 9.54 -.63 -1.31 -.18
-4.01 -2.76 9.54 -.13 -1.33 .05
-3.77 -3.43 8.30 -.77 -1.31 -.39
-3.77 -3.43 8.30 -.63 -1.31 -.18
-3.30 -3.74 7.64 -.68 -1.17 -.53
-3.30 -3.74 7.64 -.77 -1.31 -.39
-3.21 -3.75 7.85 -.20 -.93 -.52
-3.21 -3.75 7.85 -.68 -1.17 -.53
-3.21 -2.98 8.31 .08 -.82 -.36
-3.21 -2.98 8.31 -.20 -.93 -.52
-2.61 -2.58 8.25 .02 -.71 -.26
-2.61 -2.58 8.25 .08 -.82 -.36
