-2.35 -3.03 8.12 -.18 -.60 -.16
-2.35 -3.03 8.12 .02 -.71 -.26
-1.20 7.00 -17.61 -2.76 3.52 2.40
-1.20 7.00 -17.61 -3.38 5.18 3.50
-5.48 4.11 -20.94 -3.38 5.18 3.50
-5.48 4.11 -20.94 -5.18 7.58 4.66
-11.90 1.54 -22.53 -5.18 7.58 4.66
-11.90 1.54 -22.53 -5.53 10.88 5.98
-12.58 .58 -20.60 -5.53 10.88 5.98
-12.58 .58 -20.60 -.50 13.87 6.43
-29.10 -5.44 -1.41 .30 17.66 4.19
-29.10 -5.44 -1.41 -.50 13.87 6.43
-53.56 -20.66 17.83 .30 17.66 4.19
-53.56 -20.66 17.83 -1.09 15.46 3.13
-43.33 -14.04 33.10 -1.09 15.46 3.13
-43.33 -14.04 33.10 1.71 9.33 2.35
-30.46 -4.73 35.19 .54 4.56 2.11
-18.74 -3.56 28.30 .54 4.56 2.11
-30.46 -4.73 35.19 1.71 9.33 2.35
-18.74 -3.56 28.30 -2.11 1.11 1.67
-11.49 -6.97 22.96 -2.11 1.11 1.67
-8.31 -10.73 19.66 -4.53 -.38 1.02
-11.49 -6.97 22.96 -4.53 -.38 1.02
-8.31 -10.73 19.66 -4.87 -.55 .42
-6.43 -11.71 15.74 -4.87 -.55 .42
-6.43 -11.71 15.74 -2.94 -.38 .11
-6.34 -8.13 13.54 -.51 -.37 .14
-6.34 -8.13 13.54 -2.94 -.38 .11
-6.96 -4.58 12.92 .42 -.55 -.04
-6.96 -4.58 12.92 -.51 -.37 .14
-6.76 -2.99 11.61 .42 -.55 -.04
-6.76 -2.99 11.61 .27 -.96 -.17
-5.47 -3.06 9.90 .27 -.96 -.17
-4.55 -3.52 8.35 -.06 -1.29 -.29
-5.47 -3.06 9.90 -.06 -1.29 -.29
-4.45 -3.83 7.35 -.17 -1.20 -.41
-4.63 -3.62 7.18 -.17 -1.20 -.41
-4.45 -3.83 7.35 -.24 -1.36 -.36
-4.63 -3.62 7.18 -.03 -1.03 -.31
-4.55 -3.52 8.35 -.24 -1.36 -.36
-5.23 -3.46 7.60 -.03 -1.03 -.31
-4.99 -3.46 6.79 .08 -.86 -.27
-5.23 -3.46 7.60 .08 -.86 -.27
