-4.54 -2.13 8.75 -.22 -1.29 .11
-4.54 -2.13 8.75 -.13 -1.23 .06
-4.49 -2.47 8.80 -.13 -1.23 .06
-4.49 -2.47 8.80 -.21 -1.10 .04
-4.45 -3.26 8.30 -.21 -1.10 .04
-4.45 -3.26 8.30 -.29 -.97 .04
-4.34 -3.37 7.84 -.29 -.97 .04
-4.34 -3.37 7.84 -.24 -.91 .03
-4.40 -2.73 7.92 -.24 -.91 .03
-4.40 -2.73 7.92 -.17 -.91 .06
-4.34 -2.97 7.91 -.17 -.91 .06
-4.34 -2.97 7.91 -.32 -.91 -.01
-2.46 3.54 -18.24 -1.27 2.07 2.09
-2.46 3.54 -18.24 -2.13 3.61 2.32
-8.04 .83 -19.50 -2.13 3.61 2.32
-8.04 .83 -19.50 -2.45 6.00 2.80
-10.48 -3.84 -14.67 -2.45 6.00 2.80
-10.48 -3.84 -14.67 -3.63 8.97 3.32
-10.40 -4.45 -11.44 -3.63 8.97 3.32
-10.40 -4.45 -11.44 -3.94 11.56 4.19
-11.58 -5.64 -10.20 -3.94 11.56 4.19
-11.58 -5.64 -10.20 -1.37 14.35 4.66
-28.60 -8.78 2.50 -1.37 14.35 4.66
-28.60 -8.78 2.50 -1.98 17.25 2.17
-42.68 -25.01 16.52 -1.98 17.25 2.17
-42.68 -25.01 16.52 -.83 13.96 .78
-32.89 -7.44 29.01 -.83 13.96 .78
-32.89 -7.44 29.01 3.92 8.53 1.04
-22.35 1.59 34.12 3.92 8.53 1.04
-22.35 1.59 34.12 3.30 5.88 .44
-20.22 6.80 34.32 3.30 5.88 .44
-20.22 6.80 34.32 .27 3.77 .75
-14.13 1.15 25.66 .27 3.77 .75
-14.13 1.15 25.66 -3.06 1.62 .09
-9.22 -2.90 20.48 -3.06 1.62 .09
-9.22 -2.90 20.48 -3.85 .59 -.10
-8.49 -5.76 19.36 -3.85 .59 -.10
-8.49 -5.76 19.36 -2.92 .39 .02
-9.56 -3.65 18.71 -2.92 .39 .02
-9.56 -3.65 18.71 -1.46 -.13 .27
-8.07 -1.89 15.52 -1.46 -.13 .27
-8.07 -1.89 15.52 -.87 -.94 .12
-5.65 -1.63 12.34 -.87 -.94 .12
-5.65 -1.63 12.34 -.69 -1.41 .07
-4.08 -1.91 10.76 -.69 -1.41 .07
-4.08 -1.91 10.76 -.69 -1.53 .07
-3.39 -2.98 10.24 -.69 -1.53 .07
-3.39 -2.98 10.24 -.62 -1.37 .04
-4.03 -3.35 9.75 -.62 -1.37 .04
-4.03 -3.35 9.75 -.46 -1.18 .04
-4.35 -3.16 8.66 -.46 -1.18 .04
-4.35 -3.16 8.66 -.24 -1.19 -.01
-3.44 -3.01 7.77 -.24 -1.19 -.01
-3.44 -3.01 7.77 -.10 -1.24 -.13
-2.73 -3.38 7.50 -.10 -1.24 -.13
-2.73 -3.38 7.50 -.06 -1.10 -.15
-3.14 -3.35 7.47 -.06 -1.10 -.15
-3.14 -3.35 7.47 -.02 -.90 -.09
-3.45 -3.21 7.37 -.02 -.90 -.09
-3.45 -3.21 7.37 -.03 -.87 -.03
