-4.99 -3.46 6.79 -.01 -.83 -.26
-4.33 -3.35 6.16 -.01 -.83 -.26
-4.33 -3.35 6.16 -.13 -.78 -.19
-4.22 -4.13 6.47 -.13 -.78 -.19
-4.22 -4.13 6.47 -.14 -.64 -.16
-4.55 -4.30 6.52 -.14 -.64 -.16
-4.55 -4.30 6.52 -.13 -.56 -.15
-4.33 -4.38 6.83 -.13 -.56 -.15
-4.33 -4.38 6.83 -.09 -.54 -.13
-1.29 5.65 -15.31 -2.67 2.16 2.18
-1.29 5.65 -15.31 -3.09 4.04 3.10
-5.29 5.79 -19.82 -3.09 4.04 3.10
-5.29 5.79 -19.82 -5.24 5.98 4.63
-7.92 9.99 -19.64 -5.24 5.98 4.63
-7.92 9.99 -19.64 -8.02 8.65 5.72
-13.72 6.96 -20.79 -8.02 8.65 5.72
-13.72 6.96 -20.79 -6.55 11.34 7.73
-15.34 -8.63 -19.71 -6.55 11.34 7.73
-15.34 -8.63 -19.71 -1.19 15.06 7.96
-43.15 -22.14 4.11 -1.19 15.06 7.96
-43.15 -22.14 4.11 .82 16.41 5.93
-40.47 -21.57 20.10 .82 16.41 5.93
-40.47 -21.57 20.10 4.71 11.31 3.70
-41.37 -8.43 36.20 4.71 11.31 3.70
-41.37 -8.43 36.20 4.68 8.61 2.44
-27.89 -1.56 35.43 4.68 8.61 2.44
-27.89 -1.56 35.43 .71 3.46 1.18
-15.50 -1.70 25.87 .71 3.46 1.18
-15.50 -1.70 25.87 -2.59 .44 .45
-9.95 -4.96 20.15 -2.59 .44 .45
-9.95 -4.96 20.15 -4.24 -.86 .00
-6.78 -7.39 18.00 -4.24 -.86 .00
-6.78 -7.39 18.00 -4.56 -1.43 -.25
-4.23 -9.73 14.16 -4.56 -1.43 -.25
-4.23 -9.73 14.16 -3.25 -1.25 -.43
-4.41 -7.37 12.15 -3.25 -1.25 -.43
-4.41 -7.37 12.15 -.82 -.90 -.21
-5.13 -3.93 10.97 -.82 -.90 -.21
-5.13 -3.93 10.97 .57 -.97 -.02
-4.72 -2.81 10.00 .91 -1.08 -.05
-4.72 -2.81 10.00 .57 -.97 -.02
-4.99 -2.93 9.24 .91 -1.08 -.05
-4.99 -2.93 9.24 .84 -1.14 .00
-5.20 -2.79 8.84 .84 -1.14 .00
-5.20 -2.79 8.84 .65 -1.25 -.04
-5.16 -2.44 8.58 .65 -1.25 -.04
-5.16 -2.44 8.58 .27 -1.34 -.12
-4.96 -2.95 8.34 .27 -1.34 -.12
-4.96 -2.95 8.34 -.15 -1.29 -.27
-4.73 -3.89 8.42 -.15 -1.29 -.27
-4.73 -3.89 8.42 -.27 -1.21 -.27
-4.84 -3.88 9.05 -.27 -1.21 -.27
-4.84 -3.88 9.05 -.11 -1.17 -.16
-4.93 -4.19 9.27 -.11 -1.17 -.16
-4.93 -4.19 9.27 .02 -1.22 -.12
-4.86 -3.59 8.19 .02 -1.22 -.12
-4.86 -3.59 8.19 .02 -1.41 -.17
