-3.71 -3.68 7.84 .02 -1.41 -.17
-3.71 -3.68 7.84 -.03 -1.59 -.24
-.95 5.38 -16.87 -.67 -1.84 -.26
-.95 5.38 -16.87 -1.80 -.45 .35
-1.81 6.92 -22.90 -3.74 2.09 1.35
-1.81 6.92 -22.90 -1.80 -.45 .35
-3.54 8.62 -27.82 -7.27 5.41 2.89
-3.54 8.62 -27.82 -3.74 2.09 1.35
-8.64 15.17 -28.20 -8.96 9.25 4.88
-8.64 15.17 -28.20 -7.27 5.41 2.89
-16.01 18.31 -28.56 -8.97 12.76 7.62
-16.01 18.31 -28.56 -8.96 9.25 4.88
-26.37 4.34 -21.06 -9.09 15.77 8.34
-26.37 4.34 -21.06 -8.97 12.76 7.62
-49.16 -44.60 -2.40 -3.74 13.99 8.90
-49.16 -44.60 -2.40 -9.09 15.77 8.34
-34.86 -31.84 30.96 10.87 10.39 6.79
-34.86 -31.84 30.96 -3.74 13.99 8.90
-35.51 -4.45 47.75 10.87 10.39 6.79
-35.51 -4.45 47.75 10.10 7.75 3.78
-20.95 5.11 42.48 10.10 7.75 3.78
-20.95 5.11 42.48 2.20 2.35 1.26
-10.76 -2.11 28.50 -4.41 -.26 .07
-10.76 -2.11 28.50 2.20 2.35 1.26
-6.80 -8.22 20.91 -6.16 -1.78 -.09
-6.80 -8.22 20.91 -4.41 -.26 .07
-2.71 -10.77 17.39 -4.67 -2.33 -.18
-2.71 -10.77 17.39 -6.16 -1.78 -.09
-1.03 -8.38 13.31 -2.07 -2.19 -.08
-1.03 -8.38 13.31 -4.67 -2.33 -.18
-1.41 -5.00 10.12 -.36 -1.91 -.03
-1.41 -5.00 10.12 -2.07 -2.19 -.08
-1.14 -2.93 7.86 .12 -1.75 -.05
-1.14 -2.93 7.86 -.36 -1.91 -.03
-.66 -2.42 6.82 .00 -1.46 .02
-.66 -2.42 6.82 .12 -1.75 -.05
-.98 -3.25 6.34 -.13 -1.02 .09
-.98 -3.25 6.34 .00 -1.46 .02
-2.21 -4.28 6.00 .14 -.60 .08
-2.21 -4.28 6.00 -.13 -1.02 .09
-3.09 -3.78 5.36 .42 -.39 .10
-3.09 -3.78 5.36 .14 -.60 .08
-2.83 -3.39 5.29 .56 -.20 .08
-2.83 -3.39 5.29 .42 -.39 .10
-2.27 -3.27 5.62 .56 -.20 .08
-2.27 -3.27 5.62 .47 .11 .07
-2.28 -2.92 6.17 .33 .54 .19
-2.28 -2.92 6.17 .47 .11 .07
-2.59 -3.28 8.37 .23 .89 .33
-2.59 -3.28 8.37 .33 .54 .19
