-2.92 -4.15 10.57 -.04 1.05 .37
-2.92 -4.15 10.57 .23 .89 .33
2.15 9.28 -17.19 -1.17 -.03 .11
2.15 9.28 -17.19 -4.04 2.44 1.91
-6.97 8.20 -26.80 -4.04 2.44 1.91
-6.97 8.20 -26.80 -6.46 5.23 3.54
-17.66 2.19 -25.86 -9.85 7.90 5.02
-17.66 2.19 -25.86 -6.46 5.23 3.54
-14.33 8.06 -24.80 -6.03 9.69 7.46
-14.33 8.06 -24.80 -9.85 7.90 5.02
-9.53 -1.40 -27.04 -6.03 9.69 7.46
-9.53 -1.40 -27.04 -.68 14.72 7.99
-47.69 -13.90 6.83 -.68 14.72 7.99
-47.69 -13.90 6.83 -.41 19.88 6.14
-51.31 -32.65 32.35 -.41 19.88 6.14
-51.31 -32.65 32.35 .96 12.19 3.78
-34.12 -14.31 43.26 2.48 7.55 2.81
-34.12 -14.31 43.26 .96 12.19 3.78
-23.63 -7.35 48.17 2.48 7.55 2.81
-23.63 -7.35 48.17 -.03 3.39 2.04
-20.41 -20.16 47.77 -.03 3.39 2.04
-20.41 -20.16 47.77 -2.02 .47 2.14
-4.26 -7.66 24.20 -2.27 -2.49 -.46
-4.26 -7.66 24.20 -2.02 .47 2.14
-3.16 -5.69 17.66 -2.27 -2.49 -.46
-3.16 -5.69 17.66 -1.88 -2.23 -1.44
-3.08 -4.86 14.84 -1.88 -2.23 -1.44
-3.08 -4.86 14.84 -.77 -2.41 -1.46
-2.40 -2.28 10.18 .45 -2.26 -1.17
-2.40 -2.28 10.18 -.77 -2.41 -1.46
-2.60 .70 6.13 1.08 -1.85 -.62
-2.60 .70 6.13 .45 -2.26 -1.17
-2.04 .20 4.57 1.08 -1.85 -.62
-2.04 .20 4.57 .82 -1.43 -.13
-1.97 -1.54 4.14 .42 -.87 .00
-1.97 -1.54 4.14 .82 -1.43 -.13
-3.24 -2.70 3.86 .47 -.52 -.03
-3.24 -2.70 3.86 .42 -.87 .00
-4.07 -3.60 3.88 .66 -.34 .11
-4.07 -3.60 3.88 .47 -.52 -.03
-4.07 -2.96 4.17 .84 -.33 .22
-4.07 -2.96 4.17 .66 -.34 .11
-3.03 -1.71 5.27 .64 -.27 .21
-3.03 -1.71 5.27 .84 -.33 .22
-2.09 -1.53 6.52 -.09 -.03 .11
-2.09 -1.53 6.52 .64 -.27 .21
-1.70 -3.04 7.41 -.67 .25 .08
-1.70 -3.04 7.41 -.09 -.03 .11
-1.97 -4.05 7.80 -.70 .39 .18
-1.97 -4.05 7.80 -.67 .25 .08
-2.30 -4.24 8.12 -.30 .42 .33
