-2.30 -4.24 8.12 -.70 .39 .18
3.84 4.65 -12.49 -.57 -.09 .52
3.84 4.65 -12.49 -2.14 .67 .70
1.71 5.85 -18.30 -2.14 .67 .70
1.71 5.85 -18.30 -3.47 2.33 .96
-2.84 2.81 -18.63 -3.47 2.33 .96
-2.84 2.81 -18.63 -4.54 4.75 1.93
-7.86 2.89 -25.03 -4.54 4.75 1.93
-7.86 2.89 -25.03 -7.44 7.36 3.53
-7.58 9.57 -33.12 -7.44 7.36 3.53
-7.58 9.57 -33.12 -7.60 9.57 5.68
-8.97 11.12 -35.67 -4.59 14.67 7.24
-8.97 11.12 -35.67 -7.60 9.57 5.68
-49.02 -5.70 -.96 -4.59 14.67 7.24
-49.02 -5.70 -.96 -5.40 19.31 5.93
-57.73 -56.69 27.03 -5.40 19.31 5.93
-57.73 -56.69 27.03 -.14 12.10 5.61
-37.67 -13.94 47.49 -.14 12.10 5.61
-37.67 -13.94 47.49 6.11 6.60 3.92
-23.48 -5.27 55.91 6.11 6.60 3.92
-23.48 -5.27 55.91 1.02 2.75 2.23
-19.70 -16.78 45.85 1.02 2.75 2.23
-19.70 -16.78 45.85 -3.37 -.27 .84
-.91 -10.95 20.24 -3.37 -.27 .84
-.91 -10.95 20.24 -3.60 -3.02 -.86
-1.91 -5.63 17.08 -1.86 -2.25 -1.88
-1.91 -5.63 17.08 -3.60 -3.02 -.86
-.98 -3.30 12.19 -.65 -2.46 -1.60
-.98 -3.30 12.19 -1.86 -2.25 -1.88
-1.50 .58 7.53 -.65 -2.46 -1.60
-1.50 .58 7.53 .33 -1.94 -1.09
-3.00 1.40 5.09 .33 -1.94 -1.09
-3.00 1.40 5.09 .20 -1.45 -.60
-2.59 -.62 4.13 -.49 -1.10 -.37
-2.59 -.62 4.13 .20 -1.45 -.60
-3.05 -2.79 3.88 -.46 -.62 -.35
-3.05 -2.79 3.88 -.49 -1.10 -.37
-4.08 -3.68 3.65 -.04 -.51 -.19
-4.08 -3.68 3.65 -.46 -.62 -.35
-4.12 -3.74 4.27 .42 -.50 .04
-4.12 -3.74 4.27 -.04 -.51 -.19
-3.38 -2.42 5.24 .53 -.47 .18
-3.38 -2.42 5.24 .42 -.50 .04
-2.54 -1.62 6.36 .04 -.30 .17
-2.54 -1.62 6.36 .53 -.47 .18
-1.85 -2.95 6.95 -.61 -.08 .16
-1.85 -2.95 6.95 .04 -.30 .17
-1.56 -4.74 7.26 -.67 .15 .32
-1.56 -4.74 7.26 -.61 -.08 .16
-1.77 -5.78 8.32 -.15 .28 .53
