-1.77 -5.78 8.32 -.67 .15 .32
3.46 4.83 -11.15 -.95 1.13 .69
3.46 4.83 -11.15 -1.92 1.96 .96
1.07 9.62 -19.59 -3.69 3.28 2.02
1.07 9.62 -19.59 -1.92 1.96 .96
-5.57 10.06 -19.53 -3.69 3.28 2.02
-5.57 10.06 -19.53 -4.78 5.78 4.21
-15.61 7.95 -15.99 -6.48 8.25 5.34
-15.61 7.95 -15.99 -4.78 5.78 4.21
-8.35 13.07 -14.25 -6.48 8.25 5.34
-8.35 13.07 -14.25 -4.33 9.24 7.54
-9.55 8.02 -12.87 -4.33 9.24 7.54
-9.55 8.02 -12.87 -3.35 12.70 8.14
-32.25 -12.44 -5.38 -3.35 12.70 8.14
-32.25 -12.44 -5.38 -4.99 14.23 6.90
-50.68 -38.95 21.92 3.53 10.41 7.85
-50.68 -38.95 21.92 -4.99 14.23 6.90
-31.36 -10.62 41.07 5.76 5.63 4.79
-31.36 -10.62 41.07 3.53 10.41 7.85
-23.26 -41.50 67.78 1.80 2.86 5.16
-23.26 -41.50 67.78 5.76 5.63 4.79
-14.21 -3.10 32.50 -.26 -.53 -2.19
-14.21 -3.10 32.50 1.80 2.86 5.16
-1.26 -8.23 15.16 -2.97 -1.69 -1.07
-1.26 -8.23 15.16 -.26 -.53 -2.19
-5.10 -4.86 11.01 -2.97 -1.69 -1.07
-5.10 -4.86 11.01 -2.49 -1.24 -2.40
-2.49 -6.36 9.27 -2.49 -1.24 -2.40
-2.49 -6.36 9.27 -1.14 -1.81 -2.13
-3.45 -4.11 7.97 -1.14 -1.81 -2.13
-3.45 -4.11 7.97 .17 -1.42 -1.92
-5.15 -1.96 6.47 .17 -1.42 -1.92
-5.15 -1.96 6.47 .94 -1.21 -1.59
-4.53 .16 5.30 1.18 -1.40 -.97
-4.53 .16 5.30 .94 -1.21 -1.59
-2.17 1.37 3.47 .38 -1.14 -.70
-2.17 1.37 3.47 1.18 -1.40 -.97
-2.23 .26 1.86 -.63 -.49 -.35
-2.23 .26 1.86 .38 -1.14 -.70
-3.31 -.51 1.32 -1.25 -.05 -.11
-3.31 -.51 1.32 -.63 -.49 -.35
-3.76 -.74 1.52 -1.72 .13 .14
-3.76 -.74 1.52 -1.25 -.05 -.11
-3.49 -1.76 2.71 -1.86 .39 .35
-3.49 -1.76 2.71 -1.72 .13 .14
-3.15 -3.31 4.77 -1.47 .77 .68
-3.15 -3.31 4.77 -1.86 .39 .35
-3.02 -5.84 7.15 -1.03 1.15 1.19
-3.02 -5.84 7.15 -1.47 .77 .68
-2.90 -10.47 10.25 -.25 1.58 1.44
