-2.90 -10.47 10.25 -1.03 1.15 1.19
6.14 7.03 -6.49 .40 -1.34 -.38
6.14 7.03 -6.49 -1.12 -.81 .06
4.52 5.42 -10.53 -1.77 .28 .32
4.52 5.42 -10.53 -1.12 -.81 .06
2.61 4.09 -10.46 -1.82 1.55 .75
2.61 4.09 -10.46 -1.77 .28 .32
-.51 6.58 -10.23 -1.82 1.55 .75
-.51 6.58 -10.23 -2.42 2.92 2.11
-5.38 10.23 -13.36 -2.42 2.92 2.11
-5.38 10.23 -13.36 -5.19 5.32 4.37
-5.15 11.42 -19.51 -5.19 5.32 4.37
-5.15 11.42 -19.51 -7.79 7.88 5.70
-11.01 12.26 -18.62 -7.79 7.88 5.70
-11.01 12.26 -18.62 -8.51 9.82 7.82
-19.91 .80 -11.69 -8.51 9.82 7.82
-19.91 .80 -11.69 -6.53 11.90 10.05
-44.68 -31.47 3.03 -2.52 11.48 9.84
-44.68 -31.47 3.03 -6.53 11.90 10.05
-30.22 -31.98 20.70 -2.52 11.48 9.84
-30.22 -31.98 20.70 5.11 7.56 7.42
-32.58 -46.39 61.65 7.15 6.58 5.99
-32.58 -46.39 61.65 5.11 7.56 7.42
-28.29 -31.20 49.98 6.19 1.89 .79
-28.29 -31.20 49.98 7.15 6.58 5.99
.10 7.23 18.07 6.19 1.89 .79
.10 7.23 18.07 -.36 -2.49 -1.41
-2.37 -3.87 9.04 -.36 -2.49 -1.41
-2.37 -3.87 9.04 -3.99 -.59 -3.05
-2.19 -8.31 8.05 -2.05 -1.19 -2.63
-2.19 -8.31 8.05 -3.99 -.59 -3.05
-1.34 -5.88 7.39 .12 -1.44 -1.98
-1.34 -5.88 7.39 -2.05 -1.19 -2.63
-3.75 -.14 7.07 .12 -1.44 -1.98
-3.75 -.14 7.07 1.53 -1.25 -1.07
-4.74 1.04 5.74 1.75 -1.30 -.40
-4.74 1.04 5.74 1.53 -1.25 -1.07
-2.70 1.73 4.33 1.48 -1.15 -.23
-2.70 1.73 4.33 1.75 -1.30 -.40
-1.73 1.64 3.23 .53 -.70 .26
-1.73 1.64 3.23 1.48 -1.15 -.23
-2.63 .47 2.70 -.62 -.13 .59
-2.63 .47 2.70 .53 -.70 .26
-4.02 -.78 3.41 -1.37 .17 .88
-4.02 -.78 3.41 -.62 -.13 .59
-4.28 -2.82 5.23 -1.63 .33 .94
-4.28 -2.82 5.23 -1.37 .17 .88
-3.67 -7.12 8.18 -1.46 .54 1.16
-3.67 -7.12 8.18 -1.63 .33 .94
-3.53 -11.02 10.91 -1.46 .54 1.16
