-3.53 -11.02 10.91 -.65 .80 1.18
-9.37 4.79 -13.84 -8.77 8.93 6.84
-9.37 4.79 -13.84 -5.63 11.35 8.77
-29.69 -27.16 -5.31 -5.63 11.35 8.77
-29.69 -27.16 -5.31 -2.39 13.85 8.25
-44.82 -27.12 17.65 5.83 9.43 8.42
-44.82 -27.12 17.65 -2.39 13.85 8.25
-27.18 -8.21 33.93 6.02 6.74 3.88
-27.18 -8.21 33.93 5.83 9.43 8.42
-20.72 -21.39 53.79 6.02 6.74 3.88
-20.72 -21.39 53.79 3.22 4.10 2.76
-14.02 -20.38 44.08 .48 1.78 .73
-14.02 -20.38 44.08 3.22 4.10 2.76
-1.12 -1.78 17.86 -1.05 -1.13 -1.06
-1.12 -1.78 17.86 .48 1.78 .73
-3.07 -3.82 10.96 -2.13 -.26 -1.37
-3.07 -3.82 10.96 -1.05 -1.13 -1.06
-3.58 -4.18 7.89 -1.63 -.76 -1.81
-3.58 -4.18 7.89 -2.13 -.26 -1.37
-2.45 -3.72 7.18 -.20 -1.17 -1.16
-2.45 -3.72 7.18 -1.63 -.76 -1.81
-2.99 -2.37 7.86 .19 -.84 -1.09
-2.99 -2.37 7.86 -.20 -1.17 -1.16
-3.89 -.13 6.85 .45 -.84 -.46
-3.89 -.13 6.85 .19 -.84 -1.09
-3.25 .34 5.11 .11 -.90 -.20
-3.25 .34 5.11 .45 -.84 -.46
-2.00 -.08 3.29 -.60 -.56 -.07
-2.00 -.08 3.29 .11 -.90 -.20
-2.17 -.97 3.45 -.80 -.09 .31
-2.17 -.97 3.45 -.60 -.56 -.07
-2.93 -2.28 4.94 -.75 .31 .61
-2.93 -2.28 4.94 -.80 -.09 .31
-2.94 -5.61 7.54 -.43 .62 .74
-2.94 -5.61 7.54 -.75 .31 .61
-2.91 -8.94 9.92 .36 .91 .90
-2.91 -8.94 9.92 -.43 .62 .74
-3.14 -8.69 10.87 1.63 1.03 .91
-3.14 -8.69 10.87 .36 .91 .90
-3.16 -7.22 11.33 2.59 1.02 .83
-3.16 -7.22 11.33 1.63 1.03 .91
-3.91 -4.72 11.52 2.61 1.03 .67
-3.91 -4.72 11.52 2.59 1.02 .83
-4.18 -2.45 11.27 1.82 .78 .10
-4.18 -2.45 11.27 2.61 1.03 .67
-4.06 -1.57 10.65 .73 .57 -.33
-4.06 -1.57 10.65 1.82 .78 .10
-4.72 -2.08 9.90 -.13 .47 -.57
-4.72 -2.08 9.90 .73 .57 -.33
-5.16 -2.66 9.16 -.76 .16 -.69
