-5.16 -2.66 9.16 -.13 .47 -.57
4.51 6.47 -14.14 -.60 -.16 .38
4.51 6.47 -14.14 -2.12 1.01 .70
3.11 6.23 -18.44 -3.84 2.59 .74
3.11 6.23 -18.44 -2.12 1.01 .70
-2.36 4.99 -18.07 -3.84 2.59 .74
-2.36 4.99 -18.07 -6.19 5.28 2.13
-4.78 13.26 -19.11 -6.19 5.28 2.13
-4.78 13.26 -19.11 -8.16 8.14 4.33
-6.43 10.64 -20.28 -5.23 10.63 6.96
-6.43 10.64 -20.28 -8.16 8.14 4.33
-13.73 4.96 -18.05 -5.23 10.63 6.96
-13.73 4.96 -18.05 -3.24 14.99 7.75
-52.89 -28.42 2.44 -3.24 14.99 7.75
-52.89 -28.42 2.44 -3.89 14.85 6.13
-33.31 -26.66 26.90 6.76 7.19 5.53
-33.31 -26.66 26.90 -3.89 14.85 6.13
-21.34 -8.32 36.44 6.76 7.19 5.53
-21.34 -8.32 36.44 6.23 5.14 2.61
-15.50 -.68 34.91 6.23 5.14 2.61
-15.50 -.68 34.91 1.45 2.36 1.55
-8.22 -8.30 35.50 1.45 2.36 1.55
-8.22 -8.30 35.50 -2.57 1.11 1.10
-6.34 -11.25 24.87 -2.57 1.11 1.10
-6.34 -11.25 24.87 -3.91 -.03 .50
-2.63 -8.72 16.32 -3.91 -.03 .50
-2.63 -8.72 16.32 -2.29 -.58 -.41
-3.09 -5.12 11.82 -2.29 -.58 -.41
-3.09 -5.12 11.82 -.81 -.73 -.59
-2.70 -3.43 9.56 -.13 -.91 -.75
-2.70 -3.43 9.56 -.81 -.73 -.59
-2.16 -2.32 8.05 .15 -.92 -.77
-2.16 -2.32 8.05 -.13 -.91 -.75
-1.97 -1.65 6.99 .15 -.92 -.77
-1.97 -1.65 6.99 .17 -.77 -.56
-2.17 -1.37 5.86 -.15 -.61 -.34
-2.17 -1.37 5.86 .17 -.77 -.56
-2.40 -1.80 4.72 -.59 -.44 -.11
-2.40 -1.80 4.72 -.15 -.61 -.34
-2.95 -1.95 4.43 -.65 -.24 .28
-2.95 -1.95 4.43 -.59 -.44 -.11
-3.26 -3.22 5.67 -.60 -.07 .42
-3.26 -3.22 5.67 -.65 -.24 .28
-3.29 -4.89 7.44 -.41 .11 .64
-3.29 -4.89 7.44 -.60 -.07 .42
-3.24 -7.07 9.08 .09 .34 .77
-3.24 -7.07 9.08 -.41 .11 .64
-3.31 -7.06 9.46 .90 .46 .82
-3.31 -7.06 9.46 .09 .34 .77
-3.35 -6.10 9.51 1.57 .47 .70
