-3.35 -6.10 9.51 .90 .46 .82
3.99 6.62 -8.81 -1.39 .91 .70
3.99 6.62 -8.81 -2.78 1.58 1.10
3.71 6.00 -13.80 -4.14 3.54 1.68
3.71 6.00 -13.80 -2.78 1.58 1.10
-2.24 8.55 -17.07 -5.79 6.39 3.73
-2.24 8.55 -17.07 -4.14 3.54 1.68
-4.41 15.91 -16.82 -5.95 8.55 6.23
-4.41 15.91 -16.82 -5.79 6.39 3.73
-7.26 12.04 -17.76 -4.76 11.75 8.02
-7.26 12.04 -17.76 -5.95 8.55 6.23
-32.51 -19.06 -3.70 -4.76 11.75 8.02
-32.51 -19.06 -3.70 -3.94 14.12 7.08
-42.18 -34.73 16.16 -3.94 14.12 7.08
-42.18 -34.73 16.16 1.81 9.09 6.91
-24.30 -17.84 31.84 1.81 9.09 6.91
-24.30 -17.84 31.84 4.34 5.92 3.22
-14.06 -14.99 44.74 4.34 5.92 3.22
-14.06 -14.99 44.74 2.28 3.74 2.18
-12.33 -24.64 39.11 -1.96 1.73 1.90
-12.33 -24.64 39.11 2.28 3.74 2.18
-4.65 -10.91 20.29 -1.96 1.73 1.90
-4.65 -10.91 20.29 -2.19 -.34 -.56
-.12 -5.89 12.34 -2.21 -.95 -.94
-.12 -5.89 12.34 -2.19 -.34 -.56
-1.03 -4.79 9.47 -2.01 -.76 -1.21
-1.03 -4.79 9.47 -2.21 -.95 -.94
-1.66 -4.04 8.14 -1.25 -.91 -1.08
-1.66 -4.04 8.14 -2.01 -.76 -1.21
-2.17 -2.81 6.89 -.63 -.83 -.69
-2.17 -2.81 6.89 -1.25 -.91 -1.08
-2.69 -2.40 5.31 -.38 -.71 -.29
-2.69 -2.40 5.31 -.63 -.83 -.69
-2.55 -2.79 4.12 -.23 -.57 .04
-2.55 -2.79 4.12 -.38 -.71 -.29
-2.74 -2.84 3.54 -.08 -.41 .43
-2.74 -2.84 3.54 -.23 -.57 .04
-3.33 -3.26 3.51 .00 -.20 .72
-3.33 -3.26 3.51 -.08 -.41 .43
-3.62 -4.55 4.56 .11 .00 .88
-3.62 -4.55 4.56 .00 -.20 .72
-3.45 -6.75 6.48 .50 .24 1.04
-3.45 -6.75 6.48 .11 .00 .88
-3.38 -9.27 8.74 1.15 .54 1.03
-3.38 -9.27 8.74 .50 .24 1.04
-3.71 -9.39 9.70 1.98 .70 .92
-3.71 -9.39 9.70 1.15 .54 1.03
-3.63 -8.14 9.94 2.80 .67 .72
-3.63 -8.14 9.94 1.98 .70 .92
-3.57 -6.17 9.95 3.05 .64 .40
