-3.57 -6.17 9.95 2.80 .67 .72
5.57 6.97 -10.58 -.89 -.52 -.21
5.57 6.97 -10.58 -2.82 .24 .19
6.15 7.77 -13.13 -3.79 1.52 .37
6.15 7.77 -13.13 -2.82 .24 .19
3.92 7.06 -13.37 -3.79 1.52 .37
3.92 7.06 -13.37 -5.11 4.03 1.59
-2.62 10.64 -16.06 -6.79 6.30 3.65
-2.62 10.64 -16.06 -5.11 4.03 1.59
-4.57 12.95 -18.60 -7.69 8.15 5.65
-4.57 12.95 -18.60 -6.79 6.30 3.65
-8.70 7.65 -18.97 -7.23 10.37 7.33
-8.70 7.65 -18.97 -7.69 8.15 5.65
-23.21 -11.40 -11.68 -5.09 12.73 8.27
-23.21 -11.40 -11.68 -7.23 10.37 7.33
-36.57 -24.66 -.42 -1.17 10.34 7.90
-36.57 -24.66 -.42 -5.09 12.73 8.27
-25.14 -18.76 14.28 3.59 8.24 5.62
-25.14 -18.76 14.28 -1.17 10.34 7.90
-25.71 -12.72 24.35 3.60 6.79 3.75
-25.71 -12.72 24.35 3.59 8.24 5.62
-19.65 -18.84 44.53 3.36 5.00 3.82
-19.65 -18.84 44.53 3.60 6.79 3.75
-22.96 -22.78 41.82 1.77 2.20 1.97
-22.96 -22.78 41.82 3.36 5.00 3.82
-4.82 -4.30 20.41 .13 -.89 .07
-4.82 -4.30 20.41 1.77 2.20 1.97
-11.37 -.69 11.36 -1.73 -.32 -1.08
-11.37 -.69 11.36 .13 -.89 .07
-6.51 -3.16 7.84 -2.39 -2.04 -1.26
-6.51 -3.16 7.84 -1.73 -.32 -1.08
-3.68 -5.30 7.76 -1.76 -2.20 -1.21
-3.68 -5.30 7.76 -2.39 -2.04 -1.26
-2.77 -5.42 7.85 -1.07 -1.94 -1.56
-2.77 -5.42 7.85 -1.76 -2.20 -1.21
-4.45 -4.82 6.54 -.13 -1.56 -.90
-4.45 -4.82 6.54 -1.07 -1.94 -1.56
-3.73 -1.99 4.74 .74 -1.69 -.15
-3.73 -1.99 4.74 -.13 -1.56 -.90
-2.39 -.44 3.05 .62 -1.34 .04
-2.39 -.44 3.05 .74 -1.69 -.15
-3.11 -1.05 2.48 -.10 -.90 .13
-3.11 -1.05 2.48 .62 -1.34 .04
-3.30 -2.98 3.54 -.59 -.63 .30
-3.30 -2.98 3.54 -.10 -.90 .13
-3.46 -4.43 5.01 -.80 -.34 .51
-3.46 -4.43 5.01 -.59 -.63 .30
-3.51 -5.79 6.70 -.69 -.07 .70
-3.51 -5.79 6.70 -.80 -.34 .51
-3.33 -7.00 7.83 -.41 .11 .69
