-3.45 -3.70 7.62 -.03 -.87 -.03
-3.45 -3.70 7.62 -.01 -.77 -.01
-4.23 -.33 -19.61 -2.68 3.00 2.04
-4.23 -.33 -19.61 -3.35 5.28 2.41
-5.28 -1.21 -19.75 -3.35 5.28 2.41
-5.28 -1.21 -19.75 -3.63 8.04 2.81
-7.71 1.47 -18.47 -3.63 8.04 2.81
-7.71 1.47 -18.47 -3.49 11.20 3.36
-11.33 1.29 -16.12 -3.49 11.20 3.36
-11.33 1.29 -16.12 -1.83 14.38 3.76
-24.13 -5.39 -5.67 -1.19 18.39 2.55
-24.13 -5.39 -5.67 -1.83 14.38 3.76
-49.15 -17.27 8.48 -1.19 18.39 2.55
-49.15 -17.27 8.48 -.59 16.51 2.15
-43.48 -12.06 22.48 -.59 16.51 2.15
-43.48 -12.06 22.48 5.85 12.07 1.31
-41.25 8.72 33.64 5.85 12.07 1.31
-41.25 8.72 33.64 4.98 8.33 .71
-26.59 9.37 29.19 4.98 8.33 .71
-26.59 9.37 29.19 1.02 4.37 -.01
-18.07 6.57 23.57 1.02 4.37 -.01
-18.07 6.57 23.57 -2.39 2.05 .13
-14.02 -.92 19.34 -2.39 2.05 .13
-14.02 -.92 19.34 -4.65 1.09 .07
-12.10 -5.24 17.77 -4.65 1.09 .07
-12.10 -5.24 17.77 -4.43 .42 .09
-10.43 -5.47 16.02 -4.43 .42 .09
-10.43 -5.47 16.02 -2.73 -.07 .11
-9.47 -2.79 14.12 -2.73 -.07 .11
-9.47 -2.79 14.12 -1.09 -.56 .09
-8.25 -.03 12.44 -1.09 -.56 .09
-8.25 -.03 12.44 -.57 -1.03 .00
-6.67 -.12 10.58 -.57 -1.03 .00
-6.67 -.12 10.58 -.80 -1.30 -.08
-5.47 -.90 9.39 -.80 -1.30 -.08
-5.47 -.90 9.39 -.99 -1.37 -.08
-5.00 -1.39 8.72 -.99 -1.37 -.08
-5.00 -1.39 8.72 -.92 -1.28 -.06
-5.07 -1.67 8.68 -.92 -1.28 -.06
-5.07 -1.67 8.68 -.76 -1.11 -.12
-5.14 -1.92 8.60 -.76 -1.11 -.12
-5.14 -1.92 8.60 -.57 -.91 -.15
-4.93 -2.31 8.50 -.57 -.91 -.15
-4.93 -2.31 8.50 -.32 -.74 -.14
-5.05 -2.58 8.06 -.32 -.74 -.14
-5.05 -2.58 8.06 -.02 -.56 -.06
-5.65 -2.31 7.86 -.02 -.56 -.06
-5.65 -2.31 7.86 .11 -.49 .00
-6.09 -2.21 7.81 .11 -.49 .00
-6.09 -2.21 7.81 .10 -.53 .02
-6.25 -2.45 7.97 .10 -.53 .02
