-3.33 -7.00 7.83 -.69 -.07 .70
3.09 9.89 -14.03 -2.43 2.18 1.28
3.09 9.89 -14.03 -4.05 3.36 2.28
-3.00 7.64 -9.61 -4.05 3.36 2.28
-3.00 7.64 -9.61 -5.94 6.16 4.19
-9.69 16.59 -9.77 -5.94 6.16 4.19
-9.69 16.59 -9.77 -9.44 7.13 6.68
-5.80 4.64 -19.13 -7.56 8.23 8.42
-5.80 4.64 -19.13 -9.44 7.13 6.68
-18.74 -30.25 -14.52 -7.56 8.23 8.42
-18.74 -30.25 -14.52 .32 11.67 8.57
-37.16 -16.38 12.28 .32 11.67 8.57
-37.16 -16.38 12.28 7.28 9.45 7.82
-24.74 -46.93 63.17 7.28 9.45 7.82
-24.74 -46.93 63.17 6.88 6.93 5.78
-20.99 -24.13 44.71 6.88 6.93 5.78
-20.99 -24.13 44.71 7.69 4.70 .21
-14.63 9.67 18.41 7.69 4.70 .21
-14.63 9.67 18.41 .16 .96 .02
-6.21 1.49 11.14 -3.01 -.46 -2.80
-6.21 1.49 11.14 .16 .96 .02
-2.48 -5.59 6.73 -2.89 -1.06 -2.50
-2.48 -5.59 6.73 -3.01 -.46 -2.80
-.85 -8.49 9.44 -1.00 -1.30 -1.63
-.85 -8.49 9.44 -2.89 -1.06 -2.50
-1.88 -4.38 11.07 .86 -.86 -1.26
-1.88 -4.38 11.07 -1.00 -1.30 -1.63
-5.77 1.83 8.68 .86 -.86 -1.26
-5.77 1.83 8.68 1.81 -.83 .08
-3.22 2.69 5.48 1.26 -1.08 .00
-3.22 2.69 5.48 1.81 -.83 .08
-1.56 2.62 3.07 1.26 -1.08 .00
-1.56 2.62 3.07 .19 -.73 .38
-2.68 .36 2.90 .19 -.73 .38
-2.68 .36 2.90 -1.00 -.16 .64
-4.02 -3.04 4.07 -1.00 -.16 .64
-4.02 -3.04 4.07 -1.49 .18 .96
-4.92 -7.91 7.47 -.97 .37 1.18
-4.92 -7.91 7.47 -1.49 .18 .96
-4.97 -11.43 10.07 .06 .42 1.22
-4.97 -11.43 10.07 -.97 .37 1.18
-4.86 -10.40 10.53 1.45 .39 .98
-4.86 -10.40 10.53 .06 .42 1.22
-4.14 -8.28 10.03 2.25 .24 .72
-4.14 -8.28 10.03 1.45 .39 .98
-3.77 -5.47 9.54 2.17 .18 .30
-3.77 -5.47 9.54 2.25 .24 .72
-3.78 -3.19 9.23 1.39 .11 -.09
-3.78 -3.19 9.23 2.17 .18 .30
