-3.48 -2.36 9.20 .34 .00 -.41
-3.48 -2.36 9.20 1.39 .11 -.09
1.30 -.30 -7.86 -1.22 .98 .46
1.30 -.30 -7.86 -1.85 1.62 .55
-.76 .67 -11.36 -1.27 2.31 1.07
-.76 .67 -11.36 -1.85 1.62 .55
-.73 6.00 -13.38 -1.61 3.55 1.90
-.73 6.00 -13.38 -1.27 2.31 1.07
-2.02 8.34 -16.78 -3.54 6.41 2.47
-2.02 8.34 -16.78 -1.61 3.55 1.90
-3.59 7.15 -18.52 -4.30 9.58 3.96
-3.59 7.15 -18.52 -3.54 6.41 2.47
-5.57 8.53 -15.31 -4.30 9.58 3.96
-5.57 8.53 -15.31 -3.85 12.88 5.67
-32.63 -17.79 3.29 -3.85 12.88 5.67
-32.63 -17.79 3.29 -4.01 14.82 4.85
-35.65 -25.79 23.43 -4.01 14.82 4.85
-35.65 -25.79 23.43 -.60 9.25 4.62
-27.15 -16.65 35.19 -.60 9.25 4.62
-27.15 -16.65 35.19 2.21 5.78 2.21
-15.97 -7.87 34.32 2.21 5.78 2.21
-15.97 -7.87 34.32 1.00 1.99 1.07
-8.33 -6.23 27.79 1.00 1.99 1.07
-8.33 -6.23 27.79 -1.49 -.03 .35
-4.75 -5.20 20.01 -1.49 -.03 .35
-4.75 -5.20 20.01 -3.28 -.71 .43
-4.42 -5.50 16.48 -3.28 -.71 .43
-4.42 -5.50 16.48 -3.93 -.50 .57
-4.62 -9.79 11.00 -3.93 -.50 .57
-4.62 -9.79 11.00 -2.88 -.35 .52
-4.22 -9.48 9.57 -2.88 -.35 .52
-4.89 -6.21 9.78 -.38 -.17 .35
-4.22 -9.48 9.57 -.38 -.17 .35
-4.92 -3.78 9.97 1.23 .00 .12
-4.89 -6.21 9.78 1.23 .00 .12
-4.46 -2.60 9.60 1.71 -.04 -.10
-4.92 -3.78 9.97 1.71 -.04 -.10
-4.46 -2.60 9.60 1.36 -.19 -.13
-4.00 -2.23 8.76 1.36 -.19 -.13
-4.00 -2.23 8.76 .65 -.28 -.11
-3.90 -2.36 7.82 .65 -.28 -.11
-3.90 -2.36 7.82 -.05 -.32 -.07
-3.79 -3.10 6.73 -.05 -.32 -.07
-3.79 -3.10 6.73 -.70 -.28 -.02
-3.58 -4.27 6.95 -.70 -.28 -.02
-3.58 -4.27 6.95 -.58 -.21 .08
-3.76 -4.22 7.69 -.58 -.21 .08
-3.66 -4.19 7.97 -.33 -.15 .21
-3.62 -4.17 8.16 -.29 -.12 .28
