-3.76 -4.22 7.69 -.33 -.15 .21
-3.66 -4.19 7.97 -.29 -.12 .28
-3.62 -4.17 8.16 -.40 -.08 .32
-1.09 7.98 -15.06 -1.32 1.58 2.14
-1.09 7.98 -15.06 -2.00 3.05 3.21
-7.51 7.69 -16.80 -2.00 3.05 3.21
-7.51 7.69 -16.80 -2.99 5.34 4.80
-7.83 10.12 -15.48 -4.24 7.85 6.14
-7.70 9.20 -8.26 -4.24 7.85 6.14
-7.83 10.12 -15.48 -2.99 5.34 4.80
-7.70 9.20 -8.26 -4.90 10.25 7.55
-16.47 -10.03 11.09 -6.16 11.21 8.04
-16.47 -10.03 11.09 -4.90 10.25 7.55
-20.13 -18.27 11.18 -6.16 11.21 8.04
-20.13 -18.27 11.18 -5.84 9.85 9.31
-22.79 -36.83 6.06 -5.84 9.85 9.31
-22.79 -36.83 6.06 -.37 9.56 6.42
-25.22 -25.48 18.85 -.37 9.56 6.42
-25.22 -25.48 18.85 4.02 5.49 4.76
-15.71 -16.16 29.75 4.02 5.49 4.76
-15.71 -16.16 29.75 4.84 2.93 2.94
-11.27 -25.53 41.96 4.84 2.93 2.94
-11.27 -25.53 41.96 4.71 1.87 2.62
-8.91 -4.82 29.53 4.71 1.87 2.62
-8.91 -4.82 29.53 2.08 -.04 -.36
-5.54 -2.28 17.82 2.08 -.04 -.36
-5.54 -2.28 17.82 -2.25 -1.26 -1.46
-3.67 -3.61 10.23 -2.25 -1.26 -1.46
-3.67 -3.61 10.23 -2.97 -1.47 -2.10
-2.96 -5.35 6.96 -2.97 -1.47 -2.10
-2.96 -5.35 6.96 -2.73 -1.17 -2.06
-3.01 -5.19 4.87 -2.73 -1.17 -2.06
-2.77 -3.56 3.56 -1.22 -.79 -1.75
-3.01 -5.19 4.87 -1.22 -.79 -1.75
-2.77 -3.56 3.56 .28 -.57 -1.43
-2.06 -1.64 3.29 .28 -.57 -1.43
-2.06 -1.64 3.29 1.38 -.39 -.97
-2.14 -1.76 4.09 1.38 -.39 -.97
-2.14 -1.76 4.09 1.52 .02 -.47
-2.94 -2.06 4.65 1.52 .02 -.47
-2.94 -2.06 4.65 1.33 .25 .11
-3.29 -1.65 5.28 1.33 .25 .11
-3.29 -1.65 5.28 .78 .38 .37
-3.05 -1.74 6.43 .78 .38 .37
-3.05 -1.74 6.43 -.13 .54 .50
-3.44 -2.62 7.45 -.13 .54 .50
-3.44 -2.62 7.45 -1.01 .74 .59
-3.85 -4.37 8.21 -1.01 .74 .59
-3.85 -4.37 8.21 -1.76 .71 .70
-3.92 -6.59 8.50 -1.76 .71 .70
-3.92 -6.59 8.50 -1.94 .59 .80
-3.95 -8.81 8.84 -1.94 .59 .80
