-3.95 -8.81 8.84 -1.62 .50 .73
-.19 16.76 -19.81 -4.95 6.73 2.94
-.19 16.76 -19.81 -6.90 9.60 5.02
-8.36 27.84 -23.12 -6.90 9.60 5.02
-8.36 27.84 -23.12 -10.99 13.33 6.79
-39.68 -28.73 -16.25 -10.99 13.33 6.79
-39.68 -28.73 -16.25 -11.84 13.86 6.72
-31.37 -45.75 8.58 -11.84 13.86 6.72
-31.37 -45.75 8.58 4.77 8.35 8.55
-35.30 -10.90 33.86 4.77 8.35 8.55
-35.30 -10.90 33.86 9.29 7.14 5.15
-15.90 -.33 57.65 9.29 7.14 5.15
-15.90 -.33 57.65 -1.62 2.47 3.85
-16.48 -32.54 49.75 -1.62 2.47 3.85
-16.48 -32.54 49.75 -4.10 -.40 -.53
-2.28 -13.59 11.26 -4.10 -.40 -.53
-2.28 -13.59 11.26 -4.11 -1.52 -1.46
-1.17 -8.18 10.96 -4.11 -1.52 -1.46
-1.17 -8.18 10.96 -1.86 -1.90 -1.96
.59 -5.50 10.63 -1.86 -1.90 -1.96
.59 -5.50 10.63 -.38 -1.69 -1.97
-2.13 -2.59 7.88 -.38 -1.69 -1.97
-2.13 -2.59 7.88 .61 -1.06 -1.43
-3.86 1.16 5.28 .61 -1.06 -1.43
-3.86 1.16 5.28 1.09 -.90 -.56
-1.66 1.60 3.29 1.09 -.90 -.56
-1.66 1.60 3.29 .61 -.66 -.41
-1.94 -.13 1.97 .61 -.66 -.41
-1.94 -.13 1.97 -.19 -.07 -.13
-2.92 -2.47 .97 -.19 -.07 -.13
-2.92 -2.47 .97 -.45 .34 .08
-3.56 -4.73 1.29 -.45 .34 .08
-3.56 -4.73 1.29 .21 .58 .37
-3.92 -4.26 3.08 .21 .58 .37
-3.92 -4.26 3.08 1.10 .76 .79
-3.86 -3.67 5.67 1.10 .76 .79
-3.86 -3.67 5.67 1.44 1.12 1.03
-3.96 -4.78 8.67 1.44 1.12 1.03
-3.96 -4.78 8.67 1.07 1.51 1.13
-4.13 -6.80 11.03 1.07 1.51 1.13
-4.13 -6.80 11.03 .39 1.77 .83
-4.26 -8.15 11.97 .39 1.77 .83
-4.26 -8.15 11.97 -.08 1.80 .38
-4.77 -9.38 12.13 -.08 1.80 .38
-5.63 -7.70 12.18 .20 1.66 .07
-4.77 -9.38 12.13 .20 1.66 .07
-5.63 -7.70 12.18 .84 1.22 -.28
