-5.79 -5.46 11.95 .84 1.22 -.28
-5.79 -5.46 11.95 1.18 .66 -.63
-5.35 -3.38 11.23 1.18 .66 -.63
-5.35 -3.38 11.23 1.03 .10 -.78
-.09 2.70 -11.32 -1.64 2.72 .89
-.09 2.70 -11.32 -3.29 3.59 1.43
-1.50 5.54 -19.79 -3.29 3.59 1.43
-1.50 5.54 -19.79 -6.51 5.06 2.34
-6.63 13.87 -14.53 -6.51 5.06 2.34
-6.63 13.87 -14.53 -10.64 7.91 4.63
-9.32 16.62 -14.67 -10.64 7.91 4.63
-9.32 16.62 -14.67 -9.31 9.80 7.86
-17.58 -16.44 -14.13 -9.31 9.80 7.86
-17.58 -16.44 -14.13 -5.28 13.37 7.96
-43.60 -38.98 4.85 -5.28 13.37 7.96
-43.60 -38.98 4.85 1.09 10.94 8.44
-33.81 -19.31 35.53 1.09 10.94 8.44
-33.81 -19.31 35.53 7.39 7.04 4.64
-16.39 -8.52 50.91 7.39 7.04 4.64
-16.39 -8.52 50.91 3.05 3.45 2.25
-17.02 -27.19 49.14 3.05 3.45 2.25
-17.02 -27.19 49.14 -2.36 1.97 2.99
-4.58 -11.66 21.86 -2.36 1.97 2.99
-4.58 -11.66 21.86 -3.09 -1.56 -.91
-1.34 -6.12 13.64 -3.09 -1.56 -.91
-1.34 -6.12 13.64 -2.62 -1.23 -1.84
-1.75 -4.75 11.21 -2.62 -1.23 -1.84
-1.75 -4.75 11.21 -2.15 -1.55 -1.95
-.83 -4.80 9.13 -2.15 -1.55 -1.95
-.83 -4.80 9.13 -1.22 -1.42 -1.86
-2.43 -1.58 5.93 -1.22 -1.42 -1.86
-2.43 -1.58 5.93 .22 -1.03 -1.02
-2.28 .30 3.87 .22 -1.03 -1.02
-2.28 .30 3.87 .65 -.82 -.53
-1.74 -.84 3.45 .65 -.82 -.53
-1.74 -.84 3.45 .27 -.32 -.27
-2.70 -1.86 3.41 .05 .14 .07
-2.70 -1.86 3.41 .27 -.32 -.27
-3.86 -2.92 3.93 .05 .14 .07
-3.86 -2.92 3.93 .03 .38 .35
-4.15 -3.45 4.17 .03 .38 .35
-4.15 -3.45 4.17 .09 .50 .45
-4.15 -3.91 4.98 .09 .50 .45
-4.15 -3.91 4.98 .01 .65 .55
-4.22 -5.11 6.40 .01 .65 .55
-4.22 -5.11 6.40 -.05 .89 .66
-4.61 -6.23 8.14 -.05 .89 .66
-4.61 -6.23 8.14 .05 1.03 .80
-4.90 -6.52 9.02 .05 1.03 .80
-4.90 -6.52 9.02 .13 .98 .80
-4.69 -6.73 9.33 .13 .98 .80
-4.69 -6.73 9.33 .18 .88 .62
-4.46 -7.54 9.80 .18 .88 .62
-4.46 -7.54 9.80 .31 .82 .44
4.66 3.96 -8.20 .24 -1.14 -.10
4.66 3.96 -8.20 -.67 -.51 .03
2.23 2.77 -13.62 -1.58 .45 .13
2.23 2.77 -13.62 -.67 -.51 .03
-.78 3.79 -14.69 -1.58 .45 .13
-.78 3.79 -14.69 -2.50 1.80 .71
-6.98 1.90 -14.39 -2.50 1.80 .71
-6.98 1.90 -14.39 -4.33 4.18 2.45
-5.16 8.43 -15.69 -4.33 4.18 2.45
-5.16 8.43 -15.69 -7.41 7.02 3.95
-3.85 17.09 -14.56 -7.41 7.02 3.95
-3.85 17.09 -14.56 -8.57 9.33 6.70
-5.91 10.15 -4.53 -8.57 9.33 6.70
-5.91 10.15 -4.53 -7.49 11.76 8.03
-21.30 -11.31 1.94 -7.49 11.76 8.03
-21.30 -11.31 1.94 -7.92 12.40 8.42
-30.08 -40.03 2.10 -7.92 12.40 8.42
-30.08 -40.03 2.10 .85 9.36 8.32
-30.31 -24.89 18.91 .85 9.36 8.32
-30.31 -24.89 18.91 7.84 7.53 4.97
-18.96 -1.79 31.45 7.84 7.53 4.97
-18.96 -1.79 31.45 6.25 3.84 3.78
-13.73 -3.43 42.94 6.25 3.84 3.78
-13.73 -3.43 42.94 1.04 2.90 2.41
-12.30 -15.89 37.00 1.04 2.90 2.41
-12.30 -15.89 37.00 -2.66 .70 1.27
-6.51 -6.40 16.30 -2.66 .70 1.27
-6.51 -6.40 16.30 -4.32 -.69 -.04
-6.38 -7.82 9.61 -4.32 -.69 -.04
-6.38 -7.82 9.61 -3.63 -.92 -1.16
-4.01 -8.52 7.49 -2.12 -1.43 -1.50
-4.01 -8.52 7.49 -3.63 -.92 -1.16
-3.22 -7.79 7.55 -2.12 -1.43 -1.50
-3.22 -7.79 7.55 -.40 -1.15 -1.44
-4.93 -3.61 6.51 -.40 -1.15 -1.44
-4.93 -3.61 6.51 1.30 -.79 -.85
-4.50 -.13 5.26 1.30 -.79 -.85
-4.50 -.13 5.26 1.85 -.77 -.39
-3.74 .22 4.26 1.85 -.77 -.39
-3.74 .22 4.26 1.11 -.40 -.46
-3.88 -.30 3.67 1.11 -.40 -.46
-3.88 -.30 3.67 .21 -.09 -.28
-3.88 -1.39 4.07 .21 -.09 -.28
-3.88 -1.39 4.07 -.45 .17 -.03
-4.36 -2.51 4.97 -.45 .17 -.03
-4.36 -2.51 4.97 -.57 .47 .22
-4.46 -3.14 6.17 -.57 .47 .22
-4.46 -3.14 6.17 -.56 .60 .46
-4.21 -4.81 7.38 -.56 .60 .46
-4.21 -4.81 7.38 -.66 .74 .60
-2.47 1.85 -19.90 -2.06 .01 .23
-2.47 1.85 -19.90 -4.65 1.60 .59
-6.77 -1.26 -17.70 -4.65 1.60 .59
-6.77 -1.26 -17.70 -5.35 4.16 1.23
-6.34 5.23 -17.97 -5.35 4.16 1.23
-6.34 5.23 -17.97 -6.40 7.92 2.61
-7.02 8.60 -16.35 -6.40 7.92 2.61
-7.02 8.60 -16.35 -6.64 11.02 3.85
-4.29 9.10 -11.19 -6.64 11.02 3.85
-4.29 9.10 -11.19 -6.21 14.14 5.60
-21.22 -2.97 -3.51 -6.21 14.14 5.60
-21.22 -2.97 -3.51 -4.75 16.92 5.81
-46.27 -32.93 13.49 -4.75 16.92 5.81
-46.27 -32.93 13.49 -4.83 13.88 4.77
-32.42 -25.32 32.60 -4.83 13.88 4.77
-32.42 -25.32 32.60 4.52 7.00 4.81
-21.04 -7.78 54.05 4.52 7.00 4.81
-21.04 -7.78 54.05 6.09 3.85 4.19
-20.72 -16.51 53.01 6.09 3.85 4.19
-20.72 -16.51 53.01 1.70 .81 3.00
-5.31 -4.49 20.20 1.70 .81 3.00
-5.31 -4.49 20.20 -3.18 -2.70 -.73
-1.61 -5.39 11.24 -3.18 -2.70 -.73
-1.61 -5.39 11.24 -3.27 -2.29 -1.88
-1.38 -11.12 8.64 -3.27 -2.29 -1.88
-1.38 -11.12 8.64 -.99 -2.08 -1.76
-2.13 -3.01 6.23 -.99 -2.08 -1.76
-2.13 -3.01 6.23 1.80 -1.77 -1.06
-2.58 2.00 3.86 1.80 -1.77 -1.06
-2.58 2.00 3.86 2.18 -1.14 -.53
