-1.73 1.61 3.16 2.18 -1.14 -.53
-1.73 1.61 3.16 1.59 -.46 -.45
-1.32 .89 3.52 1.59 -.46 -.45
-1.32 .89 3.52 .81 .20 -.28
-3.10 -1.51 4.22 .81 .20 -.28
-3.10 -1.51 4.22 .22 .73 -.05
-4.52 -2.19 5.43 .22 .73 -.05
-4.52 -2.19 5.43 .37 .82 .13
-4.44 -1.77 5.97 .37 .82 .13
-4.44 -1.77 5.97 .52 .68 .29
-3.66 -2.03 8.03 .52 .68 .29
-3.66 -2.03 8.03 .72 .63 .23
-3.37 -2.42 10.40 .72 .63 .23
-3.37 -2.42 10.40 .67 .67 .34
-3.67 -2.30 11.91 .67 .67 .34
-3.67 -2.30 11.91 .31 .66 .50
-3.83 -2.06 12.13 .31 .66 .50
-3.83 -2.06 12.13 -.20 .48 .47
-3.60 -2.84 11.71 -.20 .48 .47
-3.60 -2.84 11.71 -.55 .29 .32
1.26 7.83 -13.86 -1.97 1.16 .78
1.26 7.83 -13.86 -4.04 2.06 1.54
-.21 6.41 -18.11 -4.04 2.06 1.54
-.21 6.41 -18.11 -6.72 3.61 1.87
-4.92 9.79 -17.95 -6.72 3.61 1.87
-4.92 9.79 -17.95 -10.69 6.62 3.71
-9.12 16.80 -16.11 -10.69 6.62 3.71
-9.12 16.80 -16.11 -12.65 8.55 6.86
-9.15 13.24 -15.48 -12.65 8.55 6.86
-9.15 13.24 -15.48 -9.26 10.02 10.17
-24.35 -34.80 -11.30 -9.26 10.02 10.17
-24.35 -34.80 -11.30 -3.32 14.09 10.19
-40.18 -27.19 -.16 -3.32 14.09 10.19
-40.18 -27.19 -.16 3.82 10.03 10.46
-34.34 -20.38 26.70 3.82 10.03 10.46
-34.34 -20.38 26.70 7.08 8.82 5.17
-27.84 -10.12 37.11 7.08 8.82 5.17
-27.84 -10.12 37.11 3.18 5.43 2.89
-16.52 -14.79 37.73 3.18 5.43 2.89
-16.52 -14.79 37.73 -.55 2.55 1.12
-8.34 -30.55 35.75 -.55 2.55 1.12
-8.34 -30.55 35.75 -2.08 .19 2.09
-4.57 -7.96 18.98 -2.08 .19 2.09
-4.57 -7.96 18.98 -1.08 -.13 -.48
-6.14 -7.59 12.67 -1.08 -.13 -.48
-6.14 -7.59 12.67 -.99 -.75 -.80
-3.28 -4.19 10.18 -.99 -.75 -.80
-3.28 -4.19 10.18 -.44 -1.45 -1.43
-1.98 -5.31 8.84 -.44 -1.45 -1.43
-1.98 -5.31 8.84 -.14 -1.38 -1.45
