-2.77 -3.97 7.45 -.14 -1.38 -1.45
-2.77 -3.97 7.45 .62 -1.09 -1.15
-2.83 -1.30 5.78 .62 -1.09 -1.15
-2.83 -1.30 5.78 1.26 -1.02 -.55
-2.05 .00 4.02 1.26 -1.02 -.55
-2.05 .00 4.02 1.00 -.75 -.31
-2.28 -.73 2.96 1.00 -.75 -.31
-2.28 -.73 2.96 .30 -.41 -.14
-2.53 -2.20 3.07 .30 -.41 -.14
-2.53 -2.20 3.07 -.10 -.06 .08
-3.50 -2.90 4.14 -.10 -.06 .08
-3.50 -2.90 4.14 -.09 .24 .45
-4.11 -3.59 5.43 -.09 .24 .45
-4.11 -3.59 5.43 -.04 .43 .70
-4.23 -5.05 7.13 -.04 .43 .70
-4.23 -5.05 7.13 -.12 .55 .80
-4.14 -7.00 8.59 -.12 .55 .80
-4.14 -7.00 8.59 -.09 .62 .89
-4.12 -8.38 9.99 -.09 .62 .89
-4.12 -8.38 9.99 .32 .69 .76
2.85 2.35 -12.51 -.16 -.99 .35
2.85 2.35 -12.51 -1.13 -.32 .40
3.69 2.03 -25.12 -2.71 1.11 .20
3.69 2.03 -25.12 -1.13 -.32 .40
-10.94 -4.91 -19.66 -2.71 1.11 .20
-10.94 -4.91 -19.66 -4.26 3.97 .33
-2.11 3.19 -19.67 -4.26 3.97 .33
-2.11 3.19 -19.67 -3.99 8.92 1.02
-9.69 7.49 -11.56 -3.99 8.92 1.02
-9.69 7.49 -11.56 -1.56 13.04 3.48
-3.34 2.10 -14.62 -1.56 13.04 3.48
-3.34 2.10 -14.62 -2.32 17.15 2.98
-49.38 .19 7.14 -2.32 17.15 2.98
-49.38 .19 7.14 -6.90 16.77 2.86
-44.33 -31.67 24.10 -6.90 16.77 2.86
-44.33 -31.67 24.10 -.85 7.76 3.04
-23.05 -7.90 28.55 -.85 7.76 3.04
-23.05 -7.90 28.55 3.38 3.12 3.18
-20.51 -4.47 46.00 3.38 3.12 3.18
-20.51 -4.47 46.00 2.78 1.54 3.20
-11.09 -18.13 48.81 2.78 1.54 3.20
-11.09 -18.13 48.81 -.92 -.40 2.37
-3.52 -3.46 17.76 -.92 -.40 2.37
-3.52 -3.46 17.76 -.97 -1.34 -.87
-2.87 -4.23 12.69 -.97 -1.34 -.87
-2.87 -4.23 12.69 -1.01 -1.09 -1.46
-3.64 -5.10 10.70 -1.01 -1.09 -1.46
-3.64 -5.10 10.70 .25 -1.40 -1.43
-3.88 -2.26 9.70 .25 -1.40 -1.43
-3.88 -2.26 9.70 1.94 -1.57 -1.21
