-4.75 3.41 8.92 1.94 -1.57 -1.21
-4.75 3.41 8.92 2.54 -1.75 -.55
-3.79 3.24 6.51 2.54 -1.75 -.55
-3.79 3.24 6.51 1.65 -1.73 -.65
-3.10 -.18 4.34 1.65 -1.73 -.65
-3.10 -.18 4.34 1.33 -1.32 -.60
-3.66 -.05 4.33 1.33 -1.32 -.60
-3.66 -.05 4.33 1.43 -1.16 -.22
-3.49 .82 5.69 1.43 -1.16 -.22
-3.49 .82 5.69 1.26 -1.06 -.14
-3.02 .34 7.75 1.26 -1.06 -.14
-3.02 .34 7.75 .76 -.84 -.17
-2.53 .27 8.52 .15 -.62 -.13
-2.53 .27 8.52 .76 -.84 -.17
-1.78 -.38 8.42 .15 -.62 -.13
-1.78 -.38 8.42 -.13 -.42 .00
-1.39 -.32 8.28 -.13 -.42 .00
-1.39 -.32 8.28 -.21 -.21 .11
-1.77 -.28 8.65 -.21 -.21 .11
-1.77 -.28 8.65 -.09 -.02 .17
2.19 5.28 -16.75 -3.28 1.70 .15
2.19 5.28 -16.75 -5.37 3.78 .89
-2.36 6.00 -18.45 -5.37 3.78 .89
-2.36 6.00 -18.45 -7.62 6.62 2.49
-4.57 11.62 -17.27 -7.62 6.62 2.49
-4.57 11.62 -17.27 -9.56 8.96 4.28
-8.55 9.64 -22.00 -9.56 8.96 4.28
-8.55 9.64 -22.00 -8.11 11.61 6.75
-15.27 -13.19 -16.28 -8.11 11.61 6.75
-15.27 -13.19 -16.28 -2.24 15.15 7.18
-41.12 -14.01 4.64 -2.24 15.15 7.18
-41.12 -14.01 4.64 .03 13.81 6.66
-32.77 -17.55 21.00 .03 13.81 6.66
-32.77 -17.55 21.00 3.92 9.12 3.74
-22.76 -5.93 25.05 3.92 9.12 3.74
-22.76 -5.93 25.05 2.63 6.38 2.77
-22.03 -6.71 43.18 2.63 6.38 2.77
-22.03 -6.71 43.18 .37 4.67 2.43
-23.56 -32.63 53.84 .37 4.67 2.43
-23.56 -32.63 53.84 -.76 2.05 2.67
-5.52 -4.07 22.57 -.76 2.05 2.67
-5.52 -4.07 22.57 -.15 -1.59 .16
-9.82 .15 11.90 -.15 -1.59 .16
-9.82 .15 11.90 -1.59 -1.10 -.91
-4.57 -2.76 8.15 -1.59 -1.10 -.91
-4.57 -2.76 8.15 -2.00 -2.46 -1.39
-2.21 -3.47 8.47 -2.00 -2.46 -1.39
