-2.21 -3.47 8.47 -1.42 -2.51 -1.41
-2.40 -4.75 7.33 -1.42 -2.51 -1.41
-2.40 -4.75 7.33 -1.14 -2.10 -1.36
-3.40 -2.88 5.81 -1.14 -2.10 -1.36
-3.40 -2.88 5.81 -.16 -1.67 -.72
-3.28 -.73 4.57 -.16 -1.67 -.72
-3.28 -.73 4.57 .42 -1.60 -.22
-2.20 -.29 3.23 .42 -1.60 -.22
-2.20 -.29 3.23 .20 -1.24 -.05
-2.39 -.72 2.73 .20 -1.24 -.05
-2.39 -.72 2.73 -.22 -.70 .25
-3.14 -2.28 3.27 -.22 -.70 .25
-3.14 -2.28 3.27 -.61 -.22 .54
-3.62 -3.30 5.11 -.61 -.22 .54
-3.62 -3.30 5.11 -.42 .11 .81
-3.61 -4.45 7.47 -.42 .11 .81
-3.61 -4.45 7.47 -.17 .37 .98
-3.36 -7.10 10.11 -.17 .37 .98
-3.36 -7.10 10.11 .20 .67 .84
-3.74 -7.91 11.37 .20 .67 .84
-3.74 -7.91 11.37 .86 .83 .68
-3.89 -7.13 11.26 1.47 .78 .57
-3.89 -7.13 11.26 .86 .83 .68
3.59 2.43 -12.20 -1.29 .67 .43
3.59 2.43 -12.20 -2.64 1.69 .59
1.82 3.43 -12.92 -2.64 1.69 .59
1.82 3.43 -12.92 -4.92 3.12 1.02
-5.00 2.98 -10.24 -4.92 3.12 1.02
-5.00 2.98 -10.24 -7.86 5.91 1.76
-.74 14.99 -9.51 -7.86 5.91 1.76
-.74 14.99 -9.51 -9.36 7.77 4.03
-.92 6.63 -15.93 -9.36 7.77 4.03
-.92 6.63 -15.93 -5.80 10.11 6.36
-11.76 -9.67 -9.05 -5.80 10.11 6.36
-11.76 -9.67 -9.05 -2.80 14.48 5.87
-47.45 -28.28 4.96 -2.80 14.48 5.87
-47.45 -28.28 4.96 -.76 12.98 5.56
-26.78 -16.13 23.75 -.76 12.98 5.56
-26.78 -16.13 23.75 6.49 5.98 4.32
-16.64 .42 36.12 6.49 5.98 4.32
-16.64 .42 36.12 4.73 4.01 2.80
-16.42 -15.98 51.66 4.73 4.01 2.80
-11.76 -6.62 32.07 -.18 2.76 3.84
-16.42 -15.98 51.66 -.18 2.76 3.84
-4.88 -6.00 13.88 -2.02 -1.09 .12
-11.76 -6.62 32.07 -2.02 -1.09 .12
-4.88 -6.00 13.88 -2.09 -1.23 -.77
-3.73 -4.68 11.20 -2.09 -1.23 -.77
-3.73 -4.68 11.20 -1.51 -1.93 -1.11
-2.28 -4.15 8.72 -1.51 -1.93 -1.11
-2.28 -4.15 8.72 -1.02 -1.95 -1.23
-2.50 -3.34 6.50 -1.02 -1.95 -1.23
-2.50 -3.34 6.50 -.44 -1.54 -1.02
-2.80 -1.30 4.80 -.44 -1.54 -1.02
-2.00 -.33 3.24 .00 -1.30 -.60
-2.80 -1.30 4.80 .00 -1.30 -.60
-2.00 -.33 3.24 -.08 -1.03 -.39
-1.75 -.55 2.31 -.08 -1.03 -.39
-1.75 -.55 2.31 -.38 -.59 -.18
-2.34 -1.55 2.44 -.38 -.59 -.18
-2.34 -1.55 2.44 -.58 -.14 .07
-2.86 -2.64 3.81 -.58 -.14 .07
-2.86 -2.64 3.81 -.45 .23 .42
-3.33 -3.20 5.92 -.45 .23 .42
-3.33 -3.20 5.92 -.25 .53 .83
-3.29 -6.09 8.66 -.25 .53 .83
-3.69 -8.65 11.04 -.09 .89 1.02
-3.29 -6.09 8.66 -.09 .89 1.02
-3.69 -8.65 11.04 .56 1.21 .99
-4.03 -7.57 11.13 .56 1.21 .99
-3.95 -6.27 11.32 1.64 1.20 .79
-4.03 -7.57 11.13 1.64 1.20 .79
-3.95 -6.27 11.32 2.27 1.04 .55
-1.32 10.45 -14.08 -6.72 5.94 1.04
-1.32 10.45 -14.08 -8.83 8.66 2.81
-2.53 15.98 -13.74 -8.83 8.66 2.81
-2.53 15.98 -13.74 -10.28 11.08 4.88
-8.82 -.95 -14.44 -10.28 11.08 4.88
-8.82 -.95 -14.44 -9.03 12.86 6.39
-34.23 -36.61 -2.51 -9.03 12.86 6.39
-34.23 -36.61 -2.51 -3.07 13.54 7.08
-25.32 -25.28 14.02 -3.07 13.54 7.08
-25.32 -25.28 14.02 8.81 8.60 5.51
-24.43 -.58 26.02 8.81 8.60 5.51
-24.43 -.58 26.02 8.84 6.91 3.49
-16.64 9.08 28.57 8.84 6.91 3.49
-16.64 9.08 28.57 3.32 3.75 1.88
-13.36 2.74 31.88 3.32 3.75 1.88
-13.36 2.74 31.88 -2.06 2.27 1.44
-12.16 -14.90 35.65 -2.06 2.27 1.44
-12.16 -14.90 35.65 -4.45 .54 2.31
-5.89 -9.04 18.75 -4.45 .54 2.31
-5.89 -9.04 18.75 -2.91 -.31 .44
-6.98 -7.52 10.23 -2.91 -.31 .44
-6.98 -7.52 10.23 -1.34 -.72 .15
-4.56 -4.53 8.71 -1.34 -.72 .15
-4.56 -4.53 8.71 -.36 -1.51 -.34
-2.85 -4.19 9.05 -.36 -1.51 -.34
-2.85 -4.19 9.05 -.21 -1.57 -.54
-3.11 -3.52 8.33 -.21 -1.57 -.54
-3.11 -3.52 8.33 -.08 -1.28 -.54
-3.16 -2.07 6.78 -.08 -1.28 -.54
-3.16 -2.07 6.78 .06 -1.06 -.41
-2.90 -1.48 5.02 .06 -1.06 -.41
-2.90 -1.48 5.02 -.05 -.84 -.31
-2.62 -1.57 4.06 -.05 -.84 -.31
-2.62 -1.57 4.06 -.29 -.56 -.21
-2.83 -2.31 4.44 -.29 -.56 -.21
-2.83 -2.31 4.44 -.45 -.19 -.01
-3.46 -2.85 5.77 -.45 -.19 -.01
-3.46 -2.85 5.77 -.44 .13 .22
-3.67 -3.51 7.40 -.44 .13 .22
-3.67 -3.51 7.40 -.40 .36 .37
-3.69 -4.48 8.99 -.40 .36 .37
-3.69 -4.48 8.99 -.30 .56 .43
-3.68 -5.41 10.04 -.30 .56 .43
-3.68 -5.41 10.04 -.10 .69 .27
-3.94 -5.57 10.59 -.10 .69 .27
-3.94 -5.57 10.59 .28 .75 .16
-4.26 -4.98 10.58 .28 .75 .16
-4.26 -4.98 10.58 .69 .64 .07
-4.50 -3.85 10.20 .69 .64 .07
-4.50 -3.85 10.20 .99 .38 .00
5.29 4.15 -10.44 -.28 -1.03 -.20
5.29 4.15 -10.44 -1.72 -.12 -.01
4.34 3.13 -13.09 -1.72 -.12 -.01
4.34 3.13 -13.09 -2.79 1.29 .02
-.27 4.12 -12.04 -2.79 1.29 .02
-.27 4.12 -12.04 -4.05 2.95 .86
-3.91 3.62 -14.26 -4.05 2.95 .86
-3.91 3.62 -14.26 -6.05 5.45 1.73
-2.82 11.32 -14.82 -6.05 5.45 1.73
-2.82 11.32 -14.82 -8.91 8.22 3.79
-5.29 19.12 -16.35 -8.91 8.22 3.79
-5.29 19.12 -16.35 -10.07 10.78 6.43
-12.09 6.93 -19.59 -10.07 10.78 6.43
-12.09 6.93 -19.59 -10.14 13.38 7.69
-41.50 -48.28 -9.09 -10.14 13.38 7.69
-41.50 -48.28 -9.09 -5.86 13.68 6.24
-30.53 -39.64 17.25 -5.86 13.68 6.24
-30.53 -39.64 17.25 8.62 8.43 5.64
-26.43 -5.07 34.67 8.62 8.43 5.64
-26.43 -5.07 34.67 8.85 5.36 3.56
-12.22 11.47 44.75 8.85 5.36 3.56
-12.22 11.47 44.75 3.20 1.74 1.91
-12.61 -10.28 43.34 3.20 1.74 1.91
-12.61 -10.28 43.34 -4.59 .43 2.09
-4.65 -9.34 20.16 -4.59 .43 2.09
-4.65 -9.34 20.16 -5.53 -1.60 .05
-2.31 -10.29 11.80 -5.53 -1.60 .05
-2.31 -10.29 11.80 -3.86 -1.85 -.75
-1.48 -7.27 9.46 -1.95 -2.18 -.93
-1.48 -7.27 9.46 -3.86 -1.85 -.75
-.43 -5.51 7.58 -.75 -1.96 -1.09
-.43 -5.51 7.58 -1.95 -2.18 -.93
-1.12 -2.68 5.87 -.75 -1.96 -1.09
-1.12 -2.68 5.87 .09 -1.57 -.69
-.90 -.72 4.45 .09 -1.57 -.69
-.90 -.72 4.45 .20 -1.21 -.35
-.87 -.37 3.40 .20 -1.21 -.35
-.87 -.37 3.40 -.12 -.74 -.07
-1.23 -1.33 2.96 -.12 -.74 -.07
-1.23 -1.33 2.96 -.48 -.25 .18
-2.05 -2.94 3.55 -.48 -.25 .18
-2.05 -2.94 3.55 -.59 .19 .47
-2.88 -4.61 4.62 -.59 .19 .47
-2.88 -4.61 4.62 -.38 .50 .80
-3.07 -6.36 6.40 -.38 .50 .80
-3.07 -6.36 6.40 .02 .76 1.07
