-3.20 -9.66 8.90 .02 .76 1.07
-3.20 -9.66 8.90 .98 1.12 1.20
-3.97 -9.25 10.26 .98 1.12 1.20
-3.97 -9.25 10.26 2.21 1.31 1.10
-2.59 9.03 -18.81 -7.11 5.81 1.08
-2.59 9.03 -18.81 -9.51 8.26 3.14
-4.51 7.25 -24.61 -9.51 8.26 3.14
-4.51 7.25 -24.61 -7.99 10.95 4.92
-14.18 -10.60 -14.55 -7.99 10.95 4.92
-14.18 -10.60 -14.55 -3.06 14.88 5.71
-41.94 -14.21 13.72 -3.06 14.88 5.71
-41.94 -14.21 13.72 .00 13.38 5.26
-25.60 -11.71 33.05 .00 13.38 5.26
-25.60 -11.71 33.05 2.84 8.42 2.80
-21.66 -6.09 32.54 2.84 8.42 2.80
-21.66 -6.09 32.54 .13 6.02 1.99
-17.25 -6.96 25.97 .13 6.02 1.99
-17.25 -6.96 25.97 -2.18 2.76 1.64
-10.78 -7.61 23.06 -2.18 2.76 1.64
-10.78 -7.61 23.06 -2.65 .37 1.27
-6.05 -6.13 23.07 -2.65 .37 1.27
-6.05 -6.13 23.07 -2.86 -.45 1.26
-7.11 -12.38 19.95 -2.86 -.45 1.26
-7.11 -12.38 19.95 -1.93 -.63 1.25
-4.75 -7.75 11.61 -1.93 -.63 1.25
-4.75 -7.75 11.61 -1.57 -.97 .58
-4.60 -7.57 9.22 -1.57 -.97 .58
-4.60 -7.57 9.22 -1.27 -.95 -.12
-3.92 -6.92 9.05 -1.27 -.95 -.12
-3.92 -6.92 9.05 -.51 -1.00 -.42
-3.53 -5.66 8.36 -.51 -1.00 -.42
-3.53 -5.66 8.36 .20 -.90 -.53
-3.68 -4.10 7.09 .20 -.90 -.53
-3.68 -4.10 7.09 .65 -.75 -.45
-3.99 -2.65 6.30 .65 -.75 -.45
-3.99 -2.65 6.30 .74 -.64 -.32
-3.95 -2.14 6.08 .74 -.64 -.32
-3.95 -2.14 6.08 .50 -.55 -.22
-3.88 -2.12 6.63 .50 -.55 -.22
-3.88 -2.12 6.63 .30 -.43 -.10
-3.64 -2.17 7.14 .30 -.43 -.10
-3.64 -2.17 7.14 .09 -.32 .03
-3.37 -2.56 7.69 .09 -.32 .03
-3.37 -2.56 7.69 -.11 -.21 .20
-3.27 -3.20 8.19 -.11 -.21 .20
-3.27 -3.20 8.19 -.29 -.09 .37
-3.13 -3.95 8.76 -.29 -.09 .37
-3.13 -3.95 8.76 -.43 .00 .45
-3.08 -5.08 9.21 -.43 .00 .45
-3.08 -5.08 9.21 -.29 .11 .45
-3.42 -5.29 9.23 -.29 .11 .45
-3.42 -5.29 9.23 .19 .17 .40
-3.45 -5.28 9.39 .19 .17 .40
-3.45 -5.28 9.39 .30 .16 .27
1.08 .41 -19.95 -1.46 .17 .36
1.08 .41 -19.95 -3.58 1.54 .30
-1.21 -2.60 -17.06 -3.58 1.54 .30
-1.21 -2.60 -17.06 -5.62 3.93 .73
-4.92 5.06 -17.05 -5.62 3.93 .73
-4.92 5.06 -17.05 -6.57 7.43 1.42
-4.49 8.66 -17.88 -6.57 7.43 1.42
-4.49 8.66 -17.88 -4.75 10.27 3.47
-2.22 14.13 -18.35 -4.75 10.27 3.47
-2.22 14.13 -18.35 -7.13 13.93 4.15
-32.33 -16.62 -2.67 -7.13 13.93 4.15
-32.33 -16.62 -2.67 -9.01 17.22 4.44
-38.97 -40.25 15.53 -9.01 17.22 4.44
-38.97 -40.25 15.53 -.29 9.86 5.39
-29.42 -18.02 31.39 -.29 9.86 5.39
-29.42 -18.02 31.39 8.45 7.42 3.76
-19.86 3.11 33.19 8.45 7.42 3.76
-19.86 3.11 33.19 6.88 3.15 2.51
-11.56 7.75 46.25 6.88 3.15 2.51
-11.56 7.75 46.25 .82 1.65 1.29
-14.28 -5.51 38.02 .82 1.65 1.29
-14.28 -5.51 38.02 -4.83 .17 .56
-2.26 -4.23 16.11 -4.83 .17 .56
-2.26 -4.23 16.11 -6.08 -1.84 -.43
-3.05 -4.74 9.78 -6.08 -1.84 -.43
-3.05 -4.74 9.78 -4.90 -1.45 -1.47
-2.06 -5.99 8.22 -4.90 -1.45 -1.47
-2.06 -5.99 8.22 -3.40 -1.91 -1.41
-1.24 -6.47 6.93 -3.40 -1.91 -1.41
-1.24 -6.47 6.93 -2.11 -1.75 -1.29
-1.87 -4.97 5.35 -2.11 -1.75 -1.29
-1.87 -4.97 5.35 -.62 -1.38 -.78
-2.30 -1.90 4.45 -.62 -1.38 -.78
-2.30 -1.90 4.45 .38 -1.28 -.10
-1.89 -1.12 3.76 .38 -1.28 -.10
-1.89 -1.12 3.76 .37 -.99 .12
-2.15 -1.81 3.77 .37 -.99 .12
-2.15 -1.81 3.77 .10 -.60 .33
-3.02 -3.01 4.70 .10 -.60 .33
-3.02 -3.01 4.70 -.01 -.22 .53
-3.35 -4.95 6.45 -.01 -.22 .53
-3.35 -4.95 6.45 .01 .02 .70
-3.06 -7.78 8.88 .01 .02 .70
-3.06 -7.78 8.88 .57 .33 .82
-3.12 -8.31 10.09 .57 .33 .82
-3.12 -8.31 10.09 1.58 .56 .80
-3.33 -6.51 9.93 1.58 .56 .80
