-.82 .21 10.50 -.47 -.95 -.59
-8.33 -.04 .98 -1.48 6.20 5.38
-8.33 -.04 .98 .08 7.29 6.28
-21.43 -1.65 7.36 .08 7.29 6.28
-21.43 -1.65 7.36 3.28 8.17 6.68
-37.21 -1.41 20.35 3.28 8.17 6.68
-37.21 -1.41 20.35 8.94 8.72 7.46
-34.20 8.13 23.26 10.95 6.55 6.91
-34.20 8.13 23.26 8.94 8.72 7.46
-14.95 -13.40 22.44 2.42 1.69 2.32
-14.95 -13.40 22.44 10.95 6.55 6.91
10.69 .35 14.92 -8.67 -1.43 -1.86
10.69 .35 14.92 2.42 1.69 2.32
-4.80 -8.97 13.19 -8.59 -1.77 -2.94
-4.80 -8.97 13.19 -8.67 -1.43 -1.86
-3.62 3.81 9.39 -2.13 -2.54 -1.53
-3.62 3.81 9.39 -8.59 -1.77 -2.94
.16 -1.72 5.62 1.71 -.90 -1.17
.16 -1.72 5.62 -2.13 -2.54 -1.53
.03 -.56 7.08 4.19 -.05 -.84
.03 -.56 7.08 1.71 -.90 -1.17
.16 2.21 10.01 3.94 .32 -.88
.16 2.21 10.01 4.19 -.05 -.84
-.70 3.82 9.89 2.45 .32 -.41
-.70 3.82 9.89 3.94 .32 -.88
.49 4.31 9.88 .29 .07 -.15
.49 4.31 9.88 2.45 .32 -.41
.39 3.54 10.77 -1.41 -.11 -.08
.39 3.54 10.77 .29 .07 -.15
.94 2.35 10.15 -2.40 -.29 -.12
.94 2.35 10.15 -1.41 -.11 -.08
1.57 .76 9.67 -2.13 -.36 -.14
1.57 .76 9.67 -2.40 -.29 -.12
1.79 .18 9.24 -1.00 -.32 -.14
1.79 .18 9.24 -2.13 -.36 -.14
1.33 .40 9.34 -1.00 -.32 -.14
1.33 .40 9.34 .16 -.22 -.15
1.09 .37 9.95 .76 -.16 -.19
1.09 .37 9.95 .16 -.22 -.15
1.00 .51 10.06 .67 -.19 -.25
1.00 .51 10.06 .76 -.16 -.19
.50 .31 10.25 .30 -.23 -.34
.50 .31 10.25 .67 -.19 -.25
-.36 .50 10.38 -.01 -.37 -.40
-.36 .50 10.38 .30 -.23 -.34
-.90 .67 10.24 -.31 -.61 -.56
-.90 .67 10.24 -.01 -.37 -.40
-1.09 .09 9.98 -.65 -.85 -.79
-1.09 .09 9.98 -.31 -.61 -.56
-.82 -.15 9.84 -.67 -.97 -.93
