2.18 1.19 9.92 .12 -.25 -.22
18.79 17.91 -15.85 -.53 .32 .39
18.79 17.91 -15.85 -1.85 1.34 1.02
13.06 14.04 -9.96 -1.85 1.34 1.02
13.06 14.04 -9.96 -.80 3.70 2.27
8.32 10.92 -3.00 -.80 3.70 2.27
8.32 10.92 -3.00 -.84 5.69 3.92
5.65 2.98 1.62 -.84 5.69 3.92
5.65 2.98 1.62 -.12 7.84 4.88
-16.74 -2.60 13.49 -.12 7.84 4.88
-16.74 -2.60 13.49 .12 8.37 5.03
-30.86 -10.98 18.54 .12 8.37 5.03
-30.86 -10.98 18.54 .54 6.52 4.54
-26.65 -7.08 28.60 .54 6.52 4.54
-26.65 -7.08 28.60 2.33 3.71 2.50
-17.40 -6.50 21.06 2.33 3.71 2.50
-17.40 -6.50 21.06 1.34 .89 1.39
-7.28 -3.48 15.28 1.34 .89 1.39
-7.28 -3.48 15.28 .21 -1.19 .01
-.45 -4.16 10.85 .21 -1.19 .01
-.45 -4.16 10.85 -1.39 -1.79 -.72
1.66 .21 7.73 -1.39 -1.79 -.72
1.66 .21 7.73 -1.98 -1.59 -1.06
1.61 .67 6.58 -1.98 -1.59 -1.06
1.61 .67 6.58 -.89 -1.10 -.92
2.99 1.56 5.87 -.89 -1.10 -.92
2.99 1.56 5.87 .57 -.70 -.64
3.66 1.90 7.14 .57 -.70 -.64
3.66 1.90 7.14 1.27 -.39 -.44
3.66 2.45 8.39 1.27 -.39 -.44
3.66 2.45 8.39 .94 -.16 -.32
3.37 2.35 9.17 .94 -.16 -.32
3.37 2.35 9.17 .18 -.02 -.29
3.10 2.11 9.26 .18 -.02 -.29
3.10 2.11 9.26 -.25 -.02 -.22
2.54 1.43 8.97 -.25 -.02 -.22
2.54 1.43 8.97 -.15 -.05 -.13
2.52 1.19 9.27 -.15 -.05 -.13
2.52 1.19 9.27 .07 -.12 -.04
2.65 1.24 9.74 .07 -.12 -.04
2.65 1.24 9.74 .04 -.17 .00
3.12 .96 9.61 .04 -.17 .00
3.12 .96 9.61 -.14 -.17 -.05
3.10 .91 9.32 -.14 -.17 -.05
3.10 .91 9.32 -.23 -.11 -.09
3.21 .79 9.48 -.23 -.11 -.09
3.21 .79 9.48 -.24 -.08 -.17
3.05 .95 10.14 -.24 -.08 -.17
3.05 .95 10.14 -.05 -.10 -.21
