3.16 .74 9.42 -.12 -.24 .05
11.49 9.93 -5.90 .17 -.52 -.57
11.49 9.93 -5.90 -.82 -.48 -.37
17.30 19.68 -16.66 -.82 -.48 -.37
17.30 19.68 -16.66 -2.18 -.31 -.21
26.05 25.63 -24.01 -2.18 -.31 -.21
26.05 25.63 -24.01 -2.46 .24 -.06
16.48 18.40 -19.43 -2.46 .24 -.06
16.48 18.40 -19.43 1.81 2.90 1.71
8.37 23.28 -12.28 1.81 2.90 1.71
8.37 23.28 -12.28 2.76 6.11 4.52
8.30 11.72 -8.48 2.76 6.11 4.52
8.30 11.72 -8.48 -.87 9.75 6.51
-27.17 -3.38 11.04 -.87 9.75 6.51
-27.17 -3.38 11.04 -1.00 10.47 5.96
-50.70 -17.56 34.49 -1.00 10.47 5.96
-50.70 -17.56 34.49 2.59 6.76 5.17
-30.44 -12.76 37.85 2.59 6.76 5.17
-30.44 -12.76 37.85 4.06 3.52 3.28
-14.87 -9.94 23.58 .83 .56 1.52
-14.87 -9.94 23.58 4.06 3.52 3.28
-.05 -6.60 12.01 -3.80 -.65 -.89
-.05 -6.60 12.01 .83 .56 1.52
-.60 .99 7.30 -2.99 -.72 -.90
-.60 .99 7.30 -3.80 -.65 -.89
3.01 .84 5.86 1.35 -.05 -.41
3.01 .84 5.86 -2.99 -.72 -.90
3.38 1.78 8.54 2.26 .42 -.33
3.38 1.78 8.54 1.35 -.05 -.41
1.97 1.93 10.84 .12 .35 -.49
1.97 1.93 10.84 2.26 .42 -.33
1.05 2.07 10.99 -.96 .04 -.25
1.05 2.07 10.99 .12 .35 -.49
1.68 1.19 10.18 -.29 -.15 .08
1.68 1.19 10.18 -.96 .04 -.25
2.24 .47 9.98 .17 -.19 .17
2.24 .47 9.98 -.29 -.15 .08
2.41 .45 10.19 .13 -.16 .08
2.41 .45 10.19 .17 -.19 .17
2.33 1.00 9.99 -.09 -.18 .02
2.33 1.00 9.99 .13 -.16 .08
3.21 .50 9.36 -.13 -.24 .03
3.21 .50 9.36 -.09 -.18 .02
3.18 .77 9.72 .03 -.22 .08
3.18 .77 9.72 -.13 -.24 .03
3.40 .78 9.72 .03 -.22 .08
3.40 .78 9.72 -.05 -.17 .06
3.57 .37 9.42 -.14 -.13 .00
3.57 .37 9.42 -.05 -.17 .06
4.30 .35 8.90 -.07 -.10 -.08
