-.82 -.15 9.84 -.65 -.85 -.79
8.88 5.01 -5.28 -2.83 3.52 2.73
8.88 5.01 -5.28 -2.92 4.66 3.64
1.02 1.40 2.69 -2.92 4.66 3.64
1.02 1.40 2.69 .36 6.66 5.09
-10.85 -1.97 7.91 .36 6.66 5.09
-10.85 -1.97 7.91 3.10 8.57 6.03
-27.14 -.28 14.65 3.10 8.57 6.03
-27.14 -.28 14.65 5.98 9.68 6.58
-41.56 5.23 26.36 5.98 9.68 6.58
-41.56 5.23 26.36 10.18 9.01 7.80
-29.37 1.76 15.38 10.18 9.01 7.80
-29.37 1.76 15.38 5.37 3.85 4.56
2.76 -9.97 19.26 5.37 3.85 4.56
2.76 -9.97 19.26 -11.14 -1.48 -2.23
-4.59 -9.83 10.53 -9.80 -1.95 -1.78
-4.59 -9.83 10.53 -11.14 -1.48 -2.23
-.68 .46 7.24 -9.80 -1.95 -1.78
-.68 .46 7.24 -3.38 -2.17 -1.77
-.46 -1.00 4.72 -3.38 -2.17 -1.77
-.46 -1.00 4.72 2.88 -.48 -1.23
-.54 -.71 7.58 3.99 -.06 -1.37
-.54 -.71 7.58 2.88 -.48 -1.23
.76 .43 9.13 2.63 .06 -1.24
.76 .43 9.13 3.99 -.06 -1.37
.58 3.15 10.44 .93 .01 -.84
.58 3.15 10.44 2.63 .06 -1.24
.66 3.47 12.02 -.30 -.21 -.56
.66 3.47 12.02 .93 .01 -.84
1.42 1.64 11.47 -1.03 -.40 -.26
1.42 1.64 11.47 -.30 -.21 -.56
1.79 .37 10.73 -1.13 -.47 -.24
1.79 .37 10.73 -1.03 -.40 -.26
1.35 .42 9.95 -.92 -.52 -.36
1.35 .42 9.95 -1.13 -.47 -.24
1.51 -.66 9.31 -.39 -.55 -.58
1.51 -.66 9.31 -.92 -.52 -.36
1.41 -.51 9.67 .35 -.59 -.65
1.41 -.51 9.67 -.39 -.55 -.58
.75 -.60 10.31 .54 -.67 -.76
.75 -.60 10.31 .35 -.59 -.65
.18 -.68 9.99 .12 -.78 -.92
.18 -.68 9.99 .54 -.67 -.76
.63 -.70 9.13 -.28 -.85 -1.11
.63 -.70 9.13 .12 -.78 -.92
1.73 -.73 8.83 -.25 -.84 -1.19
1.73 -.73 8.83 -.28 -.85 -1.11
1.22 -.75 9.58 .02 -.80 -1.17
1.22 -.75 9.58 -.25 -.84 -1.19
.75 -.57 10.18 .10 -.82 -1.17
