.75 -.57 10.18 .02 -.80 -1.17
3.16 4.91 .31 .86 4.29 2.72
3.16 4.91 .31 .02 5.45 3.42
-6.26 3.21 2.89 .02 5.45 3.42
-6.26 3.21 2.89 .06 6.80 4.31
-20.24 2.00 10.16 2.91 8.27 5.40
-20.24 2.00 10.16 .06 6.80 4.31
-31.07 5.27 19.70 8.66 7.81 6.49
-31.07 5.27 19.70 2.91 8.27 5.40
-19.82 -3.80 25.31 3.69 4.75 5.18
-19.82 -3.80 25.31 8.66 7.81 6.49
3.72 -9.19 18.06 -9.67 .35 .38
3.72 -9.19 18.06 3.69 4.75 5.18
-5.99 -4.58 15.49 -12.73 -2.84 -2.15
-5.99 -4.58 15.49 -9.67 .35 .38
-.83 .50 5.61 -6.72 -2.65 -1.49
-.83 .50 5.61 -12.73 -2.84 -2.15
-.62 -1.51 .50 2.71 -.42 -1.13
-.62 -1.51 .50 -6.72 -2.65 -1.49
-.67 -1.12 4.47 6.73 .44 -1.08
-.67 -1.12 4.47 2.71 -.42 -1.13
-.07 3.41 10.17 6.71 .38 -.98
-.07 3.41 10.17 6.73 .44 -1.08
.42 4.69 12.26 3.05 .01 -.88
.42 4.69 12.26 6.71 .38 -.98
.86 5.65 11.37 -.13 -.38 -.79
.86 5.65 11.37 3.05 .01 -.88
.72 4.84 11.03 -.13 -.38 -.79
.72 4.84 11.03 -2.11 -.74 -.51
1.40 2.71 10.30 -2.11 -.74 -.51
1.40 2.71 10.30 -3.05 -.98 -.35
2.32 1.30 9.64 -3.05 -.98 -.35
2.32 1.30 9.64 -2.78 -.93 -.37
2.16 .63 9.60 -1.94 -.75 -.40
2.16 .63 9.60 -2.78 -.93 -.37
1.86 .22 8.98 -.93 -.60 -.50
1.86 .22 8.98 -1.94 -.75 -.40
1.63 -.63 8.32 -.10 -.59 -.68
1.63 -.63 8.32 -.93 -.60 -.50
1.14 -.10 10.22 .31 -.67 -.83
1.14 -.10 10.22 -.10 -.59 -.68
1.08 -.01 10.06 -.06 -.79 -.96
1.08 -.01 10.06 .31 -.67 -.83
.28 -.24 10.05 -.44 -.87 -1.07
.28 -.24 10.05 -.06 -.79 -.96
1.22 -.29 8.49 -.86 -.95 -1.16
1.22 -.29 8.49 -.44 -.87 -1.07
1.50 -.93 8.82 -.85 -.92 -1.26
1.50 -.93 8.82 -.86 -.95 -1.16
1.34 -.87 9.72 -.74 -.94 -1.25
