1.34 -.87 9.72 -.85 -.92 -1.26
3.94 7.47 -3.34 -.07 3.45 3.54
3.94 7.47 -3.34 2.47 5.82 4.63
-10.22 -2.22 3.97 6.52 9.73 5.99
-10.22 -2.22 3.97 2.47 5.82 4.63
-28.25 -2.08 14.13 10.22 12.55 4.70
-28.25 -2.08 14.13 6.52 9.73 5.99
-47.90 25.74 34.99 11.09 10.90 5.09
-47.90 25.74 34.99 10.22 12.55 4.70
-21.26 -.95 11.15 -3.16 2.89 1.64
-21.26 -.95 11.15 11.09 10.90 5.09
11.26 -16.85 8.07 -14.27 -1.92 -.47
11.26 -16.85 8.07 -3.16 2.89 1.64
-5.27 -5.63 19.31 -12.17 -2.01 -2.80
-5.27 -5.63 19.31 -14.27 -1.92 -.47
-1.18 5.81 6.96 -12.17 -2.01 -2.80
-1.18 5.81 6.96 -8.10 -3.97 -1.16
.63 -4.55 .82 1.44 -.50 -1.17
.63 -4.55 .82 -8.10 -3.97 -1.16
-1.00 .00 3.10 1.44 -.50 -1.17
-1.00 .00 3.10 6.37 .51 -.61
1.69 .68 6.55 6.70 .60 -.90
1.69 .68 6.55 6.37 .51 -.61
-.71 5.31 12.50 6.70 .60 -.90
-.71 5.31 12.50 4.86 .51 -.53
.02 5.91 12.04 4.86 .51 -.53
.02 5.91 12.04 .90 .17 -.69
.60 5.66 11.30 .90 .17 -.69
.60 5.66 11.30 -1.72 -.12 -.26
1.56 3.13 10.80 -1.72 -.12 -.26
1.56 3.13 10.80 -3.00 -.42 -.18
2.26 1.80 10.83 -3.00 -.42 -.18
2.26 1.80 10.83 -2.88 -.60 -.18
2.53 .79 10.47 -1.98 -.65 -.21
2.53 .79 10.47 -2.88 -.60 -.18
2.23 -.14 10.18 -.82 -.58 -.27
2.23 -.14 10.18 -1.98 -.65 -.21
2.26 -.14 9.54 .03 -.58 -.36
2.26 -.14 9.54 -.82 -.58 -.27
2.11 -.22 9.33 .29 -.62 -.58
2.11 -.22 9.33 .03 -.58 -.36
2.10 -.21 9.93 .16 -.72 -.79
2.10 -.21 9.93 .29 -.62 -.58
1.04 -.20 10.91 -.24 -.80 -.92
1.04 -.20 10.91 .16 -.72 -.79
.07 -.51 10.81 -.67 -.96 -1.04
.07 -.51 10.81 -.24 -.80 -.92
-.05 -.46 9.29 -1.01 -1.10 -1.20
-.05 -.46 9.29 -.67 -.96 -1.04
