.67 -1.45 9.03 -.89 -1.14 -1.44
.67 -1.45 9.03 -1.01 -1.10 -1.20
11.13 9.27 -8.13 -3.24 2.16 2.03
11.13 9.27 -8.13 -3.70 3.23 3.47
3.63 11.00 -7.82 -1.74 5.62 5.50
3.63 11.00 -7.82 -3.70 3.23 3.47
-7.11 2.71 -4.05 2.80 8.92 7.21
-7.11 2.71 -4.05 -1.74 5.62 5.50
-27.14 -12.35 16.12 14.95 12.29 7.34
-27.14 -12.35 16.12 2.80 8.92 7.21
-45.25 19.44 19.58 13.03 10.31 5.17
-45.25 19.44 19.58 14.95 12.29 7.34
-33.26 1.69 38.69 -.30 1.86 .35
-33.26 1.69 38.69 13.03 10.31 5.17
-1.88 -2.28 16.53 -9.58 -1.33 .14
-1.88 -2.28 16.53 -.30 1.86 .35
1.22 -1.22 8.61 -11.30 -3.27 -1.88
1.22 -1.22 8.61 -9.58 -1.33 .14
1.02 -2.73 3.34 -3.35 -1.61 -1.16
1.02 -2.73 3.34 -11.30 -3.27 -1.88
1.22 .53 .48 4.17 .16 -.47
1.22 .53 .48 -3.35 -1.61 -1.16
1.49 3.60 5.41 4.17 .16 -.47
1.49 3.60 5.41 5.88 .75 -.52
-1.32 4.38 12.59 5.88 .75 -.52
-1.32 4.38 12.59 4.72 .50 -.46
-.04 7.14 12.29 .71 .12 -.30
-.04 7.14 12.29 4.72 .50 -.46
.63 5.37 10.63 -2.22 -.22 -.26
.63 5.37 10.63 .71 .12 -.30
1.12 3.59 9.90 -2.77 -.46 -.14
1.12 3.59 9.90 -2.22 -.22 -.26
1.39 2.82 9.47 -2.07 -.53 -.09
1.39 2.82 9.47 -2.77 -.46 -.14
2.37 2.03 9.26 -2.07 -.53 -.09
2.37 2.03 9.26 -.74 -.45 -.04
2.26 2.02 9.50 .25 -.34 -.06
2.26 2.02 9.50 -.74 -.45 -.04
1.90 1.97 9.57 .37 -.38 -.13
1.90 1.97 9.57 .25 -.34 -.06
1.77 2.15 9.73 .00 -.50 -.20
1.77 2.15 9.73 .37 -.38 -.13
1.09 2.09 9.73 -.57 -.66 -.26
1.09 2.09 9.73 .00 -.50 -.20
1.15 1.55 9.55 -1.11 -.82 -.42
1.15 1.55 9.55 -.57 -.66 -.26
1.40 .98 9.34 -1.27 -.87 -.61
1.40 .98 9.34 -1.11 -.82 -.42
.77 .83 9.71 -1.10 -.84 -.76
.77 .83 9.71 -1.27 -.87 -.61
