.46 1.18 9.51 -1.02 -.87 -.88
.46 1.18 9.51 -1.10 -.84 -.76
-2.46 4.60 .21 -.98 4.47 4.45
-2.46 4.60 .21 .71 7.00 5.79
-20.65 .56 7.62 .71 7.00 5.79
-20.65 .56 7.62 2.51 9.85 7.02
-39.43 -4.03 27.63 9.03 10.16 7.91
-39.43 -4.03 27.63 2.51 9.85 7.02
-43.26 12.01 34.53 2.63 3.40 5.63
-43.26 12.01 34.53 9.03 10.16 7.91
12.41 -24.63 13.52 2.63 3.40 5.63
12.41 -24.63 13.52 -15.17 -2.53 -.64
-12.79 -2.66 21.29 -15.17 -2.53 -.64
-12.79 -2.66 21.29 -11.68 -5.04 -2.62
1.53 -7.48 -1.55 -11.68 -5.04 -2.62
1.53 -7.48 -1.55 -3.34 -1.40 -1.75
.46 -2.46 -3.19 -3.34 -1.40 -1.75
.46 -2.46 -3.19 6.46 1.17 -1.43
-1.99 -.94 2.86 6.46 1.17 -1.43
-1.99 -.94 2.86 8.51 1.33 -1.86
-.95 1.64 11.26 8.51 1.33 -1.86
-.95 1.64 11.26 7.86 .31 -1.85
.95 3.63 13.12 7.86 .31 -1.85
.95 3.63 13.12 3.51 -.24 -1.41
2.02 3.79 11.22 3.51 -.24 -1.41
2.02 3.79 11.22 -.49 -.50 -1.34
1.44 3.97 10.78 -.49 -.50 -1.34
1.44 3.97 10.78 -2.55 -.66 -.84
1.93 3.32 10.30 -2.55 -.66 -.84
1.93 3.32 10.30 -2.67 -.84 -.62
2.92 .16 9.58 -2.67 -.84 -.62
2.92 .16 9.58 -1.95 -.88 -.68
2.55 .12 10.86 -1.95 -.88 -.68
2.55 .12 10.86 -.78 -.84 -.75
1.49 -.07 11.23 -.78 -.84 -.75
1.49 -.07 11.23 -.49 -.81 -.93
1.03 .13 9.69 -.49 -.81 -.93
1.03 .13 9.69 -.71 -.90 -1.22
2.10 -.96 7.92 -.71 -.90 -1.22
2.10 -.96 7.92 -.68 -.96 -1.46
1.81 -.94 8.69 -.68 -.96 -1.46
1.81 -.94 8.69 -.27 -.99 -1.54
.13 -.81 9.75 -.27 -.99 -1.54
.13 -.81 9.75 .12 -1.00 -1.57
.36 -.65 9.26 .12 -1.00 -1.57
.36 -.65 9.26 .14 -1.09 -1.59
1.71 .15 7.24 .14 -1.09 -1.59
1.71 .15 7.24 -.29 -1.17 -1.52
2.14 .40 5.72 -.29 -1.17 -1.52
2.14 .40 5.72 -.73 -1.01 -1.55
2.37 -.41 6.63 -.73 -1.01 -1.55
