2.37 -.41 6.63 -.29 -.90 -1.64
21.06 15.79 -7.91 .87 .17 1.51
21.06 15.79 -7.91 -1.00 .69 2.15
15.77 10.95 -9.71 -1.00 .69 2.15
15.77 10.95 -9.71 -1.50 2.05 3.49
5.87 6.10 -5.43 -1.50 2.05 3.49
5.87 6.10 -5.43 .06 4.80 5.40
-9.53 2.61 .45 .06 4.80 5.40
-9.53 2.61 .45 1.83 8.11 6.72
-32.66 -4.91 5.68 1.83 8.11 6.72
-32.66 -4.91 5.68 3.29 10.48 7.09
-52.72 3.24 30.08 3.29 10.48 7.09
-52.72 3.24 30.08 8.49 11.04 7.08
-34.48 -.42 37.29 8.49 11.04 7.08
-34.48 -.42 37.29 6.48 5.38 5.94
10.18 -35.27 11.32 6.48 5.38 5.94
10.18 -35.27 11.32 -10.16 -.98 -.80
-11.25 2.11 18.82 -10.16 -.98 -.80
-11.25 2.11 18.82 -9.32 -3.94 -3.70
3.25 3.68 4.08 -9.32 -3.94 -3.70
3.25 3.68 4.08 -5.78 -3.33 -2.28
-1.23 .56 -.01 -5.78 -3.33 -2.28
-1.23 .56 -.01 3.27 -.50 -1.62
-1.07 -.10 .20 3.27 -.50 -1.62
-1.07 -.10 .20 6.27 .30 -1.75
-.58 2.88 7.08 6.27 .30 -1.75
-.58 2.88 7.08 6.46 .08 -1.49
.51 4.44 10.94 6.46 .08 -1.49
.51 4.44 10.94 2.71 -.15 -1.25
1.06 4.54 9.83 2.71 -.15 -1.25
1.06 4.54 9.83 -.82 -.25 -.97
1.49 3.61 9.98 -.82 -.25 -.97
1.49 3.61 9.98 -2.26 -.32 -.53
2.09 2.59 10.77 -2.26 -.32 -.53
2.09 2.59 10.77 -2.25 -.44 -.41
2.26 .86 10.74 -2.25 -.44 -.41
2.26 .86 10.74 -1.59 -.46 -.41
2.26 .75 9.86 -1.59 -.46 -.41
2.26 .75 9.86 -.38 -.45 -.44
1.67 .31 9.90 -.38 -.45 -.44
1.67 .31 9.90 .16 -.50 -.66
1.79 .58 10.07 .16 -.50 -.66
1.79 .58 10.07 .09 -.62 -.78
1.96 .41 10.83 .09 -.62 -.78
1.96 .41 10.83 .12 -.74 -.83
1.31 .28 10.31 .12 -.74 -.83
