1.31 .28 10.31 -.11 -.90 -.86
.79 .35 9.72 -.11 -.90 -.86
.79 .35 9.72 -.58 -.99 -1.04
.57 .12 10.11 -.58 -.99 -1.04
.57 .12 10.11 -.89 -1.09 -.93
5.35 4.55 -2.54 -1.04 3.82 3.03
5.35 4.55 -2.54 .25 5.48 4.15
-9.54 2.29 4.91 .25 5.48 4.15
-9.54 2.29 4.91 2.13 7.74 5.27
-26.35 -2.71 10.40 2.13 7.74 5.27
-26.35 -2.71 10.40 4.93 9.20 5.85
-42.65 6.83 22.69 4.93 9.20 5.85
-42.65 6.83 22.69 8.44 8.91 6.44
-31.51 1.21 32.74 8.44 8.91 6.44
-31.51 1.21 32.74 5.13 5.00 4.61
2.57 -16.91 12.59 5.13 5.00 4.61
2.57 -16.91 12.59 -8.75 -.32 .38
1.87 -4.91 15.66 -8.75 -.32 .38
1.87 -4.91 15.66 -11.42 -2.63 -3.49
-1.41 2.44 7.48 -11.42 -2.63 -3.49
-1.41 2.44 7.48 -4.18 -2.73 -1.85
-.08 -1.40 1.06 -4.18 -2.73 -1.85
-.08 -1.40 1.06 3.81 -.31 -1.28
-.72 .39 4.19 3.81 -.31 -1.28
-.72 .39 4.19 6.40 .21 -1.35
-1.07 1.94 10.16 5.39 .06 -1.31
-1.07 1.94 10.16 6.40 .21 -1.35
-.60 5.82 11.77 1.22 -.26 -.79
-.60 5.82 11.77 5.39 .06 -1.31
.67 4.25 9.82 -1.83 -.48 -.63
.67 4.25 9.82 1.22 -.26 -.79
.74 2.59 9.49 -2.99 -.55 -.29
.74 2.59 9.49 -1.83 -.48 -.63
1.72 1.46 9.45 -2.88 -.49 -.22
1.72 1.46 9.45 -2.99 -.55 -.29
1.65 .16 9.72 -1.75 -.26 -.20
1.65 .16 9.72 -2.88 -.49 -.22
1.73 -.25 9.33 -.55 -.12 -.21
1.73 -.25 9.33 -1.75 -.26 -.20
1.48 -.46 9.72 .19 -.12 -.36
1.48 -.46 9.72 -.55 -.12 -.21
.65 -.15 10.97 .37 -.24 -.48
.65 -.15 10.97 .19 -.12 -.36
.42 -.16 11.01 -.13 -.49 -.64
.42 -.16 11.01 .37 -.24 -.48
