1.30 -.64 10.74 -.59 -.67 -.89
1.30 -.64 10.74 -.13 -.49 -.64
.81 -1.00 10.35 -.49 -.71 -1.02
.81 -1.00 10.35 -.59 -.67 -.89
.13 -.56 10.23 -.09 -.78 -1.07
.13 -.56 10.23 -.49 -.71 -1.02
-.57 -.72 10.40 .04 -.92 -1.19
-.57 -.72 10.40 -.09 -.78 -1.07
.57 -.86 10.50 -.08 -1.06 -1.32
.57 -.86 10.50 .04 -.92 -1.19
3.33 5.26 -2.24 -2.46 3.25 3.49
3.33 5.26 -2.24 -.38 5.57 4.95
-8.31 4.53 2.18 1.80 8.08 6.13
-8.31 4.53 2.18 -.38 5.57 4.95
-25.64 -3.03 6.79 3.99 9.14 6.43
-25.64 -3.03 6.79 1.80 8.08 6.13
-41.61 .22 24.31 3.99 9.14 6.43
-41.61 .22 24.31 7.89 8.93 6.36
-32.88 3.13 30.01 7.01 6.05 5.73
-32.88 3.13 30.01 7.89 8.93 6.36
-5.21 -12.16 17.73 7.01 6.05 5.73
-5.21 -12.16 17.73 -4.76 1.39 2.13
1.77 -8.76 13.43 -13.20 -1.85 -2.18
1.77 -8.76 13.43 -4.76 1.39 2.13
-3.34 -.10 10.98 -8.04 -2.92 -2.03
-3.34 -.10 10.98 -13.20 -1.85 -2.18
-.35 -3.54 1.90 .64 -.83 -1.29
-.35 -3.54 1.90 -8.04 -2.92 -2.03
-1.09 -2.18 2.43 5.62 .22 -1.20
-1.09 -2.18 2.43 .64 -.83 -1.29
-1.75 .33 9.05 5.62 .22 -1.20
-1.75 .33 9.05 5.92 .20 -1.39
-.27 4.15 12.19 2.94 -.04 -1.08
-.27 4.15 12.19 5.92 .20 -1.39
.69 3.71 11.20 2.94 -.04 -1.08
.69 3.71 11.20 -.28 -.30 -.88
1.23 2.83 11.35 -.28 -.30 -.88
1.23 2.83 11.35 -2.20 -.47 -.54
1.78 1.52 11.11 -2.33 -.55 -.30
1.78 1.52 11.11 -2.20 -.47 -.54
1.88 .59 10.52 -2.33 -.55 -.30
1.88 .59 10.52 -1.56 -.49 -.21
1.89 -.25 9.83 -.36 -.40 -.26
1.89 -.25 9.83 -1.56 -.49 -.21
1.85 -.25 9.60 .32 -.42 -.39
1.85 -.25 9.60 -.36 -.40 -.26
2.00 -.43 10.13 .44 -.48 -.57
2.00 -.43 10.13 .32 -.42 -.39
1.12 -.23 10.52 .44 -.48 -.57
1.12 -.23 10.52 .22 -.65 -.67
1.07 -.34 10.19 -.07 -.79 -.85
1.07 -.34 10.19 .22 -.65 -.67
1.08 -.36 10.32 -.30 -.88 -.99
