1.08 -.36 10.32 -.07 -.79 -.85
1.46 -.38 9.82 -.41 -.89 -1.04
1.46 -.38 9.82 -.30 -.88 -.99
1.07 -1.02 9.52 -.42 -.80 -1.07
1.07 -1.02 9.52 -.41 -.89 -1.04
-.08 -1.54 9.72 -.37 -.82 -1.18
-.08 -1.54 9.72 -.42 -.80 -1.07
6.62 6.00 -3.68 -.75 3.03 3.51
6.62 6.00 -3.68 -.82 4.95 4.68
-5.96 2.83 2.05 -.82 4.95 4.68
-5.96 2.83 2.05 -.02 7.14 5.63
-20.21 -3.67 7.18 -.02 7.14 5.63
-20.21 -3.67 7.18 2.06 8.33 6.11
-36.17 2.68 20.57 8.08 8.80 6.32
-36.17 2.68 20.57 2.06 8.33 6.11
-37.59 4.44 30.04 9.73 7.04 5.76
-37.59 4.44 30.04 8.08 8.80 6.32
-13.27 -8.89 22.82 1.71 2.90 3.16
-13.27 -8.89 22.82 9.73 7.04 5.76
1.77 -2.53 15.08 -10.28 -.81 -.96
1.77 -2.53 15.08 1.71 2.90 3.16
-5.45 -4.73 15.05 -9.54 -2.83 -2.02
-5.45 -4.73 15.05 -10.28 -.81 -.96
-.63 -2.04 7.04 -3.09 -2.36 -1.23
-.63 -2.04 7.04 -9.54 -2.83 -2.02
-.49 -2.88 3.18 2.88 -.86 -.97
-.49 -2.88 3.18 -3.09 -2.36 -1.23
-.50 -1.98 5.91 4.35 -.24 -1.30
-.50 -1.98 5.91 2.88 -.86 -.97
-.68 1.76 9.78 3.27 -.22 -1.17
-.68 1.76 9.78 4.35 -.24 -1.30
.07 2.66 10.72 1.01 -.40 -.87
.07 2.66 10.72 3.27 -.22 -1.17
1.37 2.34 10.09 -.73 -.58 -.52
1.37 2.34 10.09 1.01 -.40 -.87
1.92 2.23 10.33 -1.52 -.66 -.38
1.92 2.23 10.33 -.73 -.58 -.52
2.07 .84 10.19 -1.55 -.68 -.35
2.07 .84 10.19 -1.52 -.66 -.38
2.38 .30 9.37 -.71 -.61 -.36
2.38 .30 9.37 -1.55 -.68 -.35
2.22 .13 9.35 -.03 -.57 -.45
2.22 .13 9.35 -.71 -.61 -.36
1.95 -.61 8.83 .24 -.60 -.58
1.95 -.61 8.83 -.03 -.57 -.45
1.32 -.66 9.39 .44 -.70 -.73
1.32 -.66 9.39 .24 -.60 -.58
.94 .42 10.31 .14 -.95 -.85
.94 .42 10.31 .44 -.70 -.73
1.43 -.06 10.54 -.37 -1.11 -1.13
1.43 -.06 10.54 .14 -.95 -.85
.82 -.37 9.53 -.78 -1.09 -1.29
.82 -.37 9.53 -.37 -1.11 -1.13
-.09 -1.71 8.70 -.61 -1.01 -1.32
-.09 -1.71 8.70 -.78 -1.09 -1.29
.23 -1.39 8.76 -.01 -1.11 -1.35
