4.30 .35 8.90 -.14 -.13 .00
13.63 18.89 -18.97 -.02 .58 .32
13.63 18.89 -18.97 -1.40 1.04 .68
26.29 26.12 -25.90 -3.46 1.83 .53
26.29 26.12 -25.90 -1.40 1.04 .68
16.03 15.53 -25.80 -3.46 1.83 .53
16.03 15.53 -25.80 -.12 3.98 1.61
9.80 27.79 -13.00 4.61 7.54 4.26
9.80 27.79 -13.00 -.12 3.98 1.61
-2.56 5.71 15.81 3.34 11.40 6.14
-2.56 5.71 15.81 4.61 7.54 4.26
-20.00 4.19 9.41 -4.59 11.17 5.29
-20.00 4.19 9.41 3.34 11.40 6.14
-51.55 -13.73 32.69 1.47 6.30 5.15
-51.55 -13.73 32.69 -4.59 11.17 5.29
-28.24 -4.52 41.42 2.86 2.78 3.53
-28.24 -4.52 41.42 1.47 6.30 5.15
-13.36 -10.33 14.62 1.06 .40 2.46
-13.36 -10.33 14.62 2.86 2.78 3.53
-2.73 -13.55 12.04 -2.42 -.64 -.98
-2.73 -13.55 12.04 1.06 .40 2.46
-3.56 2.08 6.65 -1.33 -.61 -1.11
-3.56 2.08 6.65 -2.42 -.64 -.98
1.75 1.88 5.74 .64 -.16 -.72
1.75 1.88 5.74 -1.33 -.61 -1.11
1.82 1.76 7.03 .64 -.16 -.72
1.82 1.76 7.03 2.11 .08 -.38
1.62 2.57 9.35 1.10 .03 -.34
1.62 2.57 9.35 2.11 .08 -.38
1.31 2.68 9.16 -.39 -.12 -.30
1.31 2.68 9.16 1.10 .03 -.34
1.81 1.97 8.32 -.66 -.21 -.20
1.81 1.97 8.32 -.39 -.12 -.30
1.49 2.01 8.78 -.01 -.13 -.04
1.49 2.01 8.78 -.66 -.21 -.20
1.67 1.07 9.40 .20 -.04 -.09
1.67 1.07 9.40 -.01 -.13 -.04
2.32 1.19 9.65 .03 -.01 -.28
2.32 1.19 9.65 .20 -.04 -.09
2.78 2.24 10.19 .01 -.01 -.44
2.78 2.24 10.19 .03 -.01 -.28
2.90 3.21 10.69 .44 -.08 -.39
2.90 3.21 10.69 .01 -.01 -.44
2.96 3.35 10.57 .64 -.21 -.28
2.96 3.35 10.57 .44 -.08 -.39
3.60 3.12 10.46 .33 -.36 -.32
3.60 3.12 10.46 .64 -.21 -.28
3.72 2.96 9.78 -.15 -.44 -.35
3.72 2.96 9.78 .33 -.36 -.32
3.83 1.80 8.23 -.29 -.41 -.32
