.23 -1.39 8.76 -.61 -1.01 -1.32
6.03 4.54 1.25 -1.56 3.40 2.87
6.03 4.54 1.25 -.77 4.81 3.86
-2.55 2.10 5.28 -.04 6.54 4.71
-2.55 2.10 5.28 -.77 4.81 3.86
-11.46 .44 3.44 .07 7.70 5.02
-11.46 .44 3.44 -.04 6.54 4.71
-27.92 -.45 9.18 2.21 7.83 5.68
-27.92 -.45 9.18 .07 7.70 5.02
-34.60 3.82 25.70 2.21 7.83 5.68
-34.60 3.82 25.70 7.08 7.01 6.43
-20.12 1.72 18.70 7.08 7.01 6.43
-20.12 1.72 18.70 6.57 3.47 5.19
2.37 -12.32 20.88 6.57 3.47 5.19
2.37 -12.32 20.88 -4.05 .60 1.18
.80 -.94 16.65 -4.05 .60 1.18
.80 -.94 16.65 -11.63 -1.72 -1.48
-5.30 -4.19 9.27 -11.63 -1.72 -1.48
-5.30 -4.19 9.27 -9.08 -2.42 -1.97
-.38 -3.74 3.31 -9.08 -2.42 -1.97
-.38 -3.74 3.31 -2.50 -1.06 -1.11
-1.45 -1.78 4.16 3.28 -.14 -.93
-1.45 -1.78 4.16 -2.50 -1.06 -1.11
.64 -2.18 7.63 5.18 .35 -.80
.64 -2.18 7.63 3.28 -.14 -.93
.06 -.72 10.82 5.34 .45 -.69
.06 -.72 10.82 5.18 .35 -.80
.31 2.20 12.38 3.17 .22 -.60
.31 2.20 12.38 5.34 .45 -.69
.81 1.79 11.98 .71 -.08 -.62
.81 1.79 11.98 3.17 .22 -.60
1.07 2.30 11.60 .71 -.08 -.62
1.07 2.30 11.60 -.59 -.43 -.42
1.90 1.45 11.55 -.59 -.43 -.42
1.90 1.45 11.55 -1.56 -.73 -.37
2.57 .11 10.75 -1.92 -.85 -.39
2.57 .11 10.75 -1.56 -.73 -.37
2.48 -.16 10.27 -1.60 -.76 -.41
2.48 -.16 10.27 -1.92 -.85 -.39
2.00 -.84 9.18 -1.16 -.65 -.45
2.00 -.84 9.18 -1.60 -.76 -.41
2.12 -1.42 7.87 -.63 -.63 -.55
2.12 -1.42 7.87 -1.16 -.65 -.45
2.69 -1.69 9.50 .06 -.62 -.69
2.69 -1.69 9.50 -.63 -.63 -.55
1.66 -1.59 10.70 .30 -.61 -.77
1.66 -1.59 10.70 .06 -.62 -.69
1.01 -1.50 10.83 .02 -.68 -.86
1.01 -1.50 10.83 .30 -.61 -.77
