.30 -1.35 10.14 -.40 -.76 -.97
.30 -1.35 10.14 .02 -.68 -.86
15.40 13.13 -7.01 .33 .91 1.09
15.40 13.13 -7.01 -.13 1.46 1.65
13.07 14.33 -8.42 1.03 2.79 2.58
13.07 14.33 -8.42 -.13 1.46 1.65
9.27 13.58 -6.45 2.16 5.03 4.00
9.27 13.58 -6.45 1.03 2.79 2.58
1.38 4.41 2.38 2.97 7.62 5.24
1.38 4.41 2.38 2.16 5.03 4.00
-13.71 3.64 8.55 3.93 9.19 5.91
-13.71 3.64 8.55 2.97 7.62 5.24
-32.55 2.26 11.86 4.57 8.78 6.40
-32.55 2.26 11.86 3.93 9.19 5.91
-41.83 7.00 31.40 6.91 7.52 6.77
-41.83 7.00 31.40 4.57 8.78 6.40
-21.06 -6.38 21.10 1.10 4.24 4.97
-21.06 -6.38 21.10 6.91 7.52 6.77
2.35 -12.90 21.54 1.10 4.24 4.97
2.35 -12.90 21.54 -9.18 .71 .85
-3.73 -8.11 13.00 -9.98 -2.22 -1.86
-3.73 -8.11 13.00 -9.18 .71 .85
.28 -3.05 5.65 -9.98 -2.22 -1.86
.28 -3.05 5.65 -2.59 -1.96 -1.69
-1.19 -2.84 2.82 4.99 -.48 -1.21
-1.19 -2.84 2.82 -2.59 -1.96 -1.69
-.62 -.79 7.36 4.99 -.48 -1.21
-.62 -.79 7.36 6.11 -.18 -1.39
.12 2.60 11.22 6.11 -.18 -1.39
.12 2.60 11.22 4.04 -.29 -1.31
.52 3.47 10.88 4.04 -.29 -1.31
.52 3.47 10.88 .30 -.43 -.97
1.84 3.51 10.55 .30 -.43 -.97
1.84 3.51 10.55 -1.30 -.49 -.52
2.57 2.17 10.25 -1.30 -.49 -.52
2.57 2.17 10.25 -1.53 -.49 -.21
2.37 1.22 10.10 -1.00 -.39 -.10
2.37 1.22 10.10 -1.53 -.49 -.21
2.76 .80 9.54 -1.00 -.39 -.10
2.76 .80 9.54 -.13 -.27 -.05
2.86 .64 9.37 .20 -.26 -.09
2.86 .64 9.37 -.13 -.27 -.05
2.85 .48 9.68 .20 -.26 -.09
2.85 .48 9.68 .20 -.29 -.16
2.64 .66 10.10 -.02 -.40 -.14
2.64 .66 10.10 .20 -.29 -.16
2.11 .17 10.48 -.42 -.48 -.18
2.11 .17 10.48 -.02 -.40 -.14
1.95 -.55 10.01 -.77 -.61 -.31
