1.95 -.55 10.01 -.42 -.48 -.18
1.22 -.42 9.08 -.92 -.74 -.49
1.22 -.42 9.08 -.77 -.61 -.31
-3.79 .23 1.72 -1.05 5.37 3.97
-3.79 .23 1.72 -.22 7.31 4.82
-18.52 -2.70 8.27 2.80 8.85 5.66
-18.52 -2.70 8.27 -.22 7.31 4.82
-33.21 2.19 15.28 6.01 9.21 6.17
-33.21 2.19 15.28 2.80 8.85 5.66
-38.86 6.79 25.97 8.13 7.41 6.02
-38.86 6.79 25.97 6.01 9.21 6.17
-16.23 -7.00 24.37 8.13 7.41 6.02
-16.23 -7.00 24.37 2.06 3.33 3.73
7.35 -6.62 18.18 2.06 3.33 3.73
7.35 -6.62 18.18 -10.55 -.38 -.56
-5.17 -5.49 16.38 -10.55 -.38 -.56
-5.17 -5.49 16.38 -12.83 -2.81 -2.29
2.24 -2.87 6.13 -12.83 -2.81 -2.29
2.24 -2.87 6.13 -6.72 -2.38 -1.62
-.56 -2.60 2.03 2.28 -.52 -1.28
-.56 -2.60 2.03 -6.72 -2.38 -1.62
.41 -2.60 4.47 5.69 .21 -1.45
.41 -2.60 4.47 2.28 -.52 -1.28
-.06 .78 10.11 5.90 .24 -1.27
-.06 .78 10.11 5.69 .21 -1.45
1.26 3.47 11.84 3.10 .01 -1.01
1.26 3.47 11.84 5.90 .24 -1.27
2.38 3.51 11.25 .53 -.14 -.72
2.38 3.51 11.25 3.10 .01 -1.01
2.18 3.08 11.38 -1.14 -.33 -.31
2.18 3.08 11.38 .53 -.14 -.72
2.68 1.61 10.64 -1.94 -.47 -.10
2.68 1.61 10.64 -1.14 -.33 -.31
3.29 .52 9.81 -1.73 -.48 .01
3.29 .52 9.81 -1.94 -.47 -.10
3.37 -.41 9.26 -.95 -.35 .03
3.37 -.41 9.26 -1.73 -.48 .01
3.15 -.68 9.09 -.07 -.19 .02
3.15 -.68 9.09 -.95 -.35 .03
3.11 -.67 8.89 .35 -.12 .00
3.11 -.67 8.89 -.07 -.19 .02
2.53 -.78 9.65 .45 -.11 -.07
2.53 -.78 9.65 .35 -.12 .00
2.41 -.98 9.83 .22 -.20 -.14
2.41 -.98 9.83 .45 -.11 -.07
1.73 -1.00 10.04 -.08 -.25 -.23
1.73 -1.00 10.04 .22 -.20 -.14
1.46 -1.24 9.61 -.34 -.33 -.34
1.46 -1.24 9.61 -.08 -.25 -.23
1.58 -1.31 9.43 -.34 -.36 -.46
1.58 -1.31 9.43 -.34 -.33 -.34
