1.55 -1.15 9.36 -.08 -.40 -.52
1.55 -1.15 9.36 -.34 -.36 -.46
-1.29 4.13 -1.02 -1.67 5.23 4.78
-1.29 4.13 -1.02 -.97 6.36 5.35
-13.62 .18 4.64 -.97 6.36 5.35
-13.62 .18 4.64 1.30 7.64 6.23
-27.39 -1.81 14.04 1.30 7.64 6.23
-27.39 -1.81 14.04 4.11 8.78 6.58
-35.70 .53 27.56 4.11 8.78 6.58
-35.70 .53 27.56 5.40 8.25 6.31
-22.88 -11.96 25.49 5.40 8.25 6.31
-22.88 -11.96 25.49 2.11 4.99 4.88
1.70 -13.94 19.06 2.11 4.99 4.88
1.70 -13.94 19.06 -6.34 .28 .37
-3.72 -1.35 16.08 -4.74 -2.14 -1.78
-3.72 -1.35 16.08 -6.34 .28 .37
.53 -1.38 5.97 .19 -1.26 -.71
.53 -1.38 5.97 -4.74 -2.14 -1.78
-1.28 -2.17 7.71 4.17 .35 -.69
-1.28 -2.17 7.71 .19 -1.26 -.71
-1.37 1.47 11.15 3.85 .48 -.78
-1.37 1.47 11.15 4.17 .35 -.69
-.83 2.75 11.17 .89 -.02 -.39
-.83 2.75 11.17 3.85 .48 -.78
.46 2.68 11.99 -1.62 -.45 -.32
.46 2.68 11.99 .89 -.02 -.39
.71 1.14 11.21 -2.42 -.52 -.13
.71 1.14 11.21 -1.62 -.45 -.32
.85 .23 10.13 -1.42 -.35 .00
.85 .23 10.13 -2.42 -.52 -.13
1.95 -.86 9.64 .14 -.20 -.09
1.95 -.86 9.64 -1.42 -.35 .00
1.72 -.01 10.24 .96 -.24 -.26
1.72 -.01 10.24 .14 -.20 -.09
1.54 .08 11.02 .83 -.42 -.33
1.54 .08 11.02 .96 -.24 -.26
1.61 .03 11.19 .00 -.61 -.39
1.61 .03 11.19 .83 -.42 -.33
2.28 -.49 9.66 -.67 -.75 -.44
2.28 -.49 9.66 .00 -.61 -.39
2.23 -.60 9.80 -.48 -.78 -.51
2.23 -.60 9.80 -.67 -.75 -.44
1.50 -.84 10.44 -.07 -.82 -.56
1.50 -.84 10.44 -.48 -.78 -.51
.67 -.96 10.65 -.04 -.87 -.69
.67 -.96 10.65 -.07 -.82 -.56
.96 -1.06 9.03 -.40 -.92 -.83
.96 -1.06 9.03 -.04 -.87 -.69
2.05 -1.49 6.69 -.37 -.89 -.91
2.05 -1.49 6.69 -.40 -.92 -.83
