1.18 -.42 9.62 .04 -.93 -.95
1.18 -.42 9.62 -.37 -.89 -.91
13.64 12.98 -10.72 -.60 2.56 2.76
13.64 12.98 -10.72 -2.57 3.77 3.43
4.12 6.25 -10.00 -2.47 5.91 4.72
4.12 6.25 -10.00 -2.57 3.77 3.43
-9.25 2.85 -3.07 2.64 9.16 6.13
-9.25 2.85 -3.07 -2.47 5.91 4.72
-33.69 1.61 16.06 8.38 10.56 5.77
-33.69 1.61 16.06 2.64 9.16 6.13
-40.77 5.60 37.09 9.53 9.37 4.90
-40.77 5.60 37.09 8.38 10.56 5.77
-27.04 -6.12 28.66 4.23 5.00 3.88
-27.04 -6.12 28.66 9.53 9.37 4.90
-2.33 -6.67 13.08 -7.52 .66 1.12
-2.33 -6.67 13.08 4.23 5.00 3.88
-.01 -7.27 14.26 -10.77 -2.27 -1.64
-.01 -7.27 14.26 -7.52 .66 1.12
-1.37 .00 10.29 -5.96 -2.66 -1.04
-1.37 .00 10.29 -10.77 -2.27 -1.64
.59 -1.49 4.07 1.40 -.56 -.63
.59 -1.49 4.07 -5.96 -2.66 -1.04
.57 -1.22 4.67 1.40 -.56 -.63
.57 -1.22 4.67 4.71 .65 -.69
.23 1.62 9.18 4.71 .65 -.69
.23 1.62 9.18 4.56 .68 -.41
.09 4.89 11.89 4.56 .68 -.41
.09 4.89 11.89 2.37 .35 -.16
.02 4.02 11.85 -1.08 .01 -.12
.02 4.02 11.85 2.37 .35 -.16
-.08 2.39 10.45 -2.76 -.28 .01
-.08 2.39 10.45 -1.08 .01 -.12
1.07 1.03 9.42 -2.42 -.40 .00
1.07 1.03 9.42 -2.76 -.28 .01
1.91 .54 9.36 -.85 -.22 .06
1.91 .54 9.36 -2.42 -.40 .00
2.02 .64 9.38 .71 .02 .12
2.02 .64 9.38 -.85 -.22 .06
1.62 .64 9.59 1.20 .09 .05
1.62 .64 9.59 .71 .02 .12
1.76 1.18 9.38 .85 .00 -.01
1.76 1.18 9.38 1.20 .09 .05
1.77 1.39 9.95 .24 -.06 -.07
1.77 1.39 9.95 .85 .00 -.01
1.41 1.27 10.44 -.23 -.13 -.06
1.41 1.27 10.44 .24 -.06 -.07
1.47 1.02 9.84 -.45 -.21 -.03
1.47 1.02 9.84 -.23 -.13 -.06
1.24 .39 9.39 -.43 -.25 -.15
1.24 .39 9.39 -.45 -.21 -.03
1.30 .44 9.62 -.22 -.28 -.28
