1.30 .44 9.62 -.43 -.25 -.15
3.42 1.59 -2.27 -1.00 4.66 3.29
3.42 1.59 -2.27 .62 6.34 3.96
-8.88 3.62 1.95 3.06 8.13 4.82
-8.88 3.62 1.95 .62 6.34 3.96
-27.80 .13 7.56 5.06 9.30 4.99
-27.80 .13 7.56 3.06 8.13 4.82
-42.16 10.32 26.81 8.96 9.25 5.61
-42.16 10.32 26.81 5.06 9.30 4.99
-30.02 7.67 29.61 8.96 9.25 5.61
-30.02 7.67 29.61 6.23 5.43 5.05
-.61 -13.30 20.35 6.23 5.43 5.05
-.61 -13.30 20.35 -12.59 -.87 -.69
-6.00 -5.37 14.09 -12.59 -.87 -.69
-6.00 -5.37 14.09 -13.60 -2.83 -3.36
.96 -1.81 1.70 -13.60 -2.83 -3.36
.96 -1.81 1.70 -3.73 -1.65 -1.37
-1.69 -2.31 .43 5.66 .43 -.93
-1.69 -2.31 .43 -3.73 -1.65 -1.37
-1.22 2.60 6.03 8.11 .52 -.81
-1.22 2.60 6.03 5.66 .43 -.93
-.02 6.94 13.68 8.11 .52 -.81
-.02 6.94 13.68 5.49 .29 -.66
.48 5.59 11.74 .28 .04 -.54
.48 5.59 11.74 5.49 .29 -.66
.33 5.20 10.36 .28 .04 -.54
.33 5.20 10.36 -2.35 -.10 -.19
.54 2.87 9.65 -3.16 -.31 .08
.54 2.87 9.65 -2.35 -.10 -.19
2.28 .47 9.33 -2.35 -.35 .07
2.28 .47 9.33 -3.16 -.31 .08
2.70 .05 9.58 -.58 -.14 .08
2.70 .05 9.58 -2.35 -.35 .07
2.09 .00 9.77 .80 .00 .04
2.09 .00 9.77 -.58 -.14 .08
2.28 .01 9.83 1.33 -.01 -.02
2.28 .01 9.83 .80 .00 .04
2.03 .86 10.81 .94 -.13 -.09
2.03 .86 10.81 1.33 -.01 -.02
2.01 .74 11.24 -.09 -.29 -.18
2.01 .74 11.24 .94 -.13 -.09
1.59 .39 10.43 -.80 -.42 -.23
1.59 .39 10.43 -.09 -.29 -.18
1.37 .04 9.76 -.97 -.50 -.36
1.37 .04 9.76 -.80 -.42 -.23
1.73 -.52 9.50 -.64 -.52 -.46
1.73 -.52 9.50 -.97 -.50 -.36
1.26 -.19 10.03 -.02 -.46 -.48
