1.26 -.19 10.03 -.64 -.52 -.46
.66 .16 10.39 .04 -.53 -.53
.66 .16 10.39 -.02 -.46 -.48
8.53 7.81 -3.87 -1.28 3.33 2.70
8.53 7.81 -3.87 -.88 5.23 3.99
-1.08 3.81 1.50 -.88 5.23 3.99
-1.08 3.81 1.50 .97 7.38 5.04
-16.27 3.18 4.52 .97 7.38 5.04
-16.27 3.18 4.52 1.76 8.39 5.18
-33.16 -6.58 14.25 1.76 8.39 5.18
-33.16 -6.58 14.25 4.70 8.74 5.63
-37.15 8.12 31.79 4.70 8.74 5.63
-37.15 8.12 31.79 11.80 7.89 6.02
-20.40 -.72 17.01 11.80 7.89 6.02
-20.40 -.72 17.01 6.94 3.35 4.60
4.70 -8.83 17.10 6.94 3.35 4.60
4.70 -8.83 17.10 -8.36 .04 .26
-6.40 -1.16 15.11 -8.36 .04 .26
-6.40 -1.16 15.11 -12.88 -2.51 -1.68
-.72 3.03 7.05 -12.88 -2.51 -1.68
-.72 3.03 7.05 -3.54 -1.86 -.96
-1.45 -1.10 1.41 3.36 -.43 -.94
-1.45 -1.10 1.41 -3.54 -1.86 -.96
.00 -.13 6.62 5.04 -.04 -1.42
.00 -.13 6.62 3.36 -.43 -.94
.02 1.30 11.01 3.25 -.12 -1.55
.02 1.30 11.01 5.04 -.04 -1.42
-.06 3.47 11.19 .80 -.29 -1.38
-.06 3.47 11.19 3.25 -.12 -1.55
.16 3.47 10.81 -.80 -.52 -1.06
.16 3.47 10.81 .80 -.29 -1.38
1.00 2.57 9.69 -1.32 -.60 -.77
1.00 2.57 9.69 -.80 -.52 -1.06
2.14 1.97 10.11 -1.22 -.57 -.68
2.14 1.97 10.11 -1.32 -.60 -.77
2.32 1.37 10.15 -.79 -.36 -.55
2.32 1.37 10.15 -1.22 -.57 -.68
2.50 1.33 9.39 -.32 -.20 -.45
2.50 1.33 9.39 -.79 -.36 -.55
2.77 1.17 8.70 -.20 -.02 -.45
2.77 1.17 8.70 -.32 -.20 -.45
2.88 .90 8.91 .28 .00 -.38
2.88 .90 8.91 -.20 -.02 -.45
2.41 1.18 10.39 .53 -.07 -.29
2.41 1.18 10.39 .28 .00 -.38
2.99 .97 11.43 .22 -.15 -.15
2.99 .97 11.43 .53 -.07 -.29
3.49 -.49 11.73 -.41 -.23 -.08
3.49 -.49 11.73 .22 -.15 -.15
2.95 -.44 11.72 -.93 -.35 -.08
2.95 -.44 11.72 -.41 -.23 -.08
