3.83 1.80 8.23 -.15 -.44 -.35
10.09 12.37 -15.89 -2.62 2.66 2.56
10.09 12.37 -15.89 -1.11 5.42 4.54
-.47 7.77 -5.62 -1.11 5.42 4.54
-.47 7.77 -5.62 1.32 9.16 6.51
-25.28 -7.57 25.04 1.32 9.16 6.51
-25.28 -7.57 25.04 5.79 12.40 6.98
-49.31 -9.85 17.42 5.79 12.40 6.98
-49.31 -9.85 17.42 4.12 10.28 6.84
-44.43 3.52 44.99 4.12 10.28 6.84
-44.43 3.52 44.99 4.47 4.60 4.35
-6.94 -11.37 18.76 4.47 4.60 4.35
-6.94 -11.37 18.76 -3.87 -.65 1.17
1.85 -11.76 15.47 -3.87 -.65 1.17
1.85 -11.76 15.47 -9.35 -2.51 -1.83
.23 2.44 7.00 -9.35 -2.51 -1.83
.23 2.44 7.00 -3.48 -1.80 -1.21
.81 -.63 2.48 -3.48 -1.80 -1.21
.81 -.63 2.48 3.82 .08 -.59
.41 1.48 8.72 3.82 .08 -.59
.41 1.48 8.72 5.62 .39 -.73
.90 3.49 11.61 5.62 .39 -.73
.90 3.49 11.61 2.90 .03 -.61
1.49 3.97 10.34 2.90 .03 -.61
1.49 3.97 10.34 -.54 -.22 -.26
.69 2.48 10.13 -.54 -.22 -.26
.69 2.48 10.13 -1.89 -.43 .08
1.44 .93 9.07 -1.89 -.43 .08
1.44 .93 9.07 -1.42 -.45 .23
2.52 -.81 8.78 -1.42 -.45 .23
2.52 -.81 8.78 -.54 -.37 .08
2.70 -.76 8.94 -.54 -.37 .08
2.70 -.76 8.94 .31 -.27 -.12
2.71 -.33 9.32 .31 -.27 -.12
2.71 -.33 9.32 .81 -.20 -.25
2.36 .27 10.02 .81 -.20 -.25
2.36 .27 10.02 .78 -.23 -.30
2.88 .44 10.21 .78 -.23 -.30
2.88 .44 10.21 .48 -.28 -.36
2.09 .85 10.42 .48 -.28 -.36
2.09 .85 10.42 .17 -.32 -.39
2.64 1.35 8.55 .17 -.32 -.39
2.64 1.35 8.55 .03 -.38 -.39
1.78 .92 9.31 .03 -.38 -.39
1.78 .92 9.31 -.02 -.46 -.51
2.35 .68 10.05 -.02 -.46 -.51
2.35 .68 10.05 .09 -.61 -.46
1.66 .55 10.84 .09 -.61 -.46
1.66 .55 10.84 .04 -.62 -.42
1.15 .39 10.55 .04 -.62 -.42
