1.15 .39 10.55 -.33 -.68 -.43
14.63 16.47 -15.08 -1.33 1.43 .64
14.63 16.47 -15.08 -3.02 2.15 1.13
19.41 15.93 -20.90 -3.02 2.15 1.13
19.41 15.93 -20.90 -3.26 3.17 1.59
13.25 16.80 -17.01 -3.26 3.17 1.59
13.25 16.80 -17.01 .00 5.65 3.67
5.54 14.14 -14.31 .00 5.65 3.67
5.54 14.14 -14.31 -.11 9.27 5.43
-15.94 -2.35 4.45 -.11 9.27 5.43
-15.94 -2.35 4.45 2.96 12.64 5.83
-52.31 -11.48 26.18 2.96 12.64 5.83
-52.31 -11.48 26.18 4.24 11.31 5.88
-46.94 8.51 47.23 4.24 11.31 5.88
-46.94 8.51 47.23 8.33 6.77 4.80
-25.03 -6.02 27.47 2.08 .55 2.92
-25.03 -6.02 27.47 8.33 6.77 4.80
2.73 -11.91 15.20 -8.35 -1.92 -.68
2.73 -11.91 15.20 2.08 .55 2.92
-4.76 .51 11.84 -9.01 -2.34 -1.28
-4.76 .51 11.84 -8.35 -1.92 -.68
3.14 -1.10 3.04 -1.56 -.92 -.56
3.14 -1.10 3.04 -9.01 -2.34 -1.28
2.68 -.87 2.03 3.92 .00 -.42
2.68 -.87 2.03 -1.56 -.92 -.56
1.42 1.65 10.17 4.22 .10 -.64
1.42 1.65 10.17 3.92 .00 -.42
1.35 2.70 11.10 4.22 .10 -.64
1.35 2.70 11.10 1.28 .11 -.47
.37 3.40 10.22 1.28 .11 -.47
.37 3.40 10.22 -1.15 -.07 -.35
.35 1.65 10.47 -1.15 -.07 -.35
.35 1.65 10.47 -1.45 -.42 -.17
1.05 1.18 9.76 -1.45 -.42 -.17
1.05 1.18 9.76 -.86 -.59 -.15
2.32 .56 9.36 -.39 -.58 -.35
2.32 .56 9.36 -.86 -.59 -.15
2.48 1.13 9.28 -.04 -.51 -.48
2.48 1.13 9.28 -.39 -.58 -.35
2.07 1.64 9.70 .27 -.50 -.50
2.07 1.64 9.70 -.04 -.51 -.48
1.27 2.36 9.71 .22 -.64 -.47
1.27 2.36 9.71 .27 -.50 -.50
1.78 1.92 9.32 -.14 -.78 -.52
1.78 1.92 9.32 .22 -.64 -.47
1.68 2.05 10.16 -.36 -.90 -.56
1.68 2.05 10.16 -.14 -.78 -.52
2.11 1.40 10.24 -.66 -.93 -.60
2.11 1.40 10.24 -.36 -.90 -.56
1.89 .73 10.11 -.59 -.83 -.49
