1.89 .73 10.11 -.66 -.93 -.60
12.53 13.94 -11.34 -1.65 1.73 .85
12.53 13.94 -11.34 -3.27 2.31 1.20
15.93 19.14 -14.94 -3.27 2.31 1.20
15.93 19.14 -14.94 -4.31 2.93 1.56
13.85 11.09 -10.52 -4.31 2.93 1.56
13.85 11.09 -10.52 -1.45 4.14 2.76
9.05 12.11 -2.20 -1.45 4.14 2.76
9.05 12.11 -2.20 2.81 6.81 4.65
-.96 2.68 6.50 3.20 9.89 5.96
-.96 2.68 6.50 2.81 6.81 4.65
-22.84 2.85 19.37 -.13 9.68 5.46
-22.84 2.85 19.37 3.20 9.89 5.96
-48.78 -23.64 20.04 1.32 8.17 6.02
-48.78 -23.64 20.04 -.13 9.68 5.46
-32.03 2.66 38.53 1.32 8.17 6.02
-32.03 2.66 38.53 4.84 2.59 4.44
-10.78 -7.20 12.29 -.13 -1.51 1.57
-10.78 -7.20 12.29 4.84 2.59 4.44
8.56 -12.15 15.39 -.13 -1.51 1.57
8.56 -12.15 15.39 -4.98 -1.51 -.91
-6.10 1.53 9.03 -3.03 -.56 -1.07
-6.10 1.53 9.03 -4.98 -1.51 -.91
1.64 .58 5.57 .94 -.16 -.73
1.64 .58 5.57 -3.03 -.56 -1.07
-.12 .93 8.85 3.29 -.05 -.39
-.12 .93 8.85 .94 -.16 -.73
1.03 3.80 11.22 1.79 -.38 -.43
1.03 3.80 11.22 3.29 -.05 -.39
2.09 2.69 10.27 -.69 -.37 -.28
2.09 2.69 10.27 1.79 -.38 -.43
1.28 1.75 10.00 -1.05 -.45 .02
1.28 1.75 10.00 -.69 -.37 -.28
1.67 .10 8.82 -.43 -.51 .02
1.67 .10 8.82 -1.05 -.45 .02
2.73 .27 8.08 -.12 -.48 -.12
2.73 .27 8.08 -.43 -.51 .02
2.68 .49 8.63 .13 -.24 -.19
2.68 .49 8.63 -.12 -.48 -.12
2.38 .49 9.50 .25 -.13 -.16
2.38 .49 9.50 .13 -.24 -.19
2.16 .31 9.82 .19 -.16 -.18
2.16 .31 9.82 .25 -.13 -.16
2.16 .58 9.44 .14 -.24 -.21
2.16 .58 9.44 .19 -.16 -.18
