1.50 .58 10.06 .00 -.32 -.31
1.50 .58 10.06 .14 -.24 -.21
1.26 .26 10.11 -.09 -.45 -.33
1.26 .26 10.11 .00 -.32 -.31
1.20 .14 9.93 -.12 -.56 -.40
1.20 .14 9.93 -.09 -.45 -.33
16.14 16.17 -10.56 -.48 .55 .31
16.14 16.17 -10.56 -2.55 .61 .71
25.64 23.39 -22.82 -5.09 .79 1.13
25.64 23.39 -22.82 -2.55 .61 .71
11.08 17.54 -19.14 -5.09 .79 1.13
11.08 17.54 -19.14 -3.22 2.65 2.18
8.76 20.10 -10.07 -3.22 2.65 2.18
8.76 20.10 -10.07 .50 5.55 4.53
-.78 8.68 -5.18 .50 5.55 4.53
-.78 8.68 -5.18 1.54 9.81 7.55
-14.25 -.78 9.96 1.54 9.81 7.55
-14.25 -.78 9.96 3.69 13.35 8.60
-51.58 -9.18 7.78 3.69 13.35 8.60
-51.58 -9.18 7.78 2.07 12.06 8.17
-56.84 7.09 51.11 2.07 12.06 8.17
-56.84 7.09 51.11 11.78 6.22 7.57
-27.15 -3.22 18.34 11.78 6.22 7.57
-27.15 -3.22 18.34 3.89 -.15 3.78
5.41 -13.50 17.95 3.89 -.15 3.78
5.41 -13.50 17.95 -7.39 -2.89 -1.63
4.19 -1.71 11.54 -12.01 -2.55 -2.00
4.19 -1.71 11.54 -7.39 -2.89 -1.63
-4.88 1.47 6.13 -12.01 -2.55 -2.00
-4.88 1.47 6.13 -4.66 -1.66 -1.18
4.22 -4.31 -.06 -4.66 -1.66 -1.18
4.22 -4.31 -.06 2.91 -.26 -.52
1.54 .58 6.03 6.33 .21 -.36
1.54 .58 6.03 2.91 -.26 -.52
.85 2.33 12.63 6.33 .21 -.36
.85 2.33 12.63 4.50 .23 -.40
1.97 2.35 10.71 4.50 .23 -.40
1.97 2.35 10.71 .66 .04 -.30
1.35 1.83 9.61 .66 .04 -.30
1.35 1.83 9.61 -1.34 -.25 -.38
1.58 .99 9.92 -1.34 -.25 -.38
1.58 .99 9.92 -1.58 -.58 -.28
2.45 .31 9.79 -1.58 -.58 -.28
2.45 .31 9.79 -1.44 -.71 -.26
3.52 -.62 9.22 -1.13 -.59 -.31
3.52 -.62 9.22 -1.44 -.71 -.26
3.57 -.72 8.98 -.64 -.37 -.37
3.57 -.72 8.98 -1.13 -.59 -.31
2.94 -.41 9.60 -.08 -.29 -.43
2.94 -.41 9.60 -.64 -.37 -.37
2.49 -.08 10.16 .24 -.36 -.43
2.49 -.08 10.16 -.08 -.29 -.43
1.90 -.15 10.00 .29 -.47 -.46
