1.90 -.15 10.00 .24 -.36 -.43
2.00 -.22 9.74 .29 -.47 -.46
2.00 -.22 9.74 -.19 -.59 -.56
13.45 15.77 -3.92 -.21 .79 .44
13.45 15.77 -3.92 -.50 .88 .52
19.81 18.84 -11.53 -.50 .88 .52
19.81 18.84 -11.53 -2.18 1.04 .95
20.67 14.00 -12.07 -.01 2.79 2.69
20.67 14.00 -12.07 -2.18 1.04 .95
7.21 16.91 -3.33 .61 5.73 4.75
7.21 16.91 -3.33 -.01 2.79 2.69
4.26 .64 -.56 -.23 8.52 6.16
4.26 .64 -.56 .61 5.73 4.75
-19.26 -1.19 14.81 1.05 9.61 5.74
-19.26 -1.19 14.81 -.23 8.52 6.16
-44.27 -21.89 13.42 1.05 9.61 5.74
-44.27 -21.89 13.42 1.88 8.14 5.46
-28.05 .23 33.25 5.54 3.71 3.14
-28.05 .23 33.25 1.88 8.14 5.46
-16.02 -3.66 18.74 3.20 .46 1.72
-16.02 -3.66 18.74 5.54 3.71 3.14
-1.61 -7.48 14.46 -1.64 -1.02 .16
-1.61 -7.48 14.46 3.20 .46 1.72
-.09 .00 9.58 -1.64 -1.02 .16
-.09 .00 9.58 -4.45 -.95 -1.35
-2.55 2.98 8.80 -2.26 -.90 -.74
-2.55 2.98 8.80 -4.45 -.95 -1.35
3.06 1.85 5.08 -2.26 -.90 -.74
3.06 1.85 5.08 .96 -.43 -.25
1.77 2.58 9.08 .96 -.43 -.25
1.77 2.58 9.08 2.48 .03 .00
1.06 2.78 11.11 .87 .06 .07
1.06 2.78 11.11 2.48 .03 .00
.86 2.09 10.29 -.87 -.02 .05
.86 2.09 10.29 .87 .06 .07
.74 1.57 9.77 -1.37 -.25 .13
.74 1.57 9.77 -.87 -.02 .05
1.48 1.07 9.36 -.85 -.37 .16
1.48 1.07 9.36 -1.37 -.25 .13
2.48 .43 9.18 -.37 -.27 .06
2.48 .43 9.18 -.85 -.37 .16
2.88 .35 9.32 -.05 -.14 -.01
2.88 .35 9.32 -.37 -.27 .06
3.33 .85 9.25 .16 -.06 -.07
3.33 .85 9.25 -.05 -.14 -.01
3.21 1.09 9.94 .23 .00 -.07
3.21 1.09 9.94 .16 -.06 -.07
2.94 1.22 10.11 .21 .00 -.02
2.94 1.22 10.11 .23 .00 -.07
2.76 .77 10.07 .03 -.05 -.01
2.76 .77 10.07 .21 .00 -.02
2.79 .62 10.12 -.03 -.13 -.01
