2.79 .62 10.12 .03 -.05 -.01
17.39 19.13 -13.42 -1.42 .64 .16
17.39 19.13 -13.42 -2.77 1.06 .46
23.34 23.96 -21.20 -3.76 1.58 1.07
23.34 23.96 -21.20 -2.77 1.06 .46
10.58 16.82 -16.88 -.49 4.87 3.29
10.58 16.82 -16.88 -3.76 1.58 1.07
6.85 19.83 -8.52 .81 9.01 5.96
6.85 19.83 -8.52 -.49 4.87 3.29
-10.69 -.87 -1.21 1.34 12.18 6.96
-10.69 -.87 -1.21 .81 9.01 5.96
-57.81 -15.92 22.21 7.65 8.85 7.30
-57.81 -15.92 22.21 1.34 12.18 6.96
-36.18 -.29 37.03 7.39 1.72 4.22
-36.18 -.29 37.03 7.65 8.85 7.30
-6.30 -13.44 15.81 -3.39 -2.74 .07
-6.30 -13.44 15.81 7.39 1.72 4.22
8.21 -4.55 8.95 -9.66 -2.41 -2.11
8.21 -4.55 8.95 -3.39 -2.74 .07
-4.23 3.23 6.27 -4.80 -1.47 -1.12
-4.23 3.23 6.27 -9.66 -2.41 -2.11
5.43 -2.39 -.18 2.86 .04 -.49
5.43 -2.39 -.18 -4.80 -1.47 -1.12
2.22 3.76 7.13 5.56 .48 -.45
2.22 3.76 7.13 2.86 .04 -.49
.87 3.49 12.13 2.45 .33 -.31
.87 3.49 12.13 5.56 .48 -.45
1.91 3.60 10.49 -.97 .09 -.07
1.91 3.60 10.49 2.45 .33 -.31
1.25 1.65 10.02 -2.13 -.30 -.03
1.25 1.65 10.02 -.97 .09 -.07
2.05 .89 9.16 -1.29 -.49 .10
2.05 .89 9.16 -2.13 -.30 -.03
2.99 .30 8.64 -.40 -.34 .02
2.99 .30 8.64 -1.29 -.49 .10
3.30 .40 9.05 .06 -.15 -.07
3.30 .40 9.05 -.40 -.34 .02
3.46 .52 9.36 .21 -.05 -.12
3.46 .52 9.36 .06 -.15 -.07
3.08 1.01 9.78 .10 -.02 -.08
3.08 1.01 9.78 .21 -.05 -.12
3.15 .85 10.00 -.07 -.07 -.06
3.15 .85 10.00 .10 -.02 -.08
2.89 .91 10.15 -.11 -.13 -.07
2.89 .91 10.15 -.07 -.07 -.06
2.52 .71 10.00 -.12 -.19 -.14
2.52 .71 10.00 -.11 -.13 -.07
1.96 .74 9.90 -.11 -.23 -.19
1.96 .74 9.90 -.12 -.19 -.14
1.89 .67 9.68 -.15 -.30 -.23
