1.89 .67 9.68 -.11 -.23 -.19
19.10 20.37 -17.10 -.65 1.42 .93
19.10 20.37 -17.10 -3.21 1.74 .98
18.31 14.32 -21.40 -3.21 1.74 .98
18.31 14.32 -21.40 -3.74 2.87 1.81
8.21 16.61 -12.44 -.96 6.29 4.54
8.21 16.61 -12.44 -3.74 2.87 1.81
2.12 6.63 -4.13 -.36 9.53 6.72
2.12 6.63 -4.13 -.96 6.29 4.54
-19.70 -4.52 12.60 -.36 9.53 6.72
-19.70 -4.52 12.60 6.37 12.92 7.21
-54.49 -12.76 22.68 6.37 12.92 7.21
-54.49 -12.76 22.68 6.01 10.28 6.57
-44.37 6.50 48.37 6.01 10.28 6.57
-44.37 6.50 48.37 6.45 5.20 4.23
-15.64 -11.67 17.42 6.45 5.20 4.23
-15.64 -11.67 17.42 -2.02 -.71 .82
5.91 -7.17 15.36 -2.02 -.71 .82
5.91 -7.17 15.36 -9.99 -2.38 -2.32
-4.72 .13 9.42 -9.99 -2.38 -2.32
-4.72 .13 9.42 -6.40 -2.27 -2.00
3.66 -.04 1.14 -6.40 -2.27 -2.00
3.66 -.04 1.14 1.34 -.43 -.88
2.37 1.82 3.02 1.34 -.43 -.88
2.37 1.82 3.02 5.42 .45 -.64
1.58 3.62 10.95 5.42 .45 -.64
1.58 3.62 10.95 4.25 .49 -.76
.91 5.23 12.28 .91 .25 -.23
.91 5.23 12.28 4.25 .49 -.76
.87 3.77 10.40 -1.46 -.04 -.04
.87 3.77 10.40 .91 .25 -.23
.65 2.73 10.47 -1.69 -.32 .12
.65 2.73 10.47 -1.46 -.04 -.04
1.79 1.69 10.19 -1.24 -.43 .12
1.79 1.69 10.19 -1.69 -.32 .12
2.41 1.12 9.65 -.30 -.30 .14
2.41 1.12 9.65 -1.24 -.43 .12
2.80 1.12 9.49 .36 -.15 .10
2.80 1.12 9.49 -.30 -.30 .14
2.57 1.69 9.86 .31 -.15 .09
2.57 1.69 9.86 .36 -.15 .10
2.45 1.49 9.99 -.05 -.20 .03
2.45 1.49 9.99 .31 -.15 .09
2.34 1.10 9.80 -.29 -.25 .01
2.34 1.10 9.80 -.05 -.20 .03
2.39 .97 9.57 -.06 -.24 .02
2.39 .97 9.57 -.29 -.25 .01
2.17 .69 9.46 .12 -.26 -.01
2.17 .69 9.46 -.06 -.24 .02
2.32 .69 9.03 .22 -.30 -.10
