2.32 .69 9.03 .12 -.26 -.01
17.73 18.60 -10.02 -.12 .25 .22
17.73 18.60 -10.02 -.62 .81 .80
27.26 23.00 -20.88 -2.16 1.82 2.09
27.26 23.00 -20.88 -.62 .81 .80
14.70 18.38 -18.34 -2.16 1.82 2.09
14.70 18.38 -18.34 .08 4.54 3.90
6.51 18.95 -16.34 .00 8.24 5.90
6.51 18.95 -16.34 .08 4.54 3.90
-10.14 5.96 -6.31 .00 8.24 5.90
-10.14 5.96 -6.31 .09 11.61 6.66
-50.57 -4.80 20.93 .09 11.61 6.66
-50.57 -4.80 20.93 1.86 12.00 6.39
-62.64 .66 39.69 1.86 12.00 6.39
-62.64 .66 39.69 7.79 8.81 8.00
-32.45 -8.53 25.71 7.79 8.81 8.00
-32.45 -8.53 25.71 3.30 1.60 5.19
6.48 -13.36 20.39 -9.88 -1.85 -1.41
6.48 -13.36 20.39 3.30 1.60 5.19
-3.60 -10.71 9.19 -9.88 -1.85 -1.41
-3.60 -10.71 9.19 -9.22 -1.89 -1.65
2.34 -3.32 -3.22 -.10 -.35 -1.24
2.34 -3.32 -3.22 -9.22 -1.89 -1.65
-.48 -1.02 4.51 6.42 .35 -.91
-.48 -1.02 4.51 -.10 -.35 -1.24
-.44 3.47 13.55 6.42 .35 -.91
-.44 3.47 13.55 6.37 -.25 -.85
2.72 2.56 11.38 1.22 -.34 -.88
2.72 2.56 11.38 6.37 -.25 -.85
1.76 3.92 10.19 1.22 -.34 -.88
1.76 3.92 10.19 -2.59 -.35 -.64
1.75 1.21 9.23 -2.48 -.45 -.01
1.75 1.21 9.23 -2.59 -.35 -.64
2.08 -.16 8.34 -.94 -.29 .20
2.08 -.16 8.34 -2.48 -.45 -.01
2.39 -.80 8.93 .26 -.01 .06
2.39 -.80 8.93 -.94 -.29 .20
2.18 -.06 10.03 .86 .15 -.09
2.18 -.06 10.03 .26 -.01 .06
2.56 .28 10.25 .69 .03 -.19
2.56 .28 10.25 .86 .15 -.09
3.02 .65 10.52 .31 -.10 -.21
3.02 .65 10.52 .69 .03 -.19
2.90 .70 10.46 -.11 -.16 -.15
2.90 .70 10.46 .31 -.10 -.21
2.45 .38 10.16 -.41 -.16 -.14
2.45 .38 10.16 -.11 -.16 -.15
2.16 -.07 9.77 -.47 -.17 -.20
2.16 -.07 9.77 -.41 -.16 -.14
