2.91 1.24 9.99 -.05 -.10 -.21
2.91 1.24 9.99 .10 -.19 -.21
13.90 15.81 -13.25 -.46 .66 .23
13.90 15.81 -13.25 -1.27 1.16 .38
16.97 17.19 -16.59 -1.27 1.16 .38
16.97 17.19 -16.59 -2.55 1.91 .64
11.22 12.29 -11.17 -2.55 1.91 .64
11.22 12.29 -11.17 -.12 4.72 2.34
9.73 16.61 -9.44 -.12 4.72 2.34
9.73 16.61 -9.44 -.95 7.25 4.23
5.05 1.06 .51 -.95 7.25 4.23
5.05 1.06 .51 -.81 10.23 5.22
-25.08 -5.82 23.23 -.81 10.23 5.22
-25.08 -5.82 23.23 1.47 10.31 4.73
-44.45 -18.29 20.69 1.47 10.31 4.73
-44.45 -18.29 20.69 1.64 6.78 4.22
-22.65 -4.01 34.77 1.64 6.78 4.22
-22.65 -4.01 34.77 2.95 1.81 1.29
-13.35 -2.16 18.95 2.95 1.81 1.29
-13.35 -2.16 18.95 .65 -1.73 .43
3.98 -5.26 9.87 .65 -1.73 .43
3.98 -5.26 9.87 -1.77 -1.80 -.73
2.36 3.30 7.49 -1.77 -1.80 -.73
2.36 3.30 7.49 -3.09 -1.11 -.58
2.38 .90 6.32 -3.09 -1.11 -.58
2.38 .90 6.32 -1.70 -.64 -.47
3.16 1.63 6.52 -1.70 -.64 -.47
3.16 1.63 6.52 .46 -.32 -.14
2.22 2.22 8.94 .46 -.32 -.14
2.22 2.22 8.94 1.06 -.17 -.02
1.89 1.61 10.14 1.06 -.17 -.02
1.89 1.61 10.14 .26 -.21 -.05
2.29 1.47 9.99 .26 -.21 -.05
2.29 1.47 9.99 -.72 -.28 -.13
2.57 1.21 9.49 -.72 -.28 -.13
2.57 1.21 9.49 -1.00 -.34 -.24
3.08 .67 8.93 -1.00 -.34 -.24
3.08 .67 8.93 -.44 -.38 -.27
3.88 1.31 8.83 -.44 -.38 -.27
3.88 1.31 8.83 .30 -.38 -.26
4.30 1.30 9.01 .30 -.38 -.26
4.30 1.30 9.01 .59 -.34 -.29
4.53 1.15 9.26 .59 -.34 -.29
4.53 1.15 9.26 .54 -.29 -.27
4.37 1.30 9.45 .54 -.29 -.27
4.37 1.30 9.45 .26 -.27 -.27
4.58 1.32 9.30 .26 -.27 -.27
4.58 1.32 9.30 .01 -.27 -.26
4.15 1.12 9.09 .01 -.27 -.26
4.15 1.12 9.09 -.10 -.24 -.22
