1.82 -.19 9.43 -.25 -.15 -.19
1.82 -.19 9.43 -.47 -.17 -.20
15.85 15.07 -9.19 -1.21 .00 -.24
15.85 15.07 -9.19 -2.53 .61 .13
21.84 23.85 -19.77 -4.17 1.36 .94
21.84 23.85 -19.77 -2.53 .61 .13
21.23 21.44 -20.38 -2.47 2.80 2.46
21.23 21.44 -20.38 -4.17 1.36 .94
12.53 22.40 -17.96 .78 5.61 4.94
12.53 22.40 -17.96 -2.47 2.80 2.46
2.46 15.67 -10.81 1.48 9.26 6.98
2.46 15.67 -10.81 .78 5.61 4.94
-22.76 -2.66 8.29 4.01 12.58 7.70
-22.76 -2.66 8.29 1.48 9.26 6.98
-59.55 -.96 25.98 2.77 11.48 9.03
-59.55 -.96 25.98 4.01 12.58 7.70
-63.63 9.22 37.48 4.96 6.70 7.20
-63.63 9.22 37.48 2.77 11.48 9.03
-19.49 -27.57 12.29 -3.84 -1.61 1.18
-19.49 -27.57 12.29 4.96 6.70 7.20
14.62 -8.85 20.33 -10.82 -2.75 -3.99
14.62 -8.85 20.33 -3.84 -1.61 1.18
-8.83 -4.76 4.29 -3.15 -1.02 -1.93
-8.83 -4.76 4.29 -10.82 -2.75 -3.99
3.92 -1.15 .22 5.44 .05 -1.71
3.92 -1.15 .22 -3.15 -1.02 -1.93
-1.68 4.47 9.14 7.41 -.10 -1.05
-1.68 4.47 9.14 5.44 .05 -1.71
2.43 8.30 12.15 2.18 -.43 -1.19
2.43 8.30 12.15 7.41 -.10 -1.05
3.08 6.69 9.50 -2.51 -.38 -.62
3.08 6.69 9.50 2.18 -.43 -1.19
2.05 2.40 8.71 -2.76 -.35 .05
2.05 2.40 8.71 -2.51 -.38 -.62
1.74 .99 8.19 -.56 .01 .26
1.74 .99 8.19 -2.76 -.35 .05
2.02 -.52 8.65 .86 .27 .07
2.02 -.52 8.65 -.56 .01 .26
2.19 1.07 10.06 1.39 .27 -.04
2.19 1.07 10.06 .86 .27 .07
2.76 1.84 10.32 .99 .13 -.05
2.76 1.84 10.32 1.39 .27 -.04
3.09 2.29 10.51 .09 .00 -.08
3.09 2.29 10.51 .99 .13 -.05
3.04 1.73 9.92 -.39 -.03 -.02
3.04 1.73 9.92 .09 .00 -.08
2.38 1.21 9.81 -.11 .02 .10
2.38 1.21 9.81 -.39 -.03 -.02
1.91 .86 9.43 .16 .06 .20
1.91 .86 9.43 -.11 .02 .10
1.74 .40 9.49 .15 .09 .16
