1.74 .40 9.49 .16 .06 .20
17.76 17.01 -10.68 .23 .54 .02
17.76 17.01 -10.68 -.20 1.04 .19
23.06 27.29 -20.59 -.20 1.04 .19
23.06 27.29 -20.59 -1.16 1.47 .69
20.04 16.63 -19.89 -1.16 1.47 .69
20.04 16.63 -19.89 -.46 2.89 2.22
7.12 13.58 -14.53 -.46 2.89 2.22
7.12 13.58 -14.53 .75 7.68 5.35
-4.02 8.21 -2.51 .75 7.68 5.35
-4.02 8.21 -2.51 -2.10 11.84 7.73
-41.77 .90 13.44 -2.10 11.84 7.73
-41.77 .90 13.44 -1.28 13.30 8.12
-78.27 -12.09 46.78 -1.28 13.30 8.12
-78.27 -12.09 46.78 7.54 10.36 10.06
-35.63 -15.97 19.29 7.54 10.36 10.06
-35.63 -15.97 19.29 1.60 1.71 4.38
14.42 -22.21 18.92 1.60 1.71 4.38
14.42 -22.21 18.92 -10.37 -3.37 -3.10
-9.10 -4.09 9.20 -10.37 -3.37 -3.10
-9.10 -4.09 9.20 -5.51 -2.67 -3.04
8.02 6.17 -.11 -5.51 -2.67 -3.04
8.02 6.17 -.11 2.15 -.67 -1.86
1.38 .65 3.55 2.15 -.67 -1.86
1.38 .65 3.55 6.70 .88 -.95
1.03 3.17 9.80 6.03 .69 -.79
1.03 3.17 9.80 6.70 .88 -.95
1.27 6.66 11.76 .75 .22 -.27
1.27 6.66 11.76 6.03 .69 -.79
.92 2.87 10.16 -2.93 -.16 -.05
.92 2.87 10.16 .75 .22 -.27
.01 1.49 9.84 -3.15 -.25 .12
.01 1.49 9.84 -2.93 -.16 -.05
.75 -.53 8.54 -1.57 -.10 .14
.75 -.53 8.54 -3.15 -.25 .12
1.91 -.14 9.29 .65 .29 .12
1.91 -.14 9.29 -1.57 -.10 .14
1.97 .48 10.85 1.69 .39 -.02
1.97 .48 10.85 .65 .29 .12
2.40 .49 10.86 1.33 .21 -.10
2.40 .49 10.86 1.69 .39 -.02
3.19 1.61 10.72 .11 .00 -.19
3.19 1.61 10.72 1.33 .21 -.10
2.90 2.08 10.64 -.72 -.11 -.25
2.90 2.08 10.64 .11 .00 -.19
2.16 1.47 10.46 -.50 -.15 -.12
2.16 1.47 10.46 -.72 -.11 -.25
2.15 .96 9.45 -.03 -.15 -.07
2.15 .96 9.45 -.50 -.15 -.12
1.26 .96 9.64 .24 -.11 -.11
