1.26 .96 9.64 -.03 -.15 -.07
15.40 14.80 -16.54 .18 .22 .06
15.40 14.80 -16.54 -.39 1.29 .76
14.59 20.85 -23.80 -.39 1.29 .76
14.59 20.85 -23.80 -.68 2.72 1.74
11.36 17.62 -18.75 .04 5.65 3.09
11.36 17.62 -18.75 -.68 2.72 1.74
8.97 14.17 -15.33 .18 9.41 5.46
8.97 14.17 -15.33 .04 5.65 3.09
-5.91 6.43 -2.64 .68 13.40 7.08
-5.91 6.43 -2.64 .18 9.41 5.46
-34.50 -3.78 18.76 5.00 13.26 9.19
-34.50 -3.78 18.76 .68 13.40 7.08
-71.03 15.71 36.49 5.72 8.79 8.70
-71.03 15.71 36.49 5.00 13.26 9.19
-14.49 -30.21 13.14 -6.78 -1.65 .70
-14.49 -30.21 13.14 5.72 8.79 8.70
18.27 -12.70 20.65 -6.78 -1.65 .70
18.27 -12.70 20.65 -13.15 -2.88 -4.44
-11.45 .57 .04 -1.79 -.49 -1.53
-11.45 .57 .04 -13.15 -2.88 -4.44
5.13 -2.46 -2.25 6.45 .44 -1.65
5.13 -2.46 -2.25 -1.79 -.49 -1.53
-2.87 3.80 10.21 6.45 .44 -1.65
-2.87 3.80 10.21 9.56 .32 -.58
1.57 10.65 14.90 9.56 .32 -.58
1.57 10.65 14.90 2.39 -.24 -.65
2.08 5.20 11.20 -3.67 -.08 -.53
2.08 5.20 11.20 2.39 -.24 -.65
-.17 .92 8.74 -3.67 -.08 -.53
-.17 .92 8.74 -3.49 -.08 .36
.18 -.71 8.59 -1.43 .01 .56
.18 -.71 8.59 -3.49 -.08 .36
-.25 -1.76 10.58 .60 .24 .24
-.25 -1.76 10.58 -1.43 .01 .56
.22 -.68 11.14 1.51 .17 -.09
.22 -.68 11.14 .60 .24 .24
1.38 .37 10.91 1.10 -.08 -.32
1.38 .37 10.91 1.51 .17 -.09
2.84 1.21 10.84 .27 -.21 -.40
2.84 1.21 10.84 1.10 -.08 -.32
2.89 1.39 10.92 -.46 -.17 -.33
2.89 1.39 10.92 .27 -.21 -.40
2.62 1.08 10.64 -.52 -.13 -.24
2.62 1.08 10.64 -.46 -.17 -.33
2.09 .70 10.18 -.06 -.10 -.16
2.09 .70 10.18 -.52 -.13 -.24
1.45 .38 10.13 .39 -.08 -.09
1.45 .38 10.13 -.06 -.10 -.16
.46 .39 10.77 .44 -.08 -.06
