.46 .39 10.77 .39 -.08 -.09
14.27 19.86 -11.42 -3.63 1.68 .71
14.27 19.86 -11.42 -4.21 2.38 1.52
16.09 17.64 -12.77 -4.21 2.38 1.52
16.09 17.64 -12.77 -3.40 3.06 2.28
13.12 18.20 -10.56 .20 4.76 4.40
13.12 18.20 -10.56 -3.40 3.06 2.28
3.83 14.20 -6.15 1.41 7.79 6.48
3.83 14.20 -6.15 .20 4.76 4.40
-15.41 .98 2.05 2.15 10.87 8.65
-15.41 .98 2.05 1.41 7.79 6.48
-43.71 -10.45 19.30 5.40 11.42 8.08
-43.71 -10.45 19.30 2.15 10.87 8.65
-60.15 .48 37.60 11.72 8.12 9.07
-60.15 .48 37.60 5.40 11.42 8.08
-30.15 -12.01 19.20 3.08 .66 2.93
-30.15 -12.01 19.20 11.72 8.12 9.07
10.27 -10.60 18.50 -10.51 -1.64 -1.98
10.27 -10.60 18.50 3.08 .66 2.93
-6.34 -1.34 11.50 -10.38 -2.46 -2.35
-6.34 -1.34 11.50 -10.51 -1.64 -1.98
4.37 2.12 5.67 -1.12 -1.14 -.98
4.37 2.12 5.67 -10.38 -2.46 -2.35
.63 -.93 4.99 5.99 .64 -.36
.63 -.93 4.99 -1.12 -1.14 -.98
.56 3.96 10.59 4.84 .61 -.50
.56 3.96 10.59 5.99 .64 -.36
.96 4.02 10.65 .84 .46 -.14
.96 4.02 10.65 4.84 .61 -.50
.19 3.11 11.47 -1.74 -.06 .38
.19 3.11 11.47 .84 .46 -.14
-.24 .08 10.93 -1.79 -.26 .38
-.24 .08 10.93 -1.74 -.06 .38
1.46 -1.12 9.95 -1.09 -.15 .20
1.46 -1.12 9.95 -1.79 -.26 .38
1.73 -.54 10.56 -.08 -.02 .05
1.73 -.54 10.56 -1.09 -.15 .20
2.50 -.42 10.28 .38 -.04 -.01
2.50 -.42 10.28 -.08 -.02 .05
2.62 .11 10.34 .31 -.11 -.03
2.62 .11 10.34 .38 -.04 -.01
2.53 .46 10.67 -.24 -.17 -.11
2.53 .46 10.67 .31 -.11 -.03
2.47 .54 10.22 -.54 -.18 -.08
2.47 .54 10.22 -.24 -.17 -.11
2.13 -.34 9.95 -.37 -.12 -.04
2.13 -.34 9.95 -.54 -.18 -.08
1.55 .04 9.84 .13 -.09 .02
1.55 .04 9.84 -.37 -.12 -.04
1.16 -.31 9.68 .13 -.09 -.05
