1.16 -.31 9.68 .13 -.09 .02
10.24 14.14 -8.11 -1.48 3.01 2.48
10.24 14.14 -8.11 -.72 4.98 4.24
4.28 7.41 -2.97 -.72 4.98 4.24
4.28 7.41 -2.97 -.03 7.47 6.05
-10.24 2.69 3.84 -.03 7.47 6.05
-10.24 2.69 3.84 -.68 8.94 6.75
-28.94 -6.67 12.08 -.68 8.94 6.75
-28.94 -6.67 12.08 -2.35 8.72 6.68
-44.26 -19.91 30.32 -2.35 8.72 6.68
-44.26 -19.91 30.32 3.16 8.11 7.35
-30.97 -4.97 15.45 10.29 3.39 6.09
-30.97 -4.97 15.45 3.16 8.11 7.35
-8.60 -11.68 13.61 10.29 3.39 6.09
-8.60 -11.68 13.61 1.83 -1.22 1.72
12.06 -8.16 18.36 -6.42 -1.39 -2.41
12.06 -8.16 18.36 1.83 -1.22 1.72
-9.16 4.88 11.17 -6.86 -1.42 -1.18
-9.16 4.88 11.17 -6.42 -1.39 -2.41
1.69 -2.25 5.67 -6.86 -1.42 -1.18
1.69 -2.25 5.67 -2.12 -.58 -1.41
-.10 -.93 6.48 4.37 .12 -.19
-.10 -.93 6.48 -2.12 -.58 -1.41
.10 2.43 10.00 4.16 .28 -.29
.10 2.43 10.00 4.37 .12 -.19
.90 1.45 10.31 1.70 .49 -.20
.90 1.45 10.31 4.16 .28 -.29
.50 2.05 10.53 .35 .37 .11
.50 2.05 10.53 1.70 .49 -.20
.28 .83 11.03 -.19 .09 .25
.28 .83 11.03 .35 .37 .11
.75 .55 10.74 -.45 -.12 .23
.75 .55 10.74 -.19 .09 .25
1.57 .20 10.31 -.67 -.13 .13
1.57 .20 10.31 -.45 -.12 .23
2.36 -.47 9.79 -.36 -.05 .08
2.36 -.47 9.79 -.67 -.13 .13
2.11 .07 9.97 .22 .03 .10
2.11 .07 9.97 -.36 -.05 .08
2.06 .39 10.12 .44 .05 .09
2.06 .39 10.12 .22 .03 .10
2.02 .23 10.37 .18 .05 .08
2.02 .23 10.37 .44 .05 .09
1.22 .14 10.38 .06 .05 .12
1.22 .14 10.38 .18 .05 .08
.79 -.15 10.17 .00 .01 .12
.79 -.15 10.17 .06 .05 .12
.68 -.42 9.92 -.05 -.03 .06
.68 -.42 9.92 .00 .01 .12
.80 -.32 10.04 .00 -.05 .00
