.80 -.32 10.04 -.05 -.03 .06
11.58 16.05 -11.73 -1.06 1.26 .69
11.58 16.05 -11.73 -2.00 2.01 1.05
13.92 15.32 -12.47 -1.94 2.66 1.56
13.92 15.32 -12.47 -2.00 2.01 1.05
13.09 18.25 -11.29 -.05 3.87 2.94
13.09 18.25 -11.29 -1.94 2.66 1.56
11.14 17.84 -10.42 -.21 6.11 4.28
11.14 17.84 -10.42 -.05 3.87 2.94
4.64 7.97 -1.71 -.60 8.63 5.52
4.64 7.97 -1.71 -.21 6.11 4.28
-11.15 1.20 2.04 -.26 10.23 6.39
-11.15 1.20 2.04 -.60 8.63 5.52
-37.86 -9.25 20.75 3.61 9.75 6.34
-37.86 -9.25 20.75 -.26 10.23 6.39
-40.91 -1.96 32.96 9.00 7.54 6.29
-40.91 -1.96 32.96 3.61 9.75 6.34
-27.11 -3.65 22.36 6.66 3.08 4.52
-27.11 -3.65 22.36 9.00 7.54 6.29
1.00 -10.91 19.94 -2.42 .15 .16
1.00 -10.91 19.94 6.66 3.08 4.52
-3.76 -1.49 13.24 -8.49 -1.50 -1.70
-3.76 -1.49 13.24 -2.42 .15 .16
-.45 5.44 8.48 -6.02 -1.93 -1.13
-.45 5.44 8.48 -8.49 -1.50 -1.70
.83 -.45 4.69 .55 -.48 -.26
.83 -.45 4.69 -6.02 -1.93 -1.13
.09 1.13 8.60 3.39 .21 -.11
.09 1.13 8.60 .55 -.48 -.26
.47 1.81 10.45 2.39 .29 -.18
.47 1.81 10.45 3.39 .21 -.11
.17 2.82 10.99 .54 .06 -.06
.17 2.82 10.99 2.39 .29 -.18
-.26 2.60 11.08 -.78 -.29 .00
-.26 2.60 11.08 .54 .06 -.06
.64 1.26 10.58 -1.53 -.52 .00
.64 1.26 10.58 -.78 -.29 .00
1.69 .88 9.62 -1.54 -.49 -.05
1.69 .88 9.62 -1.53 -.52 .00
2.40 .92 9.22 -.88 -.30 -.07
2.40 .92 9.22 -1.54 -.49 -.05
3.03 .78 9.01 .12 -.11 -.01
3.03 .78 9.01 -.88 -.30 -.07
2.84 .62 9.89 .72 -.04 -.01
2.84 .62 9.89 .12 -.11 -.01
2.70 .73 10.36 .54 -.14 -.10
2.70 .73 10.36 .72 -.04 -.01
2.09 .95 10.26 .09 -.28 -.23
2.09 .95 10.26 .54 -.14 -.10
2.13 .91 9.35 -.24 -.38 -.32
