2.13 .91 9.35 .09 -.28 -.23
13.54 10.17 -10.91 -.28 -1.25 -.64
13.54 10.17 -10.91 -1.22 -.77 -.30
18.43 11.61 -12.08 -.75 .01 .03
18.43 11.61 -12.08 -1.22 -.77 -.30
18.38 15.46 -13.89 .81 1.23 .44
18.38 15.46 -13.89 -.75 .01 .03
26.37 23.68 -21.11 .36 2.27 1.09
26.37 23.68 -21.11 .81 1.23 .44
21.65 18.55 -20.09 1.05 4.23 2.56
21.65 18.55 -20.09 .36 2.27 1.09
8.53 22.82 -16.17 1.74 7.16 4.50
8.53 22.82 -16.17 1.05 4.23 2.56
-3.11 13.24 -11.87 -.46 10.37 5.57
-3.11 13.24 -11.87 1.74 7.16 4.50
-40.27 2.41 16.28 .91 12.43 6.59
-40.27 2.41 16.28 -.46 10.37 5.57
-69.09 1.64 42.80 5.34 10.75 8.75
-69.09 1.64 42.80 .91 12.43 6.59
-51.82 -7.21 27.76 -4.07 1.58 2.62
-51.82 -7.21 27.76 5.34 10.75 8.75
-7.56 -23.63 17.03 -11.39 -2.47 -3.08
-7.56 -23.63 17.03 -4.07 1.58 2.62
-7.12 .59 5.61 -5.75 -2.84 -2.54
-7.12 .59 5.61 -11.39 -2.47 -3.08
4.20 -1.01 -.38 2.90 -.07 -2.35
4.20 -1.01 -.38 -5.75 -2.84 -2.54
1.12 1.72 5.37 7.41 .49 -1.49
1.12 1.72 5.37 2.90 -.07 -2.35
1.84 7.23 10.54 5.40 .36 -1.04
1.84 7.23 10.54 7.41 .49 -1.49
2.42 6.80 10.91 -.25 .19 -.53
2.42 6.80 10.91 5.40 .36 -1.04
1.54 3.52 9.39 -2.50 -.08 .20
1.54 3.52 9.39 -.25 .19 -.53
1.20 1.59 8.98 -2.08 -.13 .59
1.20 1.59 8.98 -2.50 -.08 .20
1.21 -.63 8.85 -.98 .14 .49
1.21 -.63 8.85 -2.08 -.13 .59
2.03 -.51 9.45 .50 .48 .39
2.03 -.51 9.45 -.98 .14 .49
2.50 .12 10.25 1.24 .48 .27
2.50 .12 10.25 .50 .48 .39
2.59 .75 11.05 1.11 .35 .20
2.59 .75 11.05 1.24 .48 .27
3.01 .92 11.22 .10 .17 .11
3.01 .92 11.22 1.11 .35 .20
2.56 .92 10.96 -.54 .05 .10
2.56 .92 10.96 .10 .17 .11
2.07 .36 10.59 -.53 .00 .12
