2.07 .36 10.59 -.54 .05 .10
16.39 20.79 -10.87 -1.61 1.64 1.00
16.39 20.79 -10.87 -1.70 2.07 1.78
17.75 12.31 -11.08 -1.70 2.07 1.78
17.75 12.31 -11.08 -1.38 3.35 3.52
7.06 10.04 -8.09 -1.38 3.35 3.52
7.06 10.04 -8.09 .56 6.11 5.24
-9.20 2.44 -4.26 .56 6.11 5.24
-9.20 2.44 -4.26 .00 9.07 6.84
-33.05 -4.34 11.30 2.34 11.10 7.40
-33.05 -4.34 11.30 .00 9.07 6.84
-54.19 1.69 35.59 2.34 11.10 7.40
-54.19 1.69 35.59 5.80 10.19 8.05
-38.12 -10.91 19.00 5.80 10.19 8.05
-38.12 -10.91 19.00 1.41 3.88 4.99
10.63 -26.13 17.42 -11.44 -1.86 -2.29
10.63 -26.13 17.42 1.41 3.88 4.99
-11.31 5.86 18.20 -7.44 -3.05 -2.67
-11.31 5.86 18.20 -11.44 -1.86 -2.29
5.37 -1.57 3.99 -.21 -.60 -1.46
5.37 -1.57 3.99 -7.44 -3.05 -2.67
-1.13 1.18 5.12 5.87 .93 -1.02
-1.13 1.18 5.12 -.21 -.60 -1.46
-1.00 3.22 11.42 5.38 .76 -.93
-1.00 3.22 11.42 5.87 .93 -1.02
.43 4.44 12.61 -.50 -.08 -.41
.43 4.44 12.61 5.38 .76 -.93
.36 2.35 10.76 -1.87 -.29 .03
.36 2.35 10.76 -.50 -.08 -.41
.05 -.01 10.92 -1.24 -.14 .21
.05 -.01 10.92 -1.87 -.29 .03
.49 -.81 10.76 -.04 .06 .15
.49 -.81 10.76 -1.24 -.14 .21
1.45 -.49 10.24 1.06 .14 .01
1.45 -.49 10.24 -.04 .06 .15
1.79 .31 10.43 1.48 .08 -.13
1.79 .31 10.43 1.06 .14 .01
2.47 1.00 10.43 .97 -.07 -.18
2.47 1.00 10.43 1.48 .08 -.13
2.45 1.05 11.02 .15 -.19 -.22
2.45 1.05 11.02 .97 -.07 -.18
2.05 1.13 10.71 -.10 -.31 -.22
2.05 1.13 10.71 .15 -.19 -.22
1.27 .95 10.55 -.12 -.39 -.28
1.27 .95 10.55 -.10 -.31 -.22
.90 .52 10.51 -.12 -.45 -.39
.90 .52 10.51 -.12 -.39 -.28
.46 .30 11.17 .00 -.47 -.44
.46 .30 11.17 -.12 -.45 -.39
.24 .87 11.19 -.08 -.54 -.54
