.24 .87 11.19 .00 -.47 -.44
5.99 17.25 -10.29 -1.44 3.21 2.75
5.99 17.25 -10.29 .97 6.36 5.88
-4.78 7.26 -3.45 .97 6.36 5.88
-4.78 7.26 -3.45 1.02 9.80 7.46
-31.34 -4.40 11.81 2.11 11.99 7.81
-31.34 -4.40 11.81 1.02 9.80 7.46
-59.99 -10.07 35.76 7.12 10.80 8.39
-59.99 -10.07 35.76 2.11 11.99 7.81
-41.51 1.93 28.43 7.12 10.80 8.39
-41.51 1.93 28.43 7.76 4.63 6.60
2.88 -30.46 16.44 7.76 4.63 6.60
2.88 -30.46 16.44 -9.35 -1.35 -.98
-5.14 -4.08 18.63 -9.91 -3.10 -3.89
-5.14 -4.08 18.63 -9.35 -1.35 -.98
5.42 4.15 5.60 -9.91 -3.10 -3.89
5.42 4.15 5.60 -4.76 -2.12 -2.37
.68 .84 1.63 5.28 .49 -1.28
.68 .84 1.63 -4.76 -2.12 -2.37
.54 2.17 6.28 6.97 .90 -1.22
.54 2.17 6.28 5.28 .49 -1.28
.04 5.24 12.80 4.14 .68 -.89
.04 5.24 12.80 6.97 .90 -1.22
1.00 5.86 11.66 .10 .29 -.28
1.00 5.86 11.66 4.14 .68 -.89
.52 4.26 10.80 -2.45 -.13 .15
.52 4.26 10.80 .10 .29 -.28
.73 1.49 10.58 -2.81 -.34 .27
.73 1.49 10.58 -2.45 -.13 .15
1.02 .46 10.47 -1.95 -.25 .19
1.02 .46 10.47 -2.81 -.34 .27
2.12 -.05 9.80 -.35 .00 .07
2.12 -.05 9.80 -1.95 -.25 .19
2.30 .34 9.49 .88 .11 -.08
2.30 .34 9.49 -.35 .00 .07
2.13 1.41 10.57 1.41 .07 -.15
2.13 1.41 10.57 .88 .11 -.08
1.91 1.79 11.07 .90 -.04 -.15
1.91 1.79 11.07 1.41 .07 -.15
1.46 1.79 11.02 .06 -.18 -.15
1.46 1.79 11.02 .90 -.04 -.15
.79 1.27 10.98 -.44 -.31 -.17
.79 1.27 10.98 .06 -.18 -.15
.30 1.06 10.63 -.70 -.49 -.26
.30 1.06 10.63 -.44 -.31 -.17
.04 .77 10.62 -.73 -.62 -.38
.04 .77 10.62 -.70 -.49 -.26
.37 -.02 10.76 -.52 -.69 -.49
.37 -.02 10.76 -.73 -.62 -.38
.26 .37 10.24 -.34 -.74 -.49
