.26 .37 10.24 -.52 -.69 -.49
14.61 16.62 -10.66 -.98 2.14 1.92
14.61 16.62 -10.66 -1.19 3.46 3.04
5.45 11.56 -7.22 -.36 5.79 4.67
5.45 11.56 -7.22 -1.19 3.46 3.04
-6.16 5.20 -.90 .89 8.46 5.97
-6.16 5.20 -.90 -.36 5.79 4.67
-27.37 -1.47 11.48 2.15 9.74 6.44
-27.37 -1.47 11.48 .89 8.46 5.97
-44.56 .77 31.07 6.91 9.42 6.87
-44.56 .77 31.07 2.15 9.74 6.44
-37.05 -2.38 27.53 6.63 5.01 6.36
-37.05 -2.38 27.53 6.91 9.42 6.87
-.28 -19.23 20.69 -6.63 -.09 -.05
-.28 -19.23 20.69 6.63 5.01 6.36
-3.84 -6.30 16.05 -11.34 -2.87 -2.84
-3.84 -6.30 16.05 -6.63 -.09 -.05
4.54 .51 4.56 -4.47 -1.82 -1.73
4.54 .51 4.56 -11.34 -2.87 -2.84
.34 -1.24 1.95 5.42 .34 -1.03
.34 -1.24 1.95 -4.47 -1.82 -1.73
-.30 2.11 7.89 7.49 .55 -.97
-.30 2.11 7.89 5.42 .34 -1.03
.55 4.28 12.40 3.90 .27 -.69
.55 4.28 12.40 7.49 .55 -.97
1.23 5.23 10.91 -.29 -.04 -.39
1.23 5.23 10.91 3.90 .27 -.69
.81 3.45 10.19 -2.32 -.33 .01
.81 3.45 10.19 -.29 -.04 -.39
.96 1.65 9.96 -2.31 -.33 .24
.96 1.65 9.96 -2.32 -.33 .01
1.31 .27 9.55 -1.26 -.07 .22
1.31 .27 9.55 -2.31 -.33 .24
1.34 .47 9.70 .14 .15 .13
1.34 .47 9.70 -1.26 -.07 .22
1.19 .63 10.14 1.02 .12 -.04
1.19 .63 10.14 .14 .15 .13
1.26 1.04 10.70 1.07 -.08 -.20
1.26 1.04 10.70 1.02 .12 -.04
1.10 1.42 11.33 .45 -.33 -.35
1.10 1.42 11.33 1.07 -.08 -.20
.87 1.65 10.85 -.39 -.55 -.50
.87 1.65 10.85 .45 -.33 -.35
-.26 1.14 10.79 -.75 -.79 -.64
-.26 1.14 10.79 -.39 -.55 -.50
-1.30 .06 10.91 -.82 -1.10 -.81
-1.30 .06 10.91 -.75 -.79 -.64
-.49 -.84 11.24 -.76 -1.31 -1.12
-.49 -.84 11.24 -.82 -1.10 -.81
-1.35 -.35 11.96 -.60 -1.38 -1.27
