3.92 1.03 8.75 -.10 -.24 -.22
3.92 1.03 8.75 -.11 -.25 -.21
17.67 17.90 -16.62 -.40 .50 .75
17.67 17.90 -16.62 -1.38 .65 1.06
14.11 16.39 -19.12 -1.38 .65 1.06
14.11 16.39 -19.12 -2.42 1.95 1.73
11.72 9.36 -15.50 -2.42 1.95 1.73
11.72 9.36 -15.50 -1.42 5.26 4.72
.94 8.47 -2.01 -1.42 5.26 4.72
.94 8.47 -2.01 -.01 8.88 6.13
-7.42 -10.81 19.72 -.01 8.88 6.13
-7.42 -10.81 19.72 1.63 11.48 6.55
-50.88 -22.43 24.13 1.63 11.48 6.55
-50.88 -22.43 24.13 .39 7.14 4.54
-26.83 -5.40 39.46 .39 7.14 4.54
-26.83 -5.40 39.46 1.25 2.06 1.45
-8.15 -6.55 14.63 1.25 2.06 1.45
-8.15 -6.55 14.63 -.64 -1.62 .01
4.33 -8.42 11.01 -.64 -1.62 .01
4.33 -8.42 11.01 -2.69 -2.36 -1.53
1.51 -2.27 5.52 -2.69 -2.36 -1.53
1.51 -2.27 5.52 -.89 -1.53 -1.71
6.08 4.49 1.52 -.89 -1.53 -1.71
6.08 4.49 1.52 1.01 -.40 -1.10
4.48 3.87 6.50 1.95 .45 -.64
4.48 3.87 6.50 1.01 -.40 -1.10
2.94 4.15 9.59 1.95 .45 -.64
2.94 4.15 9.59 1.62 .55 -.02
1.85 2.42 9.62 1.62 .55 -.02
1.85 2.42 9.62 .22 .30 .23
1.63 1.07 9.96 .22 .30 .23
1.63 1.07 9.96 -.65 .02 .26
2.14 .71 10.16 -.65 .02 .26
2.14 .71 10.16 -.80 -.25 .18
3.13 .29 9.68 -.80 -.25 .18
3.13 .29 9.68 -.34 -.36 .10
4.35 -.08 8.90 -.34 -.36 .10
4.35 -.08 8.90 .14 -.36 -.02
5.02 .19 9.04 .14 -.36 -.02
5.02 .19 9.04 .32 -.30 -.13
5.28 .33 9.26 .32 -.30 -.13
5.28 .33 9.26 .16 -.25 -.19
4.84 .33 9.61 .16 -.25 -.19
4.84 .33 9.61 .05 -.24 -.18
4.60 .52 9.51 .05 -.24 -.18
4.60 .52 9.51 .09 -.31 -.18
4.20 .28 9.11 .09 -.31 -.18
4.20 .28 9.11 .10 -.40 -.24
3.69 .06 9.28 .10 -.40 -.24
3.69 .06 9.28 .14 -.49 -.29
3.18 .07 9.68 .14 -.49 -.29
