-1.35 -.35 11.96 -.76 -1.31 -1.12
7.10 7.40 -7.30 -2.33 2.39 2.25
7.10 7.40 -7.30 .10 4.60 4.75
-3.25 6.29 -6.54 .10 4.60 4.75
-3.25 6.29 -6.54 -.33 8.10 6.82
-23.51 -2.55 4.52 -.33 8.10 6.82
-23.51 -2.55 4.52 .52 10.49 7.69
-50.37 -7.79 29.01 .52 10.49 7.69
-50.37 -7.79 29.01 5.19 10.66 8.39
-46.63 -1.59 21.10 5.19 10.66 8.39
-46.63 -1.59 21.10 8.69 5.46 7.85
-5.75 -18.52 19.06 8.69 5.46 7.85
-5.75 -18.52 19.06 -5.97 -1.22 .04
11.59 -13.21 16.63 -11.74 -2.85 -3.89
11.59 -13.21 16.63 -5.97 -1.22 .04
-3.44 3.66 5.43 -11.74 -2.85 -3.89
-3.44 3.66 5.43 -5.91 -1.76 -2.18
2.35 -4.46 .66 -5.91 -1.76 -2.18
2.35 -4.46 .66 3.84 .69 -1.67
-.77 2.45 5.38 3.84 .69 -1.67
-.77 2.45 5.38 8.80 .91 -1.04
.42 5.28 12.95 8.80 .91 -1.04
.42 5.28 12.95 6.42 .70 -.81
.92 5.41 12.01 1.59 .51 -.53
.92 5.41 12.01 6.42 .70 -.81
.23 5.66 11.33 -1.14 .26 -.04
.23 5.66 11.33 1.59 .51 -.53
-.18 3.13 11.58 -1.94 -.04 .33
-.18 3.13 11.58 -1.14 .26 -.04
.29 1.66 11.85 -1.90 -.14 .43
.29 1.66 11.85 -1.94 -.04 .33
.84 .33 11.31 -1.34 -.07 .34
.84 .33 11.31 -1.90 -.14 .43
.91 .05 11.25 -.42 -.06 .16
.91 .05 11.25 -1.34 -.07 .34
1.10 .01 10.86 .31 -.19 -.05
1.10 .01 10.86 -.42 -.06 .16
.62 .38 11.58 .57 -.42 -.31
.62 .38 11.58 .31 -.19 -.05
.82 .45 11.35 .21 -.55 -.45
.82 .45 11.35 .57 -.42 -.31
.23 .58 10.42 -.11 -.64 -.57
.23 .58 10.42 .21 -.55 -.45
-.06 .33 9.99 -.07 -.72 -.67
-.06 .33 9.99 -.11 -.64 -.57
.04 .43 10.07 .06 -.78 -.66
.04 .43 10.07 -.07 -.72 -.67
.22 -.12 9.93 .13 -.81 -.63
.22 -.12 9.93 .06 -.78 -.66
.44 .46 9.04 .14 -.87 -.63
