.44 .46 9.04 .13 -.81 -.63
17.77 17.48 -15.98 .10 1.89 1.30
17.77 17.48 -15.98 -1.04 3.30 2.18
12.70 13.61 -15.58 -1.78 5.54 3.56
12.70 13.61 -15.58 -1.04 3.30 2.18
-2.87 7.81 -7.46 -.46 8.56 5.40
-2.87 7.81 -7.46 -1.78 5.54 3.56
-27.09 .86 9.42 4.05 11.99 6.68
-27.09 .86 9.42 -.46 8.56 5.40
-55.12 -3.29 25.83 6.22 12.11 7.34
-55.12 -3.29 25.83 4.05 11.99 6.68
-58.73 20.02 41.36 11.12 8.32 7.04
-58.73 20.02 41.36 6.22 12.11 7.34
-10.73 -25.40 24.05 -4.63 .49 1.75
-10.73 -25.40 24.05 11.12 8.32 7.04
3.42 -7.13 16.31 -12.86 -3.21 -3.67
3.42 -7.13 16.31 -4.63 .49 1.75
1.65 11.65 8.50 -5.93 -3.45 -1.72
1.65 11.65 8.50 -12.86 -3.21 -3.67
2.34 .36 -1.82 4.36 .38 -.30
2.34 .36 -1.82 -5.93 -3.45 -1.72
-1.19 2.03 6.60 7.63 .91 -.65
-1.19 2.03 6.60 4.36 .38 -.30
-1.26 6.11 12.93 4.88 .24 -.41
-1.26 6.11 12.93 7.63 .91 -.65
.58 6.25 10.68 -.68 -.32 -.22
.58 6.25 10.68 4.88 .24 -.41
.75 4.15 9.38 -3.11 -.58 .05
.75 4.15 9.38 -.68 -.32 -.22
.74 1.88 9.27 -2.95 -.52 .21
.74 1.88 9.27 -3.11 -.58 .05
.78 .08 8.63 -1.12 -.27 .14
.78 .08 8.63 -2.95 -.52 .21
.29 -.17 8.73 .79 -.13 .00
.29 -.17 8.73 -1.12 -.27 .14
-.24 .38 9.75 1.59 -.27 -.24
-.24 .38 9.75 .79 -.13 .00
.39 .54 9.46 1.16 -.50 -.36
.39 .54 9.46 1.59 -.27 -.24
.46 1.48 9.99 .21 -.57 -.40
.46 1.48 9.99 1.16 -.50 -.36
.00 1.59 9.70 -.65 -.65 -.40
.00 1.59 9.70 .21 -.57 -.40
.86 .82 8.96 -.98 -.75 -.47
.86 .82 8.96 -.65 -.65 -.40
.82 .85 10.04 -.09 -.88 -.49
.82 .85 10.04 -.98 -.75 -.47
.32 1.12 10.17 -.03 -.98 -.57
.32 1.12 10.17 -.09 -.88 -.49
.51 .69 8.94 -.13 -1.09 -.63
