.51 .69 8.94 -.03 -.98 -.57
6.34 6.86 -3.50 -1.83 3.88 3.30
6.34 6.86 -3.50 -.84 6.29 5.19
-7.87 2.45 .24 .35 9.12 6.66
-7.87 2.45 .24 -.84 6.29 5.19
-34.56 -7.28 13.16 3.85 10.59 7.33
-34.56 -7.28 13.16 .35 9.12 6.66
-51.58 2.94 28.84 9.25 9.63 8.17
-51.58 2.94 28.84 3.85 10.59 7.33
-32.63 -3.81 29.88 9.25 9.63 8.17
-32.63 -3.81 29.88 5.56 4.29 5.23
12.08 -22.85 18.13 -7.95 -.86 -.78
12.08 -22.85 18.13 5.56 4.29 5.23
-10.10 -2.28 17.25 -9.08 -2.97 -2.91
-10.10 -2.28 17.25 -7.95 -.86 -.78
1.61 5.84 2.92 -1.77 -2.08 -.92
1.61 5.84 2.92 -9.08 -2.97 -2.91
-.73 -.11 2.69 4.71 .34 -.28
-.73 -.11 2.69 -1.77 -2.08 -.92
-.99 1.30 7.94 5.65 .87 -.56
-.99 1.30 7.94 4.71 .34 -.28
-.85 3.94 10.98 2.80 .59 -.16
-.85 3.94 10.98 5.65 .87 -.56
.43 3.51 8.76 -.43 .19 -.03
.43 3.51 8.76 2.80 .59 -.16
-1.13 2.29 10.85 -1.85 -.10 .03
-1.13 2.29 10.85 -.43 .19 -.03
-.09 .95 10.38 -2.11 -.17 .08
-.09 .95 10.38 -1.85 -.10 .03
.98 -.34 9.32 -.86 .02 .05
.98 -.34 9.32 -2.11 -.17 .08
1.07 .19 9.51 .62 .12 -.04
1.07 .19 9.51 -.86 .02 .05
.89 .27 10.34 1.40 .01 -.18
.89 .27 10.34 .62 .12 -.04
1.03 .58 10.92 1.21 -.19 -.24
1.03 .58 10.92 1.40 .01 -.18
1.05 .64 10.96 1.21 -.19 -.24
1.05 .64 10.96 .28 -.38 -.39
1.54 .92 10.40 .28 -.38 -.39
1.54 .92 10.40 -.39 -.54 -.52
1.04 1.18 10.19 -.39 -.54 -.52
1.04 1.18 10.19 -.30 -.59 -.52
.24 .62 10.98 -.14 -.67 -.61
.24 .62 10.98 -.30 -.59 -.52
.22 .37 10.67 -.14 -.67 -.61
.22 .37 10.67 -.09 -.75 -.70
-.28 -.27 10.22 .05 -.80 -.89
-.28 -.27 10.22 -.09 -.75 -.70
.05 .95 9.70 .20 -.88 -.95
