.05 .95 9.70 .05 -.80 -.89
15.64 14.46 -11.14 -1.05 2.32 1.37
15.64 14.46 -11.14 -2.42 3.30 2.23
9.78 12.87 -10.91 -2.50 5.09 3.52
9.78 12.87 -10.91 -2.42 3.30 2.23
-3.22 7.49 -.94 1.80 8.19 5.37
-3.22 7.49 -.94 -2.50 5.09 3.52
-27.61 -1.05 14.06 4.67 11.06 6.38
-27.61 -1.05 14.06 1.80 8.19 5.37
-47.50 1.41 28.39 7.03 10.87 6.39
-47.50 1.41 28.39 4.67 11.06 6.38
-43.71 6.92 34.73 4.52 6.17 6.10
-43.71 6.92 34.73 7.03 10.87 6.39
-.68 -24.75 17.10 4.52 6.17 6.10
-.68 -24.75 17.10 -9.57 -.43 .92
-5.60 -5.82 17.28 -9.57 -.43 .92
-5.60 -5.82 17.28 -10.76 -3.53 -3.09
3.72 .77 .68 -10.76 -3.53 -3.09
3.72 .77 .68 -1.74 -1.89 -1.17
-.32 .37 .00 7.19 .63 -.69
-.32 .37 .00 -1.74 -1.89 -1.17
-1.03 3.67 8.21 7.27 .63 -.96
-1.03 3.67 8.21 7.19 .63 -.69
.96 6.10 11.67 2.08 .16 -.39
.96 6.10 11.67 7.27 .63 -.96
.93 5.80 10.59 -2.43 -.25 .00
.93 5.80 10.59 2.08 .16 -.39
1.02 1.34 9.42 -3.49 -.43 .31
1.02 1.34 9.42 -2.43 -.25 .00
1.04 -.26 9.02 -2.03 -.25 .30
1.04 -.26 9.02 -3.49 -.43 .31
1.86 -.73 8.72 .28 .12 .20
1.86 -.73 8.72 -2.03 -.25 .30
1.43 .00 9.84 1.71 .29 .01
1.43 .00 9.84 .28 .12 .20
1.34 .30 10.61 1.66 .09 -.12
1.34 .30 10.61 1.71 .29 .01
1.34 .92 11.07 .57 -.16 -.21
1.34 .92 11.07 1.66 .09 -.12
1.53 1.30 10.42 -.60 -.34 -.27
1.53 1.30 10.42 .57 -.16 -.21
1.49 1.35 9.87 -.79 -.37 -.21
1.49 1.35 9.87 -.60 -.34 -.27
.72 .80 10.16 -.40 -.36 -.18
.72 .80 10.16 -.79 -.37 -.21
