.96 .57 10.04 -.06 -.40 -.26
.96 .57 10.04 -.40 -.36 -.18
.70 .59 9.90 .00 -.45 -.41
.70 .59 9.90 -.06 -.40 -.26
.11 .95 9.77 .10 -.48 -.50
.11 .95 9.77 .00 -.45 -.41
17.88 15.75 -11.37 -.84 1.80 1.29
17.88 15.75 -11.37 -1.16 2.66 2.64
12.39 14.57 -8.25 -.60 4.48 3.97
12.39 14.57 -8.25 -1.16 2.66 2.64
2.68 8.88 -3.20 -.86 8.71 6.69
2.68 8.88 -3.20 -.60 4.48 3.97
-28.06 -6.06 13.07 2.54 11.12 7.32
-28.06 -6.06 13.07 -.86 8.71 6.69
-53.45 -.73 23.30 6.22 10.62 7.96
-53.45 -.73 23.30 2.54 11.12 7.32
-42.70 4.00 31.35 6.41 5.90 5.31
-42.70 4.00 31.35 6.22 10.62 7.96
-4.02 -18.85 19.04 -3.21 -.32 .61
-4.02 -18.85 19.04 6.41 5.90 5.31
7.04 -6.95 13.02 -8.50 -2.56 -2.87
7.04 -6.95 13.02 -3.21 -.32 .61
-4.02 9.50 7.40 -2.33 -2.60 -1.38
-4.02 9.50 7.40 -8.50 -2.56 -2.87
.25 .37 1.16 3.78 -.18 -.26
.25 .37 1.16 -2.33 -2.60 -1.38
.64 1.80 6.71 5.17 .46 -.48
.64 1.80 6.71 3.78 -.18 -.26
.16 4.54 10.99 2.43 .49 -.02
.16 4.54 10.99 5.17 .46 -.48
.67 3.78 9.98 -1.08 .20 .20
.67 3.78 9.98 2.43 .49 -.02
-.04 1.65 9.65 -2.40 -.12 .25
-.04 1.65 9.65 -1.08 .20 .20
.74 .45 9.67 -2.12 -.26 .15
.74 .45 9.67 -2.40 -.12 .25
1.39 -.08 9.63 -.59 -.09 .07
1.39 -.08 9.63 -2.12 -.26 .15
1.89 -.03 9.59 .87 .09 .05
1.89 -.03 9.59 -.59 -.09 .07
1.82 .45 10.08 1.34 .07 .00
1.82 .45 10.08 .87 .09 .05
2.09 .89 10.55 .69 -.03 -.05
2.09 .89 10.55 1.34 .07 .00
1.80 1.03 10.78 -.29 -.15 -.10
1.80 1.03 10.78 .69 -.03 -.05
1.59 .89 10.27 -.56 -.21 -.07
1.59 .89 10.27 -.29 -.15 -.10
1.23 .57 10.18 -.38 -.24 -.08
1.23 .57 10.18 -.56 -.21 -.07
1.38 .21 9.88 .00 -.26 -.16
1.38 .21 9.88 -.38 -.24 -.08
1.08 .28 10.11 .34 -.25 -.27
1.08 .28 10.11 .00 -.26 -.16
.92 .53 10.28 .48 -.28 -.34
