.92 .53 10.28 .34 -.25 -.27
10.95 8.62 -3.39 -.61 4.20 3.68
10.95 8.62 -3.39 .00 6.54 5.46
-7.39 4.75 .88 .65 9.09 6.84
-7.39 4.75 .88 .00 6.54 5.46
-36.59 -5.09 12.33 .65 9.09 6.84
-36.59 -5.09 12.33 4.63 10.67 7.67
-58.35 15.16 33.27 12.20 10.76 9.03
-58.35 15.16 33.27 4.63 10.67 7.67
-36.48 -12.84 37.50 12.20 10.76 9.03
-36.48 -12.84 37.50 5.13 4.71 4.85
13.63 -16.95 12.41 5.13 4.71 4.85
13.63 -16.95 12.41 -11.27 -1.73 -2.02
-15.64 -7.83 19.53 -11.27 -1.73 -2.02
-15.64 -7.83 19.53 -10.32 -3.80 -4.02
5.86 2.76 -1.03 -1.20 -2.73 -2.16
5.86 2.76 -1.03 -10.32 -3.80 -4.02
-.93 -.99 -1.42 6.42 -.41 -1.56
-.93 -.99 -1.42 -1.20 -2.73 -2.16
1.80 3.37 3.73 6.42 -.41 -1.56
1.80 3.37 3.73 7.43 -.11 -1.59
1.83 7.33 9.56 3.42 .06 -.98
1.83 7.33 9.56 7.43 -.11 -1.59
2.46 7.91 9.39 3.42 .06 -.98
2.46 7.91 9.39 -.57 .23 -.47
2.15 4.84 9.11 -.57 .23 -.47
2.15 4.84 9.11 -2.64 .12 .28
2.65 2.71 9.83 -2.64 .12 .28
2.65 2.71 9.83 -1.86 .18 .39
2.09 1.33 9.92 -1.86 .18 .39
2.09 1.33 9.92 -.42 .26 .34
2.14 1.35 10.24 .81 .27 .24
2.14 1.35 10.24 -.42 .26 .34
2.49 1.57 10.03 .81 .27 .24
2.49 1.57 10.03 1.22 .15 .18
2.36 1.99 10.94 .73 .03 .15
2.36 1.99 10.94 1.22 .15 .18
2.13 1.90 10.61 .73 .03 .15
2.13 1.90 10.61 -.36 -.12 .08
1.87 1.46 9.46 -.36 -.12 .08
1.87 1.46 9.46 -.92 -.23 .01
1.65 1.25 9.07 -.92 -.23 .01
1.65 1.25 9.07 -.75 -.30 .00
1.06 .69 9.44 -.75 -.30 .00
1.06 .69 9.44 -.26 -.35 -.02
.82 .93 9.50 -.08 -.44 -.11
.82 .93 9.50 -.26 -.35 -.02
.34 .81 10.00 -.16 -.51 -.28
.34 .81 10.00 -.08 -.44 -.11
-.01 1.47 9.80 -.35 -.66 -.36
