-.01 1.47 9.80 -.16 -.51 -.28
15.35 9.07 -9.40 -2.89 1.88 1.77
15.35 9.07 -9.40 -2.12 3.47 3.67
4.96 4.27 -1.80 -.80 6.37 5.28
4.96 4.27 -1.80 -2.12 3.47 3.67
-9.23 -1.23 3.49 1.35 9.08 6.73
-9.23 -1.23 3.49 -.80 6.37 5.28
-30.48 -1.95 8.48 3.24 9.74 6.56
-30.48 -1.95 8.48 1.35 9.08 6.73
-47.20 .40 28.88 8.41 8.51 6.37
-47.20 .40 28.88 3.24 9.74 6.56
-27.31 -3.20 26.48 6.32 4.05 4.67
-27.31 -3.20 26.48 8.41 8.51 6.37
5.08 -11.67 20.56 -4.58 .01 .24
5.08 -11.67 20.56 6.32 4.05 4.67
-3.36 -7.16 13.51 -8.66 -2.01 -2.30
-3.36 -7.16 13.51 -4.58 .01 .24
-.76 4.60 7.12 -2.32 -2.19 -1.37
-.76 4.60 7.12 -8.66 -2.01 -2.30
.31 -.38 4.43 3.96 -.34 -.65
.31 -.38 4.43 -2.32 -2.19 -1.37
-.23 1.24 8.65 4.96 .20 -.68
-.23 1.24 8.65 3.96 -.34 -.65
.79 4.65 9.57 2.29 .18 -.32
.79 4.65 9.57 4.96 .20 -.68
.56 4.22 11.03 -.16 .03 -.04
.56 4.22 11.03 2.29 .18 -.32
.72 2.55 11.15 -1.35 -.21 .21
.72 2.55 11.15 -.16 .03 -.04
1.21 .76 10.39 -1.64 -.31 .16
1.21 .76 10.39 -1.35 -.21 .21
2.00 .35 9.57 -.55 -.26 .11
2.00 .35 9.57 -1.64 -.31 .16
1.92 .57 9.65 .60 -.18 .04
1.92 .57 9.65 -.55 -.26 .11
1.82 .48 9.98 1.22 -.16 .06
1.82 .48 9.98 .60 -.18 .04
1.65 .53 10.00 .77 -.27 .00
1.65 .53 10.00 1.22 -.16 .06
1.99 .81 9.84 -.01 -.38 -.14
1.99 .81 9.84 .77 -.27 .00
1.92 .34 9.74 -.45 -.49 -.22
1.92 .34 9.74 -.01 -.38 -.14
1.42 .35 9.87 -.09 -.52 -.21
1.42 .35 9.87 -.45 -.49 -.22
1.33 .21 9.39 .19 -.53 -.29
1.33 .21 9.39 -.09 -.52 -.21
1.40 .75 9.39 .28 -.51 -.35
1.40 .75 9.39 .19 -.53 -.29
2.03 .68 8.57 .17 -.49 -.42
