2.03 .68 8.57 .28 -.51 -.35
3.04 6.55 -3.65 -2.28 4.20 3.38
3.04 6.55 -3.65 -1.20 6.90 5.01
-10.14 -.06 2.25 -1.20 6.90 5.01
-10.14 -.06 2.25 1.58 9.78 6.49
-29.96 -6.74 18.35 5.76 9.85 6.47
-29.96 -6.74 18.35 1.58 9.78 6.49
-38.13 -.23 29.17 8.99 6.34 6.18
-38.13 -.23 29.17 5.76 9.85 6.47
-13.74 -8.28 18.78 2.14 .72 2.61
-13.74 -8.28 18.78 8.99 6.34 6.18
9.57 -8.91 16.77 -8.16 -1.44 -1.23
9.57 -8.91 16.77 2.14 .72 2.61
-8.43 -.37 12.16 -6.03 -1.78 -1.40
-8.43 -.37 12.16 -8.16 -1.44 -1.23
2.29 -1.68 2.05 .19 -.85 -.59
2.29 -1.68 2.05 -6.03 -1.78 -1.40
1.00 -1.03 5.65 4.60 .23 -.39
1.00 -1.03 5.65 .19 -.85 -.59
.44 1.82 11.57 3.66 .47 -.61
.44 1.82 11.57 4.60 .23 -.39
.85 2.82 10.24 .65 .22 -.28
.85 2.82 10.24 3.66 .47 -.61
1.04 2.57 10.05 -.98 -.07 -.13
1.04 2.57 10.05 .65 .22 -.28
1.51 1.85 10.72 -1.39 -.28 -.04
1.51 1.85 10.72 -.98 -.07 -.13
2.17 .69 10.12 -1.19 -.23 .00
2.17 .69 10.12 -1.39 -.28 -.04
2.46 .19 9.63 -.22 -.08 .01
2.46 .19 9.63 -1.19 -.23 .00
2.43 .52 9.30 .33 -.04 .00
2.43 .52 9.30 -.22 -.08 .01
1.41 .95 10.27 .43 -.06 .01
1.41 .95 10.27 .33 -.04 .00
1.35 .43 10.35 -.13 -.19 -.02
1.35 .43 10.35 .43 -.06 .01
1.67 -.21 9.96 -.57 -.30 -.19
1.67 -.21 9.96 -.13 -.19 -.02
1.41 .07 10.33 -.44 -.35 -.31
1.41 .07 10.33 -.57 -.30 -.19
.66 -.09 10.32 -.03 -.44 -.35
.66 -.09 10.32 -.44 -.35 -.31
.08 -.39 10.46 .09 -.61 -.53
.08 -.39 10.46 -.03 -.44 -.35
1.29 -.07 9.35 -.03 -.83 -.71
1.29 -.07 9.35 .09 -.61 -.53
1.64 .19 9.82 -.03 -.77 -.85
1.64 .19 9.82 -.03 -.83 -.71
-.36 .11 11.28 .03 -.91 -.77
