-.36 .11 11.28 -.03 -.77 -.85
-6.86 -.51 1.45 -1.59 6.20 4.88
-6.86 -.51 1.45 -.34 8.45 5.98
-19.97 -.81 14.14 3.10 9.96 6.60
-19.97 -.81 14.14 -.34 8.45 5.98
-38.17 -6.16 20.44 3.10 9.96 6.60
-38.17 -6.16 20.44 5.76 9.51 6.11
-37.62 2.93 29.42 8.64 6.52 5.98
-37.62 2.93 29.42 5.76 9.51 6.11
-10.38 -9.54 23.82 .69 1.98 2.55
-10.38 -9.54 23.82 8.64 6.52 5.98
3.57 -8.84 13.12 .69 1.98 2.55
3.57 -8.84 13.12 -9.08 -1.40 -1.57
-3.15 4.99 9.85 -9.08 -1.40 -1.57
-3.15 4.99 9.85 -4.53 -2.16 -1.14
.44 -1.24 2.33 -4.53 -2.16 -1.14
.44 -1.24 2.33 2.29 -.38 -.36
-.33 1.34 6.58 4.64 .52 -.55
-.33 1.34 6.58 2.29 -.38 -.36
-.39 3.87 10.39 2.43 .52 -.26
-.39 3.87 10.39 4.64 .52 -.55
.32 3.40 10.72 -.56 .18 .00
.32 3.40 10.72 2.43 .52 -.26
.61 1.18 10.05 -2.30 -.20 -.01
.61 1.18 10.05 -.56 .18 .00
1.13 .71 9.57 -1.71 -.20 -.05
1.13 .71 9.57 -2.30 -.20 -.01
1.74 .11 9.45 .03 .03 -.02
1.74 .11 9.45 -1.71 -.20 -.05
1.29 .20 10.14 1.34 .16 -.02
1.29 .20 10.14 .03 .03 -.02
1.62 1.06 9.97 1.07 .03 -.10
1.62 1.06 9.97 1.34 .16 -.02
1.52 1.11 10.82 .08 -.13 -.16
1.52 1.11 10.82 1.07 .03 -.10
1.44 .91 10.69 -.64 -.27 -.20
1.44 .91 10.69 .08 -.13 -.16
1.26 .42 9.97 -.66 -.36 -.28
1.26 .42 9.97 -.64 -.27 -.20
1.16 .27 9.46 -.66 -.36 -.28
1.16 .27 9.46 -.31 -.40 -.40
1.18 .52 10.01 -.31 -.40 -.40
1.18 .52 10.01 .15 -.40 -.49
.76 .00 10.07 .15 -.40 -.49
.76 .00 10.07 .43 -.39 -.58
-.08 .73 10.21 .45 -.44 -.68
-.08 .73 10.21 .43 -.39 -.58
.43 1.02 9.38 .45 -.44 -.68
.43 1.02 9.38 .24 -.52 -.76
