.13 1.12 9.65 .24 -.52 -.76
.13 1.12 9.65 .04 -.62 -.85
13.53 9.23 -10.95 -1.57 2.57 2.50
13.53 9.23 -10.95 -2.15 4.68 3.81
1.01 9.43 -6.44 -1.16 7.78 5.76
1.01 9.43 -6.44 -2.15 4.68 3.81
-18.34 -3.42 3.34 -1.16 7.78 5.76
-18.34 -3.42 3.34 1.23 10.00 6.85
-45.80 -7.80 24.37 1.23 10.00 6.85
-45.80 -7.80 24.37 9.74 9.73 7.54
-37.78 -2.49 26.64 7.15 2.77 4.33
-37.78 -2.49 26.64 9.74 9.73 7.54
2.16 -12.38 20.23 -4.73 -2.04 -1.32
2.16 -12.38 20.23 7.15 2.77 4.33
4.03 -4.42 10.61 -4.73 -2.04 -1.32
4.03 -4.42 10.61 -9.79 -2.67 -2.96
-5.02 5.29 4.99 -9.79 -2.67 -2.96
-5.02 5.29 4.99 -1.38 -1.78 -1.21
3.65 -.12 .56 4.48 -.13 -.74
3.65 -.12 .56 -1.38 -1.78 -1.21
-.03 4.98 9.28 4.48 -.13 -.74
-.03 4.98 9.28 4.74 .26 -.86
1.06 5.63 10.82 4.74 .26 -.86
1.06 5.63 10.82 .57 .27 -.42
-.07 4.76 10.57 .57 .27 -.42
-.07 4.76 10.57 -1.85 .08 .01
.64 1.79 9.80 -1.85 .08 .01
.64 1.79 9.80 -2.07 -.22 .14
1.40 .48 9.42 -1.28 -.23 .10
1.40 .48 9.42 -2.07 -.22 .14
1.79 .13 9.50 .13 -.02 .00
1.79 .13 9.50 -1.28 -.23 .10
1.32 .34 10.41 1.02 .01 -.05
1.32 .34 10.41 .13 -.02 .00
1.21 .67 11.14 .94 -.18 -.12
1.21 .67 11.14 1.02 .01 -.05
1.05 .83 10.55 .02 -.48 -.26
1.05 .83 10.55 .94 -.18 -.12
.93 .43 9.91 -.70 -.71 -.50
.93 .43 9.91 .02 -.48 -.26
.36 .27 10.36 -.66 -.88 -.70
.36 .27 10.36 -.70 -.71 -.50
-.05 .09 11.12 -.31 -1.01 -.80
-.05 .09 11.12 -.66 -.88 -.70
-1.01 .38 10.97 -.16 -1.11 -.89
-1.01 .38 10.97 -.31 -1.01 -.80
-.51 1.01 9.52 -.45 -1.22 -1.00
-.51 1.01 9.52 -.16 -1.11 -.89
1.65 -.02 9.10 -.54 -1.32 -1.17
1.65 -.02 9.10 -.45 -1.22 -1.00
