3.18 .07 9.68 .08 -.58 -.32
11.57 15.16 -11.14 -.91 .97 .24
11.57 15.16 -11.14 -1.42 1.24 .49
12.38 18.45 -14.08 -1.42 1.24 .49
12.38 18.45 -14.08 -1.99 1.45 .76
11.00 17.80 -21.53 -1.99 1.45 .76
11.00 17.80 -21.53 -2.28 2.47 2.11
7.37 12.77 -22.99 -2.28 2.47 2.11
7.37 12.77 -22.99 -2.50 5.77 4.36
1.20 11.80 -11.02 -2.50 5.77 4.36
1.20 11.80 -11.02 -2.99 9.65 6.30
-12.67 -8.41 15.83 -2.99 9.65 6.30
-12.67 -8.41 15.83 2.30 12.96 7.54
-38.48 -12.15 13.35 2.30 12.96 7.54
-38.48 -12.15 13.35 2.51 10.35 6.26
-44.66 -3.86 50.53 2.51 10.35 6.26
-44.66 -3.86 50.53 4.33 4.36 3.11
-15.80 -14.34 30.76 4.33 4.36 3.11
-15.80 -14.34 30.76 -1.74 -.77 .09
6.68 -6.78 12.92 -5.96 -2.69 -1.35
6.68 -6.78 12.92 -1.74 -.77 .09
2.69 -7.00 7.17 -1.56 -1.13 -1.00
2.69 -7.00 7.17 -5.96 -2.69 -1.35
5.26 1.17 4.24 -1.56 -1.13 -1.00
5.26 1.17 4.24 1.99 .37 -.51
3.03 2.48 8.83 1.99 .37 -.51
3.03 2.48 8.83 3.24 .95 -.40
1.42 3.03 10.45 3.24 .95 -.40
1.42 3.03 10.45 2.34 .70 -.16
1.09 3.27 11.13 .77 .14 -.03
1.09 3.27 11.13 2.34 .70 -.16
1.99 2.38 10.61 .77 .14 -.03
1.99 2.38 10.61 -.36 -.27 .00
2.60 2.13 9.61 -.36 -.27 .00
2.60 2.13 9.61 -.61 -.36 .09
2.92 1.12 8.74 -.61 -.36 .09
2.92 1.12 8.74 -.32 -.30 .17
3.84 .75 8.10 -.32 -.30 .17
3.84 .75 8.10 .03 -.22 .17
4.41 .91 8.07 .03 -.22 .17
4.41 .91 8.07 .18 -.14 .11
3.89 .70 8.95 .18 -.14 .11
3.89 .70 8.95 .16 -.05 .09
3.64 .32 9.22 .04 -.02 .08
3.64 .32 9.22 .16 -.05 .09
3.58 .39 9.01 .04 -.02 .08
3.58 .39 9.01 -.01 -.05 .06
3.78 .42 8.82 -.01 -.05 .06
3.78 .42 8.82 .07 -.09 .00
3.13 .40 9.38 .07 -.09 .00
