2.11 -.28 9.74 -.54 -1.32 -1.17
2.11 -.28 9.74 -.40 -1.23 -1.06
15.19 18.25 -9.07 -.10 1.52 1.24
15.19 18.25 -9.07 -.70 1.88 1.83
17.11 17.05 -15.64 -1.77 3.03 3.19
17.11 17.05 -15.64 -.70 1.88 1.83
6.83 14.54 -10.64 -1.18 6.07 5.09
6.83 14.54 -10.64 -1.77 3.03 3.19
-1.32 7.82 -5.90 -1.35 9.19 7.00
-1.32 7.82 -5.90 -1.18 6.07 5.09
-23.41 -4.19 4.89 -1.35 9.19 7.00
-23.41 -4.19 4.89 3.07 11.04 7.48
-56.72 -.06 29.98 3.07 11.04 7.48
-56.72 -.06 29.98 7.83 11.49 8.27
-53.81 -.54 35.03 7.83 11.49 8.27
-53.81 -.54 35.03 10.38 7.06 6.30
-8.80 -13.16 19.46 -1.45 -1.29 1.48
-8.80 -13.16 19.46 10.38 7.06 6.30
14.50 -7.98 14.42 -13.46 -3.09 -3.67
14.50 -7.98 14.42 -1.45 -1.29 1.48
-10.67 2.29 10.06 -5.08 -2.22 -1.28
-10.67 2.29 10.06 -13.46 -3.09 -3.67
4.51 -2.74 .21 -5.08 -2.22 -1.28
4.51 -2.74 .21 3.58 -.43 -.80
-.48 1.16 6.13 3.58 -.43 -.80
-.48 1.16 6.13 6.60 .49 -.73
.14 5.55 11.99 6.60 .49 -.73
.14 5.55 11.99 3.13 .34 -.65
.83 5.72 10.60 -.29 .10 -.28
.83 5.72 10.60 3.13 .34 -.65
.51 2.82 10.53 -1.77 -.14 .13
.51 2.82 10.53 -.29 .10 -.28
.53 1.62 10.39 -2.02 -.27 .27
.53 1.62 10.39 -1.77 -.14 .13
1.71 -.50 9.78 -1.32 -.22 .09
1.71 -.50 9.78 -2.02 -.27 .27
1.63 -.04 9.95 .10 -.09 .01
1.63 -.04 9.95 -1.32 -.22 .09
1.94 .12 9.85 .86 -.10 -.06
1.94 .12 9.85 .10 -.09 .01
1.80 .65 10.26 .85 -.15 -.04
1.80 .65 10.26 .86 -.10 -.06
1.37 .96 10.64 .08 -.29 -.08
1.37 .96 10.64 .85 -.15 -.04
1.31 .68 10.35 -.63 -.47 -.24
1.31 .68 10.35 .08 -.29 -.08
.95 .18 10.01 -.43 -.64 -.50
.95 .18 10.01 -.63 -.47 -.24
.35 .56 10.18 -.08 -.74 -.63
.35 .56 10.18 -.43 -.64 -.50
