-.28 .50 9.92 .05 -.89 -.72
-.28 .50 9.92 -.08 -.74 -.63
17.50 19.85 -18.32 -.90 2.51 1.69
17.50 19.85 -18.32 -2.47 3.69 2.98
11.17 15.28 -17.66 -2.47 3.69 2.98
11.17 15.28 -17.66 -2.43 6.31 5.07
-5.50 9.77 -10.59 -2.43 6.31 5.07
-5.50 9.77 -10.59 -.77 10.33 7.46
-30.68 -6.87 23.25 4.34 12.82 7.72
-30.68 -6.87 23.25 -.77 10.33 7.46
-55.51 .77 25.96 7.49 11.60 7.62
-55.51 .77 25.96 4.34 12.82 7.72
-50.15 -2.60 37.10 5.12 4.88 5.44
-50.15 -2.60 37.10 7.49 11.60 7.62
-1.06 -13.50 21.57 -5.54 -1.61 .25
-1.06 -13.50 21.57 5.12 4.88 5.44
3.23 -8.30 11.67 -10.61 -2.74 -2.68
3.23 -8.30 11.67 -5.54 -1.61 .25
-1.42 .45 -1.72 .01 -1.19 -.93
-1.42 .45 -1.72 -10.61 -2.74 -2.68
.65 -.35 2.10 7.08 .36 -.97
.65 -.35 2.10 .01 -1.19 -.93
-.94 5.65 12.30 5.89 .14 -.79
-.94 5.65 12.30 7.08 .36 -.97
1.85 5.76 9.56 -.43 .00 -.52
1.85 5.76 9.56 5.89 .14 -.79
.56 3.37 9.05 -2.84 -.04 .02
.56 3.37 9.05 -.43 .00 -.52
1.04 1.34 8.70 -1.75 .03 .46
1.04 1.34 8.70 -2.84 -.04 .02
1.15 -1.00 9.41 .03 .26 .36
1.15 -1.00 9.41 -1.75 .03 .46
1.06 -.31 10.35 1.37 .31 .17
1.06 -.31 10.35 .03 .26 .36
1.13 .73 10.83 1.22 .09 .00
1.13 .73 10.83 1.37 .31 .17
1.52 1.33 10.60 .34 -.12 -.03
1.52 1.33 10.60 1.22 .09 .00
1.74 .69 10.24 -.55 -.21 -.06
1.74 .69 10.24 .34 -.12 -.03
1.64 .28 10.45 -.57 -.22 -.07
1.64 .28 10.45 -.55 -.21 -.06
1.46 .27 10.62 -.57 -.22 -.07
1.46 .27 10.62 -.09 -.25 -.15
1.56 .33 9.92 -.09 -.25 -.15
1.56 .33 9.92 .17 -.34 -.26
1.02 .39 10.13 .17 -.34 -.26
1.02 .39 10.13 .35 -.47 -.32
.40 .49 10.90 .20 -.64 -.41
.40 .49 10.90 .35 -.47 -.32
-.08 .60 11.37 -.24 -.83 -.55
