-.08 .60 11.37 .20 -.64 -.41
5.74 10.50 -8.09 -2.97 3.41 3.39
5.74 10.50 -8.09 -.66 6.13 5.60
-9.50 1.97 -.75 1.45 9.23 7.34
-9.50 1.97 -.75 -.66 6.13 5.60
-31.41 -6.61 17.57 2.31 9.90 6.80
-31.41 -6.61 17.57 1.45 9.23 7.34
-52.13 -12.20 28.87 6.75 9.06 7.67
-52.13 -12.20 28.87 2.31 9.90 6.80
-37.68 .48 29.57 6.51 3.21 5.23
-37.68 .48 29.57 6.75 9.06 7.67
-3.78 -11.73 16.27 -2.79 -1.82 -.25
-3.78 -11.73 16.27 6.51 3.21 5.23
9.24 -5.41 11.87 -9.36 -2.27 -1.98
9.24 -5.41 11.87 -2.79 -1.82 -.25
-8.37 2.80 5.28 -1.97 -.92 -1.29
-8.37 2.80 5.28 -9.36 -2.27 -1.98
3.38 -.52 2.93 4.21 .04 -.64
3.38 -.52 2.93 -1.97 -.92 -1.29
-.81 3.55 10.40 5.43 .27 -.49
-.81 3.55 10.40 4.21 .04 -.64
.67 4.35 11.10 .81 -.05 -.45
.67 4.35 11.10 5.43 .27 -.49
.90 3.38 10.14 -2.13 -.20 -.23
.90 3.38 10.14 .81 -.05 -.45
.86 1.71 9.86 -1.41 -.32 .20
.86 1.71 9.86 -2.13 -.20 -.23
1.00 -.27 9.44 -.33 -.21 .21
1.00 -.27 9.44 -1.41 -.32 .20
2.09 -.14 8.85 .55 -.02 .09
2.09 -.14 8.85 -.33 -.21 .21
1.77 .78 9.58 .81 .12 -.01
1.77 .78 9.58 .55 -.02 .09
1.39 .81 10.35 .78 .07 .06
1.39 .81 10.35 .81 .12 -.01
1.39 .49 10.10 .09 -.07 .05
1.39 .49 10.10 .78 .07 .06
1.68 .41 10.33 -.47 -.18 -.09
1.68 .41 10.33 .09 -.07 .05
1.65 .20 9.68 -.57 -.28 -.22
1.65 .20 9.68 -.47 -.18 -.09
1.37 .18 9.84 -.08 -.28 -.27
1.37 .18 9.84 -.57 -.28 -.22
.78 .51 9.85 .07 -.34 -.32
.78 .51 9.85 -.08 -.28 -.27
