1.25 .59 9.60 .05 -.43 -.43
1.25 .59 9.60 .07 -.34 -.32
.85 .59 10.06 .00 -.44 -.54
.85 .59 10.06 .05 -.43 -.43
.14 .75 10.51 -.06 -.50 -.54
.14 .75 10.51 .00 -.44 -.54
16.02 19.43 -15.17 -3.65 2.08 1.41
16.02 19.43 -15.17 -3.55 3.63 3.17
11.43 14.59 -8.76 -3.28 5.93 4.72
11.43 14.59 -8.76 -3.55 3.63 3.17
6.63 5.26 -5.34 -2.56 8.28 6.64
6.63 5.26 -5.34 -3.28 5.93 4.72
-14.86 -9.63 4.92 1.88 10.02 7.59
-14.86 -9.63 4.92 -2.56 8.28 6.64
-42.24 -5.76 8.71 5.57 10.11 8.26
-42.24 -5.76 8.71 1.88 10.02 7.59
-50.51 .24 41.88 11.67 9.05 7.57
-50.51 .24 41.88 5.57 10.11 8.26
-30.04 -3.06 18.59 11.67 9.05 7.57
-30.04 -3.06 18.59 7.48 3.31 4.70
1.72 -2.44 18.20 7.48 3.31 4.70
1.72 -2.44 18.20 -7.80 -1.17 .26
6.56 -8.97 10.26 -7.80 -1.17 .26
6.56 -8.97 10.26 -12.23 -2.35 -2.67
-5.80 -.99 5.33 -12.23 -2.35 -2.67
-5.80 -.99 5.33 -.75 -1.38 -.88
3.45 -2.64 2.66 -.75 -1.38 -.88
3.45 -2.64 2.66 5.97 -.02 -.62
-2.05 4.02 9.35 5.83 .64 -.51
-2.05 4.02 9.35 5.97 -.02 -.62
-1.13 6.01 10.62 -.99 .21 -.24
-1.13 6.01 10.62 5.83 .64 -.51
-.06 2.61 10.60 -1.90 -.11 .17
-.06 2.61 10.60 -.99 .21 -.24
.39 -.03 10.39 -1.67 -.27 .17
.39 -.03 10.39 -1.90 -.11 .17
.63 -1.10 9.96 -.56 -.04 .02
.63 -1.10 9.96 -1.67 -.27 .17
.50 -.44 10.57 .71 .05 -.02
.50 -.44 10.57 -.56 -.04 .02
.51 .37 10.29 .89 -.01 -.05
.51 .37 10.29 .71 .05 -.02
.58 1.18 11.32 .07 -.18 -.10
