.58 1.18 11.32 .89 -.01 -.05
.43 .39 11.12 -.86 -.36 -.20
.43 .39 11.12 .07 -.18 -.10
.39 -.11 10.55 -.86 -.51 -.27
.39 -.11 10.55 -.86 -.36 -.20
.37 -.26 10.37 -.30 -.55 -.46
.37 -.26 10.37 -.86 -.51 -.27
-.29 .05 10.10 .12 -.60 -.57
-.29 .05 10.10 -.30 -.55 -.46
-.29 .25 9.95 .10 -.73 -.75
-.29 .25 9.95 .12 -.60 -.57
.33 .43 9.93 .02 -.81 -.85
.33 .43 9.93 .10 -.73 -.75
8.45 14.95 -11.57 -2.20 3.35 3.07
8.45 14.95 -11.57 -1.92 6.04 5.08
-1.79 8.04 -6.69 -1.07 9.22 7.19
-1.79 8.04 -6.69 -1.92 6.04 5.08
-26.40 -7.16 10.82 -1.07 9.22 7.19
-26.40 -7.16 10.82 3.15 10.94 7.69
-57.39 -10.48 27.78 3.15 10.94 7.69
-57.39 -10.48 27.78 7.27 11.10 8.69
-51.40 7.30 37.33 7.27 11.10 8.69
-51.40 7.30 37.33 9.19 5.24 7.19
-7.31 -16.00 15.62 9.19 5.24 7.19
-7.31 -16.00 15.62 -3.56 -2.34 -.17
15.09 -9.19 14.75 -13.60 -3.03 -2.21
15.09 -9.19 14.75 -3.56 -2.34 -.17
-12.68 .21 6.63 -4.24 -.86 -1.93
-12.68 .21 6.63 -13.60 -3.03 -2.21
2.89 -2.53 -1.92 5.02 -.04 -1.17
2.89 -2.53 -1.92 -4.24 -.86 -1.93
-1.54 2.47 9.16 8.17 .41 -1.07
-1.54 2.47 9.16 5.02 -.04 -1.17
-2.11 7.40 13.34 3.34 -.16 -1.09
-2.11 7.40 13.34 8.17 .41 -1.07
2.41 5.55 9.98 -1.78 -.37 -.91
2.41 5.55 9.98 3.34 -.16 -1.09
.57 2.57 9.98 -2.97 -.44 -.45
.57 2.57 9.98 -1.78 -.37 -.91
1.41 1.61 9.98 -1.58 -.59 .01
1.41 1.61 9.98 -2.97 -.44 -.45
1.75 .14 9.79 -.50 -.48 -.01
1.75 .14 9.79 -1.58 -.59 .01
2.14 -.33 10.30 .15 -.36 -.19
2.14 -.33 10.30 -.50 -.48 -.01
1.22 .23 10.49 .17 -.37 -.32
1.22 .23 10.49 .15 -.36 -.19
1.71 -.21 9.30 .11 -.56 -.44
1.71 -.21 9.30 .17 -.37 -.32
2.30 .02 10.04 .07 -.69 -.55
2.30 .02 10.04 .11 -.56 -.44
1.83 .25 10.43 .07 -.69 -.55
1.83 .25 10.43 -.01 -.73 -.55
1.29 .47 10.30 -.18 -.78 -.58
1.29 .47 10.30 -.01 -.73 -.55
.84 .39 9.44 -.21 -.86 -.64
.84 .39 9.44 -.18 -.78 -.58
1.07 .59 8.85 -.21 -.86 -.64
1.07 .59 8.85 -.17 -.92 -.75
.25 .21 10.34 -.17 -.92 -.75
.25 .21 10.34 -.03 -1.01 -.81
-.82 .96 10.85 .02 -1.22 -.64
