-.82 .96 10.85 -.03 -1.01 -.81
24.94 21.86 -16.96 1.12 .23 .26
24.94 21.86 -16.96 -.89 1.06 .91
18.88 15.83 -22.63 -.89 1.06 .91
18.88 15.83 -22.63 -2.09 3.07 2.20
1.49 13.74 -10.03 .24 7.16 4.59
1.49 13.74 -10.03 -2.09 3.07 2.20
-10.22 3.26 6.15 .24 7.16 4.59
-10.22 3.26 6.15 .11 10.93 6.06
-40.21 -11.70 5.92 1.31 10.87 6.07
-40.21 -11.70 5.92 .11 10.93 6.06
-31.37 -17.70 58.86 -1.41 7.36 2.31
-31.37 -17.70 58.86 1.31 10.87 6.07
-55.42 .80 33.83 10.53 1.05 10.20
-55.42 .80 33.83 -1.41 7.36 2.31
-2.14 -15.62 7.69 -5.83 -2.22 -.87
-2.14 -15.62 7.69 10.53 1.05 10.20
7.79 -6.49 4.86 -5.12 -2.01 -.61
7.79 -6.49 4.86 -5.83 -2.22 -.87
-.54 1.62 1.19 -.43 -1.00 -1.22
-.54 1.62 1.19 -5.12 -2.01 -.61
2.68 .00 3.59 4.06 -.38 -.88
2.68 .00 3.59 -.43 -1.00 -1.22
1.12 2.71 8.92 3.91 -.73 -.92
1.12 2.71 8.92 4.06 -.38 -.88
1.85 3.36 9.47 .67 -.88 -.72
1.85 3.36 9.47 3.91 -.73 -.92
1.14 3.42 8.04 -1.69 -1.02 -.64
1.14 3.42 8.04 .67 -.88 -.72
2.13 2.01 6.39 -.94 -.96 -.38
2.13 2.01 6.39 -1.69 -1.02 -.64
.68 1.61 7.13 .43 -.73 -.20
.68 1.61 7.13 -.94 -.96 -.38
.64 1.10 7.97 .77 -.67 -.39
.64 1.10 7.97 .43 -.73 -.20
1.19 1.83 6.90 .21 -.71 -.52
1.19 1.83 6.90 .77 -.67 -.39
2.31 2.21 7.46 -.01 -.54 -.55
2.31 2.21 7.46 .21 -.71 -.52
1.24 2.41 8.24 .48 -.37 -.23
1.24 2.41 8.24 -.01 -.54 -.55
.98 2.42 9.40 .55 -.32 -.17
.98 2.42 9.40 .48 -.37 -.23
1.00 2.19 9.26 .14 -.39 -.20
1.00 2.19 9.26 .55 -.32 -.17
1.11 1.97 9.10 -.22 -.47 -.30
1.11 1.97 9.10 .14 -.39 -.20
1.17 1.42 9.64 -.12 -.52 -.30
1.17 1.42 9.64 -.22 -.47 -.30
1.01 2.07 9.83 .09 -.51 -.16
