1.01 2.07 9.83 -.12 -.52 -.30
19.17 16.63 -10.71 -1.38 .29 -.10
19.17 16.63 -10.71 -2.48 .80 .35
22.84 15.45 -13.71 -1.92 2.54 1.78
22.84 15.45 -13.71 -2.48 .80 .35
9.59 11.07 -4.88 .79 5.94 4.12
9.59 11.07 -4.88 -1.92 2.54 1.78
-2.70 6.03 -1.14 1.20 9.71 6.61
-2.70 6.03 -1.14 .79 5.94 4.12
-31.50 -3.71 11.08 2.31 11.26 7.32
-31.50 -3.71 11.08 1.20 9.71 6.61
-66.16 -.67 34.92 11.79 11.42 10.04
-66.16 -.67 34.92 2.31 11.26 7.32
-53.69 8.88 28.55 11.79 11.42 10.04
-53.69 8.88 28.55 .20 -.94 2.18
20.97 -10.40 17.32 -16.59 -3.39 -3.47
20.97 -10.40 17.32 .20 -.94 2.18
-13.76 -5.28 12.28 -10.36 -2.38 -2.74
-13.76 -5.28 12.28 -16.59 -3.39 -3.47
4.07 7.68 -.03 -.16 -1.31 -1.07
4.07 7.68 -.03 -10.36 -2.38 -2.74
3.98 -1.32 -1.22 7.45 .71 -.71
3.98 -1.32 -1.22 -.16 -1.31 -1.07
-.98 4.98 9.77 7.45 .71 -.71
-.98 4.98 9.77 8.14 .57 -.56
.50 6.10 12.31 8.14 .57 -.56
.50 6.10 12.31 3.25 .20 -.27
-.03 6.32 9.96 -1.42 .05 -.23
-.03 6.32 9.96 3.25 .20 -.27
-.51 3.41 9.49 -3.20 -.24 .10
-.51 3.41 9.49 -1.42 .05 -.23
.87 1.93 9.64 -2.74 -.44 .18
.87 1.93 9.64 -3.20 -.24 .10
.93 .55 9.42 -1.67 -.32 .05
.93 .55 9.42 -2.74 -.44 .18
.25 -.01 8.90 -.08 -.12 .00
.25 -.01 8.90 -1.67 -.32 .05
.36 .61 8.69 .89 -.07 -.05
.36 .61 8.69 -.08 -.12 .00
.28 .95 9.25 1.15 -.06 -.11
.28 .95 9.25 .89 -.07 -.05
.33 1.68 10.30 .74 -.14 -.02
.33 1.68 10.30 1.15 -.06 -.11
.04 1.41 10.24 -.33 -.29 -.14
.04 1.41 10.24 .74 -.14 -.02
-.37 .72 9.92 -.33 -.29 -.14
-.37 .72 9.92 -1.02 -.42 -.29
-.49 .03 9.34 -1.02 -.42 -.29
-.49 .03 9.34 -1.09 -.54 -.39
