.00 -.31 9.99 -.65 -.58 -.44
.00 -.31 9.99 -1.09 -.54 -.39
5.47 8.67 -5.56 -2.36 4.32 2.99
5.47 8.67 -5.56 -2.28 6.83 5.07
-12.34 .25 2.22 -2.28 6.83 5.07
-12.34 .25 2.22 -1.91 9.53 6.94
-29.19 -10.71 4.61 -1.91 9.53 6.94
-29.19 -10.71 4.61 .69 10.80 6.84
-58.90 -9.41 37.96 .69 10.80 6.84
-58.90 -9.41 37.96 10.10 10.21 8.91
-44.05 6.36 16.79 10.10 10.21 8.91
-44.05 6.36 16.79 12.47 2.54 5.73
.02 -15.03 16.47 12.47 2.54 5.73
.02 -15.03 16.47 -1.35 -5.20 -1.66
14.68 12.38 14.61 -1.35 -5.20 -1.66
14.68 12.38 14.61 -13.39 -2.67 -2.63
-12.63 2.20 5.79 -13.39 -2.67 -2.63
-12.63 2.20 5.79 -6.63 -.62 -1.23
.33 -.86 -1.62 -6.63 -.62 -1.23
.33 -.86 -1.62 2.57 -.96 -.56
3.60 3.90 7.26 6.54 .15 .18
3.60 3.90 7.26 2.57 -.96 -.56
-2.14 7.11 12.51 2.74 .41 -.14
-2.14 7.11 12.51 6.54 .15 .18
-.97 4.73 10.38 -1.65 -.05 .21
-.97 4.73 10.38 2.74 .41 -.14
-1.42 1.31 9.10 -2.94 -.33 .10
-1.42 1.31 9.10 -1.65 -.05 .21
-1.55 .69 9.37 -1.47 -.54 .32
-1.55 .69 9.37 -2.94 -.33 .10
