.19 .35 9.43 -.34 -.47 .18
.19 .35 9.43 -1.47 -.54 .32
.69 -.05 9.37 .45 -.22 .11
.69 -.05 9.37 -.34 -.47 .18
.30 .85 10.07 .50 -.13 .03
.30 .85 10.07 .45 -.22 .11
-.19 .75 10.04 .11 -.37 .10
-.19 .75 10.04 .50 -.13 .03
.02 .80 10.35 -.34 -.55 .00
.02 .80 10.35 .11 -.37 .10
-.07 -.39 10.11 -.69 -.65 -.21
-.07 -.39 10.11 -.34 -.55 .00
-.74 -.13 9.79 -.63 -.72 -.31
-.74 -.13 9.79 -.69 -.65 -.21
-.78 -.48 9.92 -.62 -.85 -.53
-.78 -.48 9.92 -.63 -.72 -.31
.08 -1.22 9.71 -.25 -.98 -.61
.08 -1.22 9.71 -.62 -.85 -.53
-.14 -.45 10.29 .21 -1.03 -.58
-.14 -.45 10.29 -.25 -.98 -.61
-.78 .00 10.77 .04 -1.11 -.71
-.78 .00 10.77 .21 -1.03 -.58
18.13 13.23 -9.77 -.91 .95 .09
18.13 13.23 -9.77 -1.81 1.28 .71
18.10 14.85 -13.47 -2.08 2.18 1.75
18.10 14.85 -13.47 -1.81 1.28 .71
13.46 13.13 -11.98 -.89 4.34 3.36
13.46 13.13 -11.98 -2.08 2.18 1.75
3.70 11.19 -7.97 -.70 7.51 5.18
3.70 11.19 -7.97 -.89 4.34 3.36
-13.20 4.38 -4.02 -.52 10.31 6.97
-13.20 4.38 -4.02 -.70 7.51 5.18
-41.48 -7.52 17.07 3.53 11.14 7.21
-41.48 -7.52 17.07 -.52 10.31 6.97
-54.50 3.32 38.24 11.06 9.78 8.22
-54.50 3.32 38.24 3.53 11.14 7.21
-39.44 -5.87 25.00 6.20 3.10 4.93
-39.44 -5.87 25.00 11.06 9.78 8.22
8.71 -19.22 19.26 -7.82 -1.54 -1.45
8.71 -19.22 19.26 6.20 3.10 4.93
-4.41 -2.21 14.91 -9.10 -2.41 -3.38
-4.41 -2.21 14.91 -7.82 -1.54 -1.45
-.54 5.48 3.25 -1.39 -1.80 -1.18
-.54 5.48 3.25 -9.10 -2.41 -3.38
-.41 -.78 1.27 5.99 .16 -.73
-.41 -.78 1.27 -1.39 -1.80 -1.18
-.41 5.40 8.55 5.83 .37 -.87
-.41 5.40 8.55 5.99 .16 -.73
.06 5.75 10.95 1.40 .47 -.48
.06 5.75 10.95 5.83 .37 -.87
-.78 5.72 10.28 -1.34 .22 .02
-.78 5.72 10.28 1.40 .47 -.48
-.50 2.47 9.89 -2.11 -.08 .20
-.50 2.47 9.89 -1.34 .22 .02
.07 1.41 9.88 -1.79 -.16 .13
.07 1.41 9.88 -2.11 -.08 .20
.70 .44 9.64 -.63 .03 .06
.70 .44 9.64 -1.79 -.16 .13
.72 .88 9.61 .53 .16 .07
.72 .88 9.61 -.63 .03 .06
.67 .94 9.88 .91 .15 .03
.67 .94 9.88 .53 .16 .07
.40 1.59 10.61 .36 .02 .03
.40 1.59 10.61 .91 .15 .03
.38 1.71 10.78 -.68 -.13 -.08
.38 1.71 10.78 .36 .02 .03
.01 1.27 9.99 -1.26 -.25 -.16
