.01 1.27 9.99 -.68 -.13 -.08
.03 .88 9.63 -.87 -.34 -.26
.03 .88 9.63 -1.26 -.25 -.16
-.35 .96 10.31 -.26 -.40 -.33
-.35 .96 10.31 -.87 -.34 -.26
15.58 17.95 -14.94 -1.94 2.06 1.54
15.58 17.95 -14.94 -3.78 2.70 2.29
11.33 11.32 -10.95 -3.03 4.49 3.81
11.33 11.32 -10.95 -3.78 2.70 2.29
.94 8.02 -3.59 .32 7.83 6.07
.94 8.02 -3.59 -3.03 4.49 3.81
-18.01 3.18 3.72 .32 7.83 6.07
-18.01 3.18 3.72 2.29 10.91 7.67
-48.13 -4.69 17.17 3.98 11.20 8.21
-48.13 -4.69 17.17 2.29 10.91 7.67
-58.18 7.13 37.02 3.98 11.20 8.21
-58.18 7.13 37.02 8.74 8.65 8.60
-27.19 -15.56 17.06 -.03 1.19 3.41
-27.19 -15.56 17.06 8.74 8.65 8.60
11.87 -10.48 18.96 -10.86 -2.46 -2.41
11.87 -10.48 18.96 -.03 1.19 3.41
-2.73 -4.94 12.45 -10.86 -2.46 -2.41
-2.73 -4.94 12.45 -6.00 -1.15 -1.97
-3.23 .00 2.57 -6.00 -1.15 -1.97
-3.23 .00 2.57 3.32 -.59 -1.07
-.35 -1.18 6.70 7.21 .35 -.88
-.35 -1.18 6.70 3.32 -.59 -1.07
-1.93 6.89 13.45 4.45 .03 -.80
-1.93 6.89 13.45 7.21 .35 -.88
.72 5.40 10.18 -.92 -.28 -.66
.72 5.40 10.18 4.45 .03 -.80
.23 2.30 9.68 -2.15 -.29 -.08
.23 2.30 9.68 -.92 -.28 -.66
-.18 2.49 10.72 -1.15 -.16 .40
-.18 2.49 10.72 -2.15 -.29 -.08
.28 -.58 9.73 -.27 .02 .33
.28 -.58 9.73 -1.15 -.16 .40
.53 -.54 10.09 .85 .15 .18
.53 -.54 10.09 -.27 .02 .33
-.16 -.21 10.54 1.13 .03 .00
-.16 -.21 10.54 .85 .15 .18
.16 .35 10.83 .71 -.15 -.08
.16 .35 10.83 1.13 .03 .00
.59 .32 10.94 -.12 -.28 -.14
.59 .32 10.94 .71 -.15 -.08
.24 .31 10.55 -.55 -.38 -.20
.24 .31 10.55 -.12 -.28 -.14
.49 .22 9.74 -.55 -.38 -.20
.49 .22 9.74 -.47 -.45 -.30
.53 .16 10.21 -.24 -.52 -.44
.53 .16 10.21 -.47 -.45 -.30
.44 .16 10.48 -.24 -.52 -.44
.44 .16 10.48 -.16 -.63 -.46
.33 -.01 10.21 -.16 -.63 -.46
