3.13 .40 9.38 .15 -.13 -.07
16.56 15.01 -18.73 -.58 2.43 .99
16.56 15.01 -18.73 -1.29 3.56 1.34
12.25 10.86 -12.55 -1.29 3.56 1.34
12.25 10.86 -12.55 -1.35 6.06 2.50
6.42 9.43 -5.92 -1.35 6.06 2.50
6.42 9.43 -5.92 -.78 8.78 4.17
-8.06 -3.16 8.08 -.78 8.78 4.17
-8.06 -3.16 8.08 .61 11.04 4.47
-31.88 -.82 18.24 .61 11.04 4.47
-31.88 -.82 18.24 .04 9.59 4.43
-35.92 -7.85 34.21 .04 9.59 4.43
-35.92 -7.85 34.21 2.17 6.53 3.05
-21.29 -3.56 28.68 2.17 6.53 3.05
-21.29 -3.56 28.68 1.36 2.38 2.86
-6.69 -5.83 17.20 1.36 2.38 2.86
-6.69 -5.83 17.20 -2.37 -.84 1.14
2.68 -7.83 11.29 -2.37 -.84 1.14
2.68 -7.83 11.29 -5.24 -1.71 -.47
.67 -1.81 6.49 -5.24 -1.71 -.47
.67 -1.81 6.49 -3.28 -1.23 -.73
2.49 -.66 5.08 -3.28 -1.23 -.73
2.49 -.66 5.08 .99 -.36 -.58
2.69 .26 6.60 .99 -.36 -.58
2.69 .26 6.60 2.88 -.01 -.54
2.48 1.94 9.55 2.88 -.01 -.54
2.48 1.94 9.55 2.44 .02 -.58
2.07 2.76 10.62 2.44 .02 -.58
2.07 2.76 10.62 .74 -.04 -.47
2.02 2.55 9.68 .74 -.04 -.47
2.02 2.55 9.68 -.35 -.14 -.26
2.65 2.08 9.01 -.35 -.14 -.26
2.65 2.08 9.01 -.54 -.23 -.09
3.13 1.65 9.24 -.54 -.23 -.09
3.13 1.65 9.24 -.22 -.26 -.01
4.08 1.07 8.93 -.22 -.26 -.01
4.08 1.07 8.93 -.11 -.29 -.05
4.84 1.10 8.80 -.11 -.29 -.05
4.84 1.10 8.80 .03 -.25 -.11
4.18 1.15 9.57 .03 -.25 -.11
4.18 1.15 9.57 .12 -.20 -.16
3.33 1.04 9.84 .12 -.20 -.16
3.33 1.04 9.84 .15 -.22 -.16
2.27 .71 9.94 .15 -.22 -.16
2.27 .71 9.94 .10 -.34 -.21
2.50 .79 9.61 .10 -.34 -.21
2.50 .79 9.61 .08 -.54 -.30
2.17 .81 9.41 .08 -.54 -.30
2.17 .81 9.41 .00 -.66 -.44
1.60 .55 9.03 .00 -.66 -.44
