.33 -.01 10.21 -.23 -.71 -.51
13.25 13.45 -11.02 -1.62 3.08 2.17
13.25 13.45 -11.02 .56 5.02 3.84
2.98 11.31 -4.32 .56 5.02 3.84
2.98 11.31 -4.32 3.05 8.07 5.86
-17.81 3.85 .67 3.05 8.07 5.86
-17.81 3.85 .67 3.73 10.75 6.99
-52.05 -4.82 13.88 3.73 10.75 6.99
-52.05 -4.82 13.88 5.81 11.39 7.37
-64.59 14.03 46.72 5.81 11.39 7.37
-64.59 14.03 46.72 13.54 9.13 8.58
-32.35 -5.00 18.56 3.43 1.02 3.95
-32.35 -5.00 18.56 13.54 9.13 8.58
13.16 -13.19 16.49 3.43 1.02 3.95
13.16 -13.19 16.49 -13.71 -2.10 -2.37
-4.79 -1.49 15.13 -13.71 -2.10 -2.37
-4.79 -1.49 15.13 -12.00 -2.60 -2.43
.09 1.20 -.61 -12.00 -2.60 -2.43
.09 1.20 -.61 .28 -1.40 -.86
.34 -.09 1.12 7.72 .20 -.84
.34 -.09 1.12 .28 -1.40 -.86
-2.59 5.28 13.31 6.51 -.29 -1.12
-2.59 5.28 13.31 7.72 .20 -.84
2.53 6.20 10.19 .53 -.31 -.84
2.53 6.20 10.19 6.51 -.29 -1.12
.02 6.01 10.63 -2.37 -.26 -.41
.02 6.01 10.63 .53 -.31 -.84
-.19 3.45 10.22 -1.96 -.39 .30
-.19 3.45 10.22 -2.37 -.26 -.41
.40 .98 9.39 -1.17 -.33 .39
.40 .98 9.39 -1.96 -.39 .30
.79 .09 9.32 -.20 -.12 .28
.79 .09 9.32 -1.17 -.33 .39
.52 .59 10.11 .29 -.06 .11
.52 .59 10.11 -.20 -.12 .28
.57 .68 10.13 .34 -.20 .02
.57 .68 10.13 .29 -.06 .11
.74 .86 10.31 .04 -.35 -.07
.74 .86 10.31 .34 -.20 .02
1.52 .85 10.25 -.37 -.49 -.17
1.52 .85 10.25 .04 -.35 -.07
