.53 .78 10.44 -.53 -.63 -.36
.53 .78 10.44 -.37 -.49 -.17
-.34 .00 9.60 -.52 -.80 -.56
-.34 .00 9.60 -.53 -.63 -.36
-.33 .36 9.90 -.20 -.96 -.71
-.33 .36 9.90 -.52 -.80 -.56
-.92 .40 9.95 -.08 -1.05 -.85
-.92 .40 9.95 -.20 -.96 -.71
-1.19 .76 9.81 .00 -1.15 -.87
-1.19 .76 9.81 -.08 -1.05 -.85
10.94 14.52 -8.71 -2.72 2.79 2.13
10.94 14.52 -8.71 -1.78 5.13 3.86
5.47 11.19 -3.11 -1.78 5.13 3.86
5.47 11.19 -3.11 -1.61 7.85 5.96
-11.34 3.28 -5.72 -1.61 7.85 5.96
-11.34 3.28 -5.72 -4.07 9.08 6.97
-44.17 -24.73 3.06 -.63 9.50 6.26
-44.17 -24.73 3.06 -4.07 9.08 6.97
-44.89 -8.85 35.82 10.65 7.15 7.47
-44.89 -8.85 35.82 -.63 9.50 6.26
-32.91 3.88 23.86 10.65 7.15 7.47
-32.91 3.88 23.86 9.65 2.15 4.35
-.74 -5.46 18.03 9.65 2.15 4.35
-.74 -5.46 18.03 -4.03 -1.91 .40
7.75 -4.39 9.62 -4.03 -1.91 .40
7.75 -4.39 9.62 -10.49 -2.33 -2.13
-7.09 -1.18 5.51 -10.49 -2.33 -2.13
-7.09 -1.18 5.51 -1.29 -1.00 -.44
4.04 -.29 4.94 -1.29 -1.00 -.44
4.04 -.29 4.94 4.20 -.32 -.61
.32 3.19 9.24 2.98 .20 -.59
.32 3.19 9.24 4.20 -.32 -.61
.10 2.62 8.89 -.51 -.04 -.63
.10 2.62 8.89 2.98 .20 -.59
.41 2.15 9.45 -.87 -.09 -.27
.41 2.15 9.45 -.51 -.04 -.63
.16 1.52 10.16 -.15 -.22 .07
.16 1.52 10.16 -.87 -.09 -.27
1.92 .13 10.32 -.10 -.20 -.21
1.92 .13 10.32 -.15 -.22 .07
2.20 .85 10.15 .05 -.13 -.33
2.20 .85 10.15 -.10 -.20 -.21
2.63 1.58 9.69 .21 -.12 -.33
2.63 1.58 9.69 .05 -.13 -.33
1.92 1.21 9.95 .48 -.14 -.21
1.92 1.21 9.95 .21 -.12 -.33
1.76 1.18 9.99 .34 -.28 -.18
1.76 1.18 9.99 .48 -.14 -.21
