2.35 .38 10.16 -.14 -.37 -.36
2.35 .38 10.16 .34 -.28 -.18
1.71 .22 10.17 -.20 -.41 -.47
1.71 .22 10.17 -.14 -.37 -.36
1.05 .28 9.85 -.05 -.47 -.58
1.05 .28 9.85 -.20 -.41 -.47
1.02 .32 9.54 .02 -.54 -.70
1.02 .32 9.54 -.05 -.47 -.58
1.77 .27 9.53 .16 -.63 -.77
1.77 .27 9.53 .02 -.54 -.70
1.28 .59 10.06 .16 -.68 -.67
1.28 .59 10.06 .16 -.63 -.77
4.67 5.34 -5.70 -2.15 3.99 3.69
4.67 5.34 -5.70 -3.22 6.53 5.33
-11.11 .83 .15 -3.22 6.53 5.33
-11.11 .83 .15 -1.09 9.21 7.08
-31.60 -8.39 12.50 -1.09 9.21 7.08
-31.60 -8.39 12.50 3.35 10.56 7.51
-51.40 -2.64 33.48 10.08 10.39 7.67
-51.40 -2.64 33.48 3.35 10.56 7.51
-35.96 5.15 20.22 10.08 10.39 7.67
-35.96 5.15 20.22 9.13 2.48 5.01
7.89 -15.18 15.51 -9.32 -2.74 -1.55
7.89 -15.18 15.51 9.13 2.48 5.01
8.75 -2.01 13.70 -13.65 -2.88 -2.25
8.75 -2.01 13.70 -9.32 -2.74 -1.55
-7.06 2.31 2.43 -13.65 -2.88 -2.25
-7.06 2.31 2.43 -3.80 -1.16 -.11
3.85 -4.24 -2.29 -3.80 -1.16 -.11
3.85 -4.24 -2.29 5.41 .64 -.27
-3.05 3.20 11.22 6.94 .70 -.51
-3.05 3.20 11.22 5.41 .64 -.27
.04 2.79 11.99 2.43 .21 -.73
.04 2.79 11.99 6.94 .70 -.51
.01 4.41 10.38 -1.28 .01 -.34
.01 4.41 10.38 2.43 .21 -.73
-.90 2.35 10.86 -1.20 -.15 .04
-.90 2.35 10.86 -1.28 .01 -.34
1.10 -.14 10.79 -.89 -.12 -.03
1.10 -.14 10.79 -1.20 -.15 .04
1.31 -.41 11.23 -.24 .00 -.13
1.31 -.41 11.23 -.89 -.12 -.03
.95 .07 11.00 .41 -.01 -.17
.95 .07 11.00 -.24 .00 -.13
.79 .49 11.14 .84 -.09 -.15
.79 .49 11.14 .41 -.01 -.17
.97 .77 11.04 .51 -.24 -.21
.97 .77 11.04 .84 -.09 -.15
1.02 .66 11.24 -.15 -.38 -.35
1.02 .66 11.24 .51 -.24 -.21
.63 .43 10.85 -.15 -.38 -.35
.63 .43 10.85 -.40 -.45 -.44
.20 .29 10.74 -.40 -.45 -.44
.20 .29 10.74 -.25 -.53 -.50
.06 .28 10.65 -.25 -.53 -.50
.06 .28 10.65 -.01 -.61 -.52
.36 .49 10.68 -.04 -.66 -.55
.36 .49 10.68 -.01 -.61 -.52
.40 .23 10.38 -.30 -.68 -.56
.40 .23 10.38 -.04 -.66 -.55
.13 .11 10.36 -.46 -.77 -.60
