.13 .11 10.36 -.30 -.68 -.56
11.22 13.73 -9.00 -1.69 2.27 2.84
11.22 13.73 -9.00 -1.32 4.81 4.40
1.77 6.37 -2.17 -1.75 7.67 6.32
1.77 6.37 -2.17 -1.32 4.81 4.40
-16.32 -3.58 2.53 -.84 9.41 7.33
-16.32 -3.58 2.53 -1.75 7.67 6.32
-43.94 -10.49 13.22 3.91 9.85 7.39
-43.94 -10.49 13.22 -.84 9.41 7.33
-49.28 2.91 38.18 11.69 7.47 7.44
-49.28 2.91 38.18 3.91 9.85 7.39
-26.69 -5.55 18.46 6.47 1.83 3.58
-26.69 -5.55 18.46 11.69 7.47 7.44
3.54 -9.36 20.75 -6.07 -1.60 -.81
3.54 -9.36 20.75 6.47 1.83 3.58
2.30 -3.93 10.70 -10.60 -2.58 -2.88
2.30 -3.93 10.70 -6.07 -1.60 -.81
-7.62 .14 7.38 -3.33 -2.08 -1.55
-7.62 .14 7.38 -10.60 -2.58 -2.88
3.46 -2.63 2.81 3.57 -.97 -.97
3.46 -2.63 2.81 -3.33 -2.08 -1.55
.98 1.49 6.10 4.95 -.17 -.84
.98 1.49 6.10 3.57 -.97 -.97
.90 2.93 9.99 .69 .00 -.71
.90 2.93 9.99 4.95 -.17 -.84
.27 3.14 9.96 -.65 -.07 -.29
.27 3.14 9.96 .69 .00 -.71
1.13 1.64 9.71 -.87 -.23 .01
1.13 1.64 9.71 -.65 -.07 -.29
2.05 .65 9.77 -.88 -.27 .00
2.05 .65 9.77 -.87 -.23 .01
2.59 .19 9.61 -.38 -.20 .00
2.59 .19 9.61 -.88 -.27 .00
1.81 .38 10.03 .19 -.13 -.07
1.81 .38 10.03 -.38 -.20 .00
1.70 .35 10.00 .38 -.24 -.18
1.70 .35 10.00 .19 -.13 -.07
1.12 .74 10.18 .27 -.38 -.25
1.12 .74 10.18 .38 -.24 -.18
.69 .40 9.97 -.19 -.58 -.42
.69 .40 9.97 .27 -.38 -.25
.96 -.18 9.80 -.41 -.68 -.61
.96 -.18 9.80 -.19 -.58 -.42
.21 .16 10.07 -.25 -.71 -.66
.21 .16 10.07 -.41 -.68 -.61
-.20 .03 9.46 -.25 -.78 -.75
-.20 .03 9.46 -.25 -.71 -.66
