.21 -.96 8.09 -.13 -.80 -.89
.21 -.96 8.09 -.25 -.78 -.75
1.10 -.30 9.16 .23 -.82 -.87
1.10 -.30 9.16 -.13 -.80 -.89
17.29 16.17 -12.45 -3.03 1.42 1.02
17.29 16.17 -12.45 -4.92 1.91 1.58
10.04 14.21 -12.91 -3.32 3.53 3.57
10.04 14.21 -12.91 -4.92 1.91 1.58
.23 8.12 -.36 -3.32 3.53 3.57
.23 8.12 -.36 2.50 8.41 7.17
-12.44 2.67 8.14 3.80 9.86 7.52
-12.44 2.67 8.14 2.50 8.41 7.17
-44.36 -.62 19.79 6.14 9.36 8.12
-44.36 -.62 19.79 3.80 9.86 7.52
-45.53 1.01 32.35 5.79 5.03 6.89
-45.53 1.01 32.35 6.14 9.36 8.12
-6.37 -18.40 16.68 -4.15 .07 1.01
-6.37 -18.40 16.68 5.79 5.03 6.89
11.96 -10.22 16.04 -11.57 -2.58 -2.41
11.96 -10.22 16.04 -4.15 .07 1.01
-11.04 -2.36 8.70 -5.07 -1.61 -2.25
-11.04 -2.36 8.70 -11.57 -2.58 -2.41
1.71 -3.23 1.89 3.10 .15 -1.27
1.71 -3.23 1.89 -5.07 -1.61 -2.25
-1.81 1.35 6.41 6.76 .43 -.96
-1.81 1.35 6.41 3.10 .15 -1.27
.16 4.12 13.71 4.81 .16 -.93
.16 4.12 13.71 6.76 .43 -.96
-.17 3.58 12.03 .54 -.08 -.60
-.17 3.58 12.03 4.81 .16 -.93
-.13 4.32 10.36 -1.98 -.40 -.36
-.13 4.32 10.36 .54 -.08 -.60
-.07 1.81 9.59 -1.98 -.40 -.36
-.07 1.81 9.59 -2.36 -.58 -.16
1.12 1.47 10.03 -1.37 -.50 .05
1.12 1.47 10.03 -2.36 -.58 -.16
1.49 -.09 9.78 -.36 -.25 .08
1.49 -.09 9.78 -1.37 -.50 .05
1.37 -.48 9.88 .32 -.09 .05
1.37 -.48 9.88 -.36 -.25 .08
.77 -.50 10.21 .53 -.14 -.01
.77 -.50 10.21 .32 -.09 .05
.22 -.67 10.69 .53 -.14 -.01
.22 -.67 10.69 .22 -.34 -.11
-.38 -1.36 10.43 -.41 -.59 -.30
-.38 -1.36 10.43 .22 -.34 -.11
-.13 -1.58 9.66 -.95 -.80 -.58
-.13 -1.58 9.66 -.41 -.59 -.30
-.01 -2.20 9.33 -1.34 -.80 -.88
-.01 -2.20 9.33 -.95 -.80 -.58
-.69 -2.66 9.76 -1.41 -.77 -.99
-.69 -2.66 9.76 -1.34 -.80 -.88
-1.40 -2.42 9.42 -1.68 -.88 -1.16
