-1.40 -2.42 9.42 -1.41 -.77 -.99
1.03 6.82 -2.57 -1.46 4.34 4.16
1.03 6.82 -2.57 .51 6.66 5.71
-6.70 .07 1.58 1.28 9.46 6.89
-6.70 .07 1.58 .51 6.66 5.71
-27.46 -2.02 1.31 1.55 10.08 7.13
-27.46 -2.02 1.31 1.28 9.46 6.89
-56.98 -7.07 28.35 8.85 10.14 8.55
-56.98 -7.07 28.35 1.55 10.08 7.13
-42.16 9.62 31.62 12.56 5.47 6.74
-42.16 9.62 31.62 8.85 10.14 8.55
-6.21 -18.64 20.74 -.32 -.05 .90
-6.21 -18.64 20.74 12.56 5.47 6.74
13.85 -2.38 18.78 -9.96 -1.71 -3.12
13.85 -2.38 18.78 -.32 -.05 .90
-14.38 .61 14.40 -6.67 -2.73 -2.23
-14.38 .61 14.40 -9.96 -1.71 -3.12
2.79 .08 3.21 .55 -1.29 -1.12
2.79 .08 3.21 -6.67 -2.73 -2.23
-1.30 .35 7.36 5.16 -.33 -.71
-1.30 .35 7.36 .55 -1.29 -1.12
.37 1.60 11.21 3.83 -.15 -1.13
.37 1.60 11.21 5.16 -.33 -.71
.20 3.60 10.85 .88 -.16 -.88
.20 3.60 10.85 3.83 -.15 -1.13
.71 4.69 10.30 -.48 -.19 -.47
.71 4.69 10.30 .88 -.16 -.88
.84 3.14 11.03 -.94 -.34 -.06
.84 3.14 11.03 -.48 -.19 -.47
1.36 1.70 10.59 -1.17 -.41 .11
1.36 1.70 10.59 -.94 -.34 -.06
1.73 .81 9.98 -1.18 -.38 .06
1.73 .81 9.98 -1.17 -.41 .11
1.55 .47 9.80 -.86 -.36 -.06
1.55 .47 9.80 -1.18 -.38 .06
1.73 .37 9.39 -.25 -.38 -.12
1.73 .37 9.39 -.86 -.36 -.06
1.08 .59 9.85 -.25 -.38 -.12
1.08 .59 9.85 .12 -.44 -.17
1.17 .61 9.60 .12 -.44 -.17
1.17 .61 9.60 -.01 -.55 -.29
1.16 .88 9.55 -.01 -.55 -.29
1.16 .88 9.55 -.42 -.70 -.47
.82 .79 9.52 -.66 -.80 -.60
.82 .79 9.52 -.42 -.70 -.47
-.07 .76 9.61 -.71 -.90 -.70
-.07 .76 9.61 -.66 -.80 -.60
-.27 .60 9.40 -.88 -1.03 -.83
-.27 .60 9.40 -.71 -.90 -.70
.30 .09 9.34 -.90 -1.13 -.89
