.30 .09 9.34 -.88 -1.03 -.83
8.33 15.56 -9.35 -1.96 4.13 3.51
8.33 15.56 -9.35 -.39 6.40 5.14
-4.68 9.56 -3.18 2.40 9.27 6.74
-4.68 9.56 -3.18 -.39 6.40 5.14
-28.78 -1.57 7.87 2.40 9.27 6.74
-28.78 -1.57 7.87 5.74 11.82 7.83
-58.06 1.34 31.86 8.84 12.52 7.54
-58.06 1.34 31.86 5.74 11.82 7.83
-49.99 4.97 41.60 9.67 7.71 6.98
-49.99 4.97 41.60 8.84 12.52 7.54
-1.84 -26.56 17.42 -7.25 -.56 .96
-1.84 -26.56 17.42 9.67 7.71 6.98
6.74 -11.64 20.73 -7.25 -.56 .96
6.74 -11.64 20.73 -14.37 -3.64 -4.38
1.01 7.50 6.70 -14.37 -3.64 -4.38
1.01 7.50 6.70 -4.55 -2.75 -1.80
-.65 -1.76 -1.47 6.67 .93 -.83
-.65 -1.76 -1.47 -4.55 -2.75 -1.80
-.86 3.11 6.08 8.40 1.12 -1.29
-.86 3.11 6.08 6.67 .93 -.83
.05 7.78 14.04 8.40 1.12 -1.29
.05 7.78 14.04 4.48 .36 -.76
.87 6.73 11.36 4.48 .36 -.76
.87 6.73 11.36 -1.20 -.05 -.33
.28 4.43 11.03 -3.67 -.42 .13
.28 4.43 11.03 -1.20 -.05 -.33
.35 1.75 10.16 -3.42 -.48 .24
.35 1.75 10.16 -3.67 -.42 .13
1.38 -.31 9.58 -1.61 -.25 .15
1.38 -.31 9.58 -3.42 -.48 .24
.88 .04 9.91 .53 .01 .10
.88 .04 9.91 -1.61 -.25 .15
.88 .24 9.71 1.62 .05 .01
.88 .24 9.71 .53 .01 .10
.37 1.18 10.62 1.42 -.08 -.10
.37 1.18 10.62 1.62 .05 .01
.60 1.53 10.61 .21 -.31 -.22
.60 1.53 10.61 1.42 -.08 -.10
.72 1.61 10.29 -.69 -.47 -.35
.72 1.61 10.29 .21 -.31 -.22
.54 1.64 9.97 -.93 -.66 -.46
.54 1.64 9.97 -.69 -.47 -.35
.21 1.04 9.80 -.63 -.77 -.53
.21 1.04 9.80 -.93 -.66 -.46
-.24 .77 10.07 -.35 -.86 -.62
-.24 .77 10.07 -.63 -.77 -.53
.05 .03 10.30 -.42 -.90 -.78
.05 .03 10.30 -.35 -.86 -.62
-.77 .58 10.17 -.60 -.95 -.84
