-.77 .58 10.17 -.42 -.90 -.78
1.21 10.54 -9.43 -4.09 5.28 3.58
1.21 10.54 -9.43 -4.26 7.76 5.73
-15.72 .58 2.03 .73 10.28 7.58
-15.72 .58 2.03 -4.26 7.76 5.73
-45.48 -1.53 21.62 9.88 12.05 8.27
-45.48 -1.53 21.62 .73 10.28 7.58
-62.24 15.32 41.23 12.36 8.28 8.86
-62.24 15.32 41.23 9.88 12.05 8.27
-12.83 -20.47 23.51 -7.23 -.50 -.09
-12.83 -20.47 23.51 12.36 8.28 8.86
15.80 -17.49 16.07 -18.84 -4.45 -2.61
15.80 -17.49 16.07 -7.23 -.50 -.09
-9.39 6.24 4.89 -4.16 -1.90 -1.60
-9.39 6.24 4.89 -18.84 -4.45 -2.61
1.84 -4.91 -9.00 9.56 1.82 -.87
1.84 -4.91 -9.00 -4.16 -1.90 -1.60
-2.96 10.14 6.52 11.50 1.49 -.53
-2.96 10.14 6.52 9.56 1.82 -.87
-1.78 5.98 19.55 4.16 .14 -.84
-1.78 5.98 19.55 11.50 1.49 -.53
1.83 5.60 11.36 -3.04 -.47 -.16
1.83 5.60 11.36 4.16 .14 -.84
.27 2.71 7.85 -5.31 -.84 -.09
.27 2.71 7.85 -3.04 -.47 -.16
.59 -.23 8.39 -2.84 -.64 .12
.59 -.23 8.39 -5.31 -.84 -.09
1.47 -2.06 8.37 .28 -.07 .06
1.47 -2.06 8.37 -2.84 -.64 .12
.86 -2.54 9.81 2.02 .18 -.12
.86 -2.54 9.81 .28 -.07 .06
.63 -1.01 10.25 1.75 -.05 -.40
.63 -1.01 10.25 2.02 .18 -.12
1.17 .10 11.12 .62 -.27 -.56
1.17 .10 11.12 1.75 -.05 -.40
1.62 .25 11.25 -.32 -.41 -.51
1.62 .25 11.25 .62 -.27 -.56
1.53 -.10 10.68 -.62 -.49 -.58
1.53 -.10 10.68 -.32 -.41 -.51
1.47 .17 10.03 -.24 -.54 -.67
1.47 .17 10.03 -.62 -.49 -.58
1.13 .22 10.44 .20 -.60 -.78
1.13 .22 10.44 -.24 -.54 -.67
.42 .18 10.36 .32 -.67 -.80
.42 .18 10.36 .20 -.60 -.78
.54 .30 9.76 .05 -.77 -.86
.54 .30 9.76 .32 -.67 -.80
1.06 .27 9.38 -.24 -.75 -.95
1.06 .27 9.38 .05 -.77 -.86
