.17 .48 9.81 -.17 -.71 -.98
.17 .48 9.81 -.24 -.75 -.95
24.79 17.38 -11.90 -1.56 1.30 1.18
24.79 17.38 -11.90 -4.65 1.54 1.46
11.82 14.31 -11.42 -1.00 5.19 5.84
11.82 14.31 -11.42 -4.65 1.54 1.46
-17.93 -1.49 15.54 3.34 9.49 8.78
-17.93 -1.49 15.54 -1.00 5.19 5.84
-35.72 -15.30 21.41 3.34 9.49 8.78
-35.72 -15.30 21.41 5.08 10.59 8.53
-58.23 -15.72 40.94 5.08 10.59 8.53
-58.23 -15.72 40.94 13.35 6.91 8.11
-18.76 -3.29 7.54 13.35 6.91 8.11
-18.76 -3.29 7.54 -.38 -1.67 2.27
16.78 -24.58 12.63 -.38 -1.67 2.27
16.78 -24.58 12.63 -13.95 -3.76 -3.35
-11.51 6.57 10.86 -13.95 -3.76 -3.35
-11.51 6.57 10.86 -6.22 -2.29 -2.51
3.56 5.00 .69 -6.22 -2.29 -2.51
3.56 5.00 .69 2.08 -.17 -1.69
3.72 .65 -1.58 7.78 1.05 -.44
3.72 .65 -1.58 2.08 -.17 -1.69
-1.02 4.71 10.48 6.24 .93 -.72
-1.02 4.71 10.48 7.78 1.05 -.44
.72 5.93 12.27 1.06 .22 -.18
.72 5.93 12.27 6.24 .93 -.72
.91 3.04 10.15 -2.23 -.36 -.07
.91 3.04 10.15 1.06 .22 -.18
.85 1.68 9.98 -3.23 -.69 -.10
.85 1.68 9.98 -2.23 -.36 -.07
1.61 .00 10.03 -2.32 -.72 -.16
1.61 .00 10.03 -3.23 -.69 -.10
2.23 -.64 9.61 -2.32 -.72 -.16
2.23 -.64 9.61 -.76 -.50 -.22
1.97 -.94 9.65 -.76 -.50 -.22
1.97 -.94 9.65 .46 -.29 -.31
1.48 -.88 9.96 .46 -.29 -.31
1.48 -.88 9.96 .99 -.26 -.46
.83 -.22 9.60 .60 -.44 -.63
.83 -.22 9.60 .99 -.26 -.46
1.92 -.12 9.77 -.23 -.61 -.90
1.92 -.12 9.77 .60 -.44 -.63
1.71 .00 10.48 -.68 -.69 -1.04
1.71 .00 10.48 -.23 -.61 -.90
.63 -.43 10.70 -.55 -.81 -.99
.63 -.43 10.70 -.68 -.69 -1.04
.10 -.92 9.88 -.29 -.91 -1.00
.10 -.92 9.88 -.55 -.81 -.99
.81 -1.41 8.53 -.26 -.99 -1.02
.81 -1.41 8.53 -.29 -.91 -1.00
