1.77 -1.57 9.02 -.28 -1.03 -1.04
1.77 -1.57 9.02 -.26 -.99 -1.02
6.88 .64 8.46 5.02 -.32 -.22
6.88 .64 8.46 5.63 -.47 .00
6.62 2.65 9.20 5.63 -.47 .00
6.62 2.65 9.20 4.03 -.43 -.14
7.45 1.60 8.74 4.03 -.43 -.14
7.45 1.60 8.74 2.29 -.55 -.08
7.94 1.98 6.76 2.29 -.55 -.08
7.94 1.98 6.76 1.20 -.49 .13
7.73 1.71 6.76 1.20 -.49 .13
7.73 1.71 6.76 .78 -.42 .11
7.46 1.91 7.51 .78 -.42 .11
7.46 1.91 7.51 .56 -.40 .03
7.53 1.51 7.45 .56 -.40 .03
7.53 1.51 7.45 .48 -.39 -.10
8.10 1.25 6.06 .48 -.39 -.10
8.10 1.25 6.06 .39 -.49 -.10
8.30 1.24 6.56 .39 -.49 -.10
8.30 1.24 6.56 .42 -.46 -.26
7.96 1.57 7.82 .42 -.46 -.26
7.96 1.57 7.82 .28 -.46 -.27
7.84 1.62 7.96 .28 -.46 -.27
7.84 1.62 7.96 -.27 -.48 -.39
8.06 .16 7.01 -.27 -.48 -.39
8.06 .16 7.01 -.74 -.52 -.46
8.10 -.74 6.09 -.74 -.52 -.46
8.10 -.74 6.09 -.31 -.48 -.53
7.86 -.20 6.96 -.31 -.48 -.53
7.86 -.20 6.96 .32 -.50 -.58
8.23 1.94 7.49 .32 -.50 -.58
8.23 1.94 7.49 .52 -.53 -.70
8.83 1.29 6.85 .52 -.53 -.70
8.83 1.29 6.85 .18 -.55 -.78
8.86 1.08 5.91 -.15 -.48 -.67
8.86 1.08 5.91 .18 -.55 -.78
8.12 1.15 5.16 -.15 -.42 -.63
8.12 1.15 5.16 -.15 -.48 -.67
7.73 2.34 4.93 .02 -.43 -.61
7.73 2.34 4.93 -.15 -.42 -.63
7.47 2.50 5.10 .02 -.43 -.61
7.47 2.50 5.10 .00 -.51 -.71
7.28 1.75 5.79 .01 -.58 -.81
7.28 1.75 5.79 .00 -.51 -.71
7.14 2.54 5.18 .06 -.62 -.67
7.14 2.54 5.18 .01 -.58 -.81
7.52 2.80 4.80 .10 -.66 -.56
7.52 2.80 4.80 .06 -.62 -.67
7.76 3.28 4.52 .03 -.69 -.46
7.76 3.28 4.52 .10 -.66 -.56
