1.60 .55 9.03 -.11 -.75 -.59
10.54 16.21 -13.23 -1.04 1.04 1.08
10.54 16.21 -13.23 -3.22 1.40 1.23
14.45 13.79 -19.87 -3.22 1.40 1.23
14.45 13.79 -19.87 -3.70 2.31 1.70
6.31 9.19 -11.13 -3.70 2.31 1.70
6.31 9.19 -11.13 .05 6.67 4.28
2.02 2.48 2.80 .05 6.67 4.28
2.02 2.48 2.80 .45 9.27 5.66
-12.58 1.61 4.18 .45 9.27 5.66
-12.58 1.61 4.18 .79 11.13 5.89
-42.90 -19.61 24.67 .79 11.13 5.89
-42.90 -19.61 24.67 1.15 7.83 3.77
-26.30 -5.36 45.12 1.15 7.83 3.77
-26.30 -5.36 45.12 3.77 4.08 2.06
-12.24 -5.04 21.68 3.77 4.08 2.06
-12.24 -5.04 21.68 1.62 -.23 1.47
.76 -8.45 15.16 1.62 -.23 1.47
.76 -8.45 15.16 -3.05 -1.93 -.16
2.65 -2.89 8.58 -3.05 -1.93 -.16
2.65 -2.89 8.58 -3.51 -1.76 -1.26
2.60 .85 5.25 -3.51 -1.76 -1.26
2.60 .85 5.25 -1.78 -.64 -.84
2.53 .71 5.30 1.11 .02 -.66
2.53 .71 5.30 -1.78 -.64 -.84
1.81 1.98 8.85 1.11 .02 -.66
1.81 1.98 8.85 2.24 .16 -.62
1.59 2.42 10.58 2.24 .16 -.62
1.59 2.42 10.58 1.32 -.03 -.63
2.24 2.44 9.88 1.32 -.03 -.63
2.24 2.44 9.88 .12 -.15 -.47
2.51 2.39 9.14 -.30 -.16 -.30
2.51 2.39 9.14 .12 -.15 -.47
2.56 2.42 9.03 .11 -.16 -.14
2.56 2.42 9.03 -.30 -.16 -.30
2.66 1.88 9.02 .39 -.19 -.13
2.66 1.88 9.02 .11 -.16 -.14
2.93 1.86 9.29 .32 -.24 -.25
2.93 1.86 9.29 .39 -.19 -.13
2.70 1.75 8.96 .32 -.24 -.25
2.70 1.75 8.96 .08 -.30 -.38
2.42 1.85 8.99 .08 -.30 -.38
2.42 1.85 8.99 .12 -.36 -.39
1.76 2.28 9.48 .12 -.36 -.39
1.76 2.28 9.48 .15 -.41 -.41
1.51 2.26 9.95 .15 -.41 -.41
1.51 2.26 9.95 -.09 -.51 -.45
1.36 1.77 10.47 -.09 -.51 -.45
1.36 1.77 10.47 -.23 -.62 -.44
.83 1.26 8.51 -.23 -.62 -.44
