8.12 3.36 4.70 -.06 -.72 -.42
8.12 3.36 4.70 .03 -.69 -.46
4.32 7.66 -10.95 .67 3.80 2.85
4.32 7.66 -10.95 -.38 7.38 4.65
-11.65 1.62 .04 -.38 7.38 4.65
-11.65 1.62 .04 -1.79 10.21 6.28
-32.07 -4.45 13.44 -1.79 10.21 6.28
-32.07 -4.45 13.44 -.84 10.30 6.96
-48.97 -10.31 39.76 -.84 10.30 6.96
-27.29 -5.54 22.21 7.98 8.83 6.65
-48.97 -10.31 39.76 7.98 8.83 6.65
-27.29 -5.54 22.21 5.85 3.37 4.48
2.68 -20.45 17.28 5.85 3.37 4.48
2.68 -20.45 17.28 -8.09 -1.14 -.21
-5.88 2.10 15.81 -8.09 -1.14 -.21
-5.88 2.10 15.81 -9.27 -2.73 -3.02
1.80 2.03 5.43 -9.27 -2.73 -3.02
1.80 2.03 5.43 -4.35 -1.41 -1.66
-.84 1.58 2.26 -4.35 -1.41 -1.66
-.84 1.58 2.26 3.17 .29 -.66
.91 2.55 7.45 3.17 .29 -.66
.91 2.55 7.45 5.35 .97 -.65
-.39 2.32 12.47 5.35 .97 -.65
-.39 2.32 12.47 3.58 .76 -.22
.12 2.56 11.31 3.58 .76 -.22
.12 2.56 11.31 .90 .29 -.01
-.64 1.36 11.12 .90 .29 -.01
-.64 1.36 11.12 -.90 -.13 .01
-.10 .32 11.17 -.90 -.13 .01
-.10 .32 11.17 -1.56 -.36 .01
1.28 -.81 10.85 -1.56 -.36 .01
1.82 -1.23 10.26 -1.09 -.34 -.01
1.28 -.81 10.85 -1.09 -.34 -.01
1.82 -1.23 10.26 .10 -.24 -.01
1.83 -1.17 10.32 .10 -.24 -.01
1.83 -1.17 10.32 .38 -.25 -.08
1.54 -1.06 9.91 .38 -.25 -.08
1.54 -1.06 9.91 .17 -.36 -.20
1.15 -1.07 10.41 .17 -.36 -.20
1.15 -1.07 10.41 -.07 -.54 -.40
1.24 -.93 10.15 -.38 -.73 -.57
1.24 -.93 10.15 -.07 -.54 -.40
1.04 -1.21 9.97 -.51 -.82 -.67
1.04 -1.21 9.97 -.38 -.73 -.57
.56 -1.55 9.50 -.76 -.89 -.78
.56 -1.55 9.50 -.51 -.82 -.67
.25 -1.85 8.94 -.82 -.90 -.99
.25 -1.85 8.94 -.76 -.89 -.78
.30 -1.57 9.54 -.69 -1.04 -1.19
.30 -1.57 9.54 -.82 -.90 -.99
.60 -1.56 9.82 -.62 -1.07 -1.14
