.60 -1.56 9.82 -.69 -1.04 -1.19
18.07 14.07 -8.83 -1.35 1.22 .64
18.07 14.07 -8.83 -2.79 1.67 1.43
18.23 13.34 -11.59 -3.44 2.84 2.33
18.23 13.34 -11.59 -2.79 1.67 1.43
9.87 9.14 -5.50 -1.57 5.35 4.14
9.87 9.14 -5.50 -3.44 2.84 2.33
.47 6.34 -4.73 .02 8.24 6.27
.47 6.34 -4.73 -1.57 5.35 4.14
-20.99 -3.50 .19 1.97 9.88 7.13
-20.99 -3.50 .19 .02 8.24 6.27
-46.67 -13.13 24.51 8.34 9.56 6.91
-46.67 -13.13 24.51 1.97 9.88 7.13
-38.13 5.93 38.98 10.78 5.01 5.18
-38.13 5.93 38.98 8.34 9.56 6.91
-12.99 -10.13 18.23 .57 -.32 1.47
-12.99 -10.13 18.23 10.78 5.01 5.18
7.82 -8.53 14.75 -8.33 -1.74 -1.87
7.82 -8.53 14.75 .57 -.32 1.47
-9.51 3.66 10.12 -6.35 -2.12 -2.07
-9.51 3.66 10.12 -8.33 -1.74 -1.87
2.11 .67 1.44 .55 -.80 -.99
2.11 .67 1.44 -6.35 -2.12 -2.07
-.02 2.26 5.25 4.90 .00 -.59
-.02 2.26 5.25 .55 -.80 -.99
-.06 3.40 10.04 3.39 .00 -.87
-.06 3.40 10.04 4.90 .00 -.59
1.25 5.06 9.72 .30 .09 -.52
1.25 5.06 9.72 3.39 .00 -.87
-.21 4.33 10.53 -1.10 -.07 -.15
-.21 4.33 10.53 .30 .09 -.52
.35 2.82 10.07 -1.10 -.31 .11
.35 2.82 10.07 -1.10 -.07 -.15
1.54 1.08 9.75 -.94 -.42 -.03
1.54 1.08 9.75 -1.10 -.31 .11
2.03 .46 9.71 -.57 -.40 -.23
2.03 .46 9.71 -.94 -.42 -.03
1.81 .56 9.94 -.08 -.41 -.34
1.81 .56 9.94 -.57 -.40 -.23
1.77 .79 9.93 .15 -.47 -.34
1.77 .79 9.93 -.08 -.41 -.34
1.08 .68 10.01 -.13 -.60 -.40
1.08 .68 10.01 .15 -.47 -.34
1.37 .13 9.74 -.51 -.79 -.56
1.37 .13 9.74 -.13 -.60 -.40
1.25 .56 9.88 -.65 -.91 -.75
1.25 .56 9.88 -.51 -.79 -.56
.68 .49 9.66 -.51 -.95 -.82
.68 .49 9.66 -.65 -.91 -.75
.25 .39 9.73 -.28 -1.02 -.88
