.25 .39 9.73 -.51 -.95 -.82
-1.83 2.02 -1.79 -2.81 5.26 4.23
-1.83 2.02 -1.79 -1.82 7.99 6.17
-18.38 -4.62 14.85 3.08 9.85 6.93
-18.38 -4.62 14.85 -1.82 7.99 6.17
-35.30 -11.74 25.13 3.08 9.85 6.93
-35.30 -11.74 25.13 6.63 8.59 5.82
-33.56 -1.60 35.44 7.28 4.65 4.48
-33.56 -1.60 35.44 6.63 8.59 5.82
-12.70 -12.22 17.59 7.28 4.65 4.48
-12.70 -12.22 17.59 -.57 .43 1.95
1.54 -7.07 12.74 -.57 .43 1.95
1.54 -7.07 12.74 -7.40 -1.64 -1.23
-4.47 3.18 9.54 -7.40 -1.64 -1.23
-4.47 3.18 9.54 -5.43 -1.97 -1.32
.34 -.19 3.71 -5.43 -1.97 -1.32
.34 -.19 3.71 .65 -.39 -.65
-.41 1.29 5.53 .65 -.39 -.65
-.41 1.29 5.53 4.58 .42 -.54
-.93 2.44 9.43 3.75 .33 -.61
-.93 2.44 9.43 4.58 .42 -.54
.01 4.41 10.38 1.20 .04 -.39
.01 4.41 10.38 3.75 .33 -.61
.06 3.74 10.86 -.77 -.25 -.16
.06 3.74 10.86 1.20 .04 -.39
.16 2.31 9.82 -1.47 -.43 .05
.16 2.31 9.82 -.77 -.25 -.16
.89 1.32 9.12 -1.23 -.45 .05
.89 1.32 9.12 -1.47 -.43 .05
1.69 .18 9.11 -.65 -.40 -.07
1.69 .18 9.11 -1.23 -.45 .05
1.83 .24 9.41 .02 -.35 -.16
1.83 .24 9.41 -.65 -.40 -.07
1.83 .09 9.72 -.03 -.41 -.22
1.83 .09 9.72 .02 -.35 -.16
1.54 -.36 9.68 -.39 -.49 -.36
1.54 -.36 9.68 -.03 -.41 -.22
.72 -.10 9.67 -.58 -.60 -.49
.72 -.10 9.67 -.39 -.49 -.36
.62 -.18 9.16 -.76 -.72 -.66
.62 -.18 9.16 -.58 -.60 -.49
1.60 -.35 8.91 -.61 -.78 -.79
1.60 -.35 8.91 -.76 -.72 -.66
1.57 -.85 9.22 -.43 -.72 -.80
1.57 -.85 9.22 -.61 -.78 -.79
.90 -.72 10.03 -.41 -.68 -.81
.90 -.72 10.03 -.43 -.72 -.80
-.05 -.69 9.57 -.75 -.82 -.72
-.05 -.69 9.57 -.41 -.68 -.81
2.42 -1.38 7.53 -.91 -.81 -.79
