2.42 -1.38 7.53 -.75 -.82 -.72
14.48 13.74 -7.91 -1.92 3.78 3.26
14.48 13.74 -7.91 -1.34 2.77 1.99
2.67 9.13 -6.08 -.53 6.15 5.66
2.67 9.13 -6.08 -1.92 3.78 3.26
-19.49 1.01 18.38 1.04 9.21 7.63
-19.49 1.01 18.38 -.53 6.15 5.66
-31.99 -13.68 26.96 .29 8.59 7.61
-31.99 -13.68 26.96 1.04 9.21 7.63
-42.65 -11.18 20.88 -1.89 -.12 3.83
-42.65 -11.18 20.88 .29 8.59 7.61
3.32 -26.49 10.45 -11.16 -2.68 -.41
3.32 -26.49 10.45 -1.89 -.12 3.83
-2.95 -3.74 11.59 -6.82 -2.24 -2.86
-2.95 -3.74 11.59 -11.16 -2.68 -.41
2.43 -1.80 .56 .87 .60 -2.08
2.43 -1.80 .56 -6.82 -2.24 -2.86
-2.94 .32 .19 7.94 1.44 -1.51
-2.94 .32 .19 .87 .60 -2.08
-1.02 3.19 8.75 7.85 .66 -1.62
-1.02 3.19 8.75 7.94 1.44 -1.51
2.64 6.92 11.31 4.31 .27 -1.25
2.64 6.92 11.31 7.85 .66 -1.62
2.50 6.17 9.47 -.45 .02 -.61
2.50 6.17 9.47 4.31 .27 -1.25
1.88 4.52 8.85 -1.22 -.03 .03
1.88 4.52 8.85 -.45 .02 -.61
1.04 3.83 9.39 -.50 -.10 .41
1.04 3.83 9.39 -1.22 -.03 .03
2.23 1.18 8.76 -.06 -.02 .47
2.23 1.18 8.76 -.50 -.10 .41
2.64 .33 8.92 .42 .12 .41
2.64 .33 8.92 -.06 -.02 .47
2.32 .22 9.55 .50 .17 .24
2.32 .22 9.55 .42 .12 .41
1.61 .22 10.19 .50 .17 .24
1.61 .22 10.19 .46 .06 .10
1.28 -.41 10.30 .19 -.20 -.10
1.28 -.41 10.30 .46 .06 .10
.89 -.41 10.55 -.12 -.44 -.34
.89 -.41 10.55 .19 -.20 -.10
.73 -.42 10.06 -.44 -.60 -.51
.73 -.42 10.06 -.12 -.44 -.34
-.04 -.72 10.42 -.48 -.68 -.63
-.04 -.72 10.42 -.44 -.60 -.51
-.54 -.96 10.74 -.35 -.83 -.63
-.54 -.96 10.74 -.48 -.68 -.63
