-.29 -1.31 10.49 .00 -.96 -.70
-.29 -1.31 10.49 -.35 -.83 -.63
.29 -.28 9.43 -.08 -1.12 -.79
.29 -.28 9.43 .00 -.96 -.70
18.06 15.39 -15.05 -1.09 1.68 .40
18.06 15.39 -15.05 -2.94 2.60 1.17
11.16 15.21 -15.09 -.39 4.95 3.02
11.16 15.21 -15.09 -2.94 2.60 1.17
1.30 8.84 -5.91 1.11 8.29 4.83
1.30 8.84 -5.91 -.39 4.95 3.02
-17.23 -1.27 5.37 .94 10.97 5.46
-17.23 -1.27 5.37 1.11 8.29 4.83
-38.71 -11.06 16.91 2.77 10.64 5.82
-38.71 -11.06 16.91 .94 10.97 5.46
-45.69 5.40 43.32 8.63 8.34 5.44
-45.69 5.40 43.32 2.77 10.64 5.82
-24.81 .06 24.67 5.17 2.59 4.60
-24.81 .06 24.67 8.63 8.34 5.44
3.23 -15.21 17.13 -7.64 -1.33 1.04
3.23 -15.21 17.13 5.17 2.59 4.60
-3.55 -.52 14.04 -12.23 -3.03 -1.81
-3.55 -.52 14.04 -7.64 -1.33 1.04
.43 3.83 7.22 -7.05 -2.37 -1.25
.43 3.83 7.22 -12.23 -3.03 -1.81
2.22 1.22 -.16 .91 -.67 -.72
2.22 1.22 -.16 -7.05 -2.37 -1.25
1.36 -.57 3.19 4.63 .08 -1.05
1.36 -.57 3.19 .91 -.67 -.72
-.51 -.45 9.46 4.97 .26 -1.19
-.51 -.45 9.46 4.63 .08 -1.05
.35 1.84 10.01 3.09 .26 -1.07
.35 1.84 10.01 4.97 .26 -1.19
.50 1.69 9.41 .63 .03 -1.00
.50 1.69 9.41 3.09 .26 -1.07
.61 3.10 10.39 -.44 -.19 -.74
.61 3.10 10.39 .63 .03 -1.00
1.46 2.73 10.50 -.80 -.46 -.53
1.46 2.73 10.50 -.44 -.19 -.74
2.17 2.04 9.93 -.66 -.54 -.45
2.17 2.04 9.93 -.80 -.46 -.53
2.54 1.74 9.08 -.52 -.56 -.39
2.54 1.74 9.08 -.66 -.54 -.45
2.64 .87 8.47 -.29 -.47 -.37
2.64 .87 8.47 -.52 -.56 -.39
2.53 1.74 8.79 -.03 -.49 -.30
2.53 1.74 8.79 -.29 -.47 -.37
2.46 1.36 9.18 .05 -.54 -.27
2.46 1.36 9.18 -.03 -.49 -.30
1.78 1.17 9.89 -.04 -.61 -.20
1.78 1.17 9.89 .05 -.54 -.27
1.66 .84 9.77 -.48 -.67 -.18
1.66 .84 9.77 -.04 -.61 -.20
1.12 .59 9.84 -.48 -.67 -.18
