1.12 .59 9.84 -1.00 -.70 -.24
6.80 10.43 -7.44 -1.24 3.02 2.16
6.80 10.43 -7.44 -.66 5.35 3.94
-4.94 2.51 -2.38 .07 8.11 5.44
-4.94 2.51 -2.38 -.66 5.35 3.94
-24.13 -3.18 7.45 .07 8.11 5.44
-24.13 -3.18 7.45 2.37 9.58 6.01
-41.69 -3.61 24.48 6.17 9.25 5.79
-41.69 -3.61 24.48 2.37 9.58 6.01
-38.72 3.73 32.43 8.83 6.71 5.24
-38.72 3.73 32.43 6.17 9.25 5.79
-14.97 -8.18 17.58 1.68 1.93 3.02
-14.97 -8.18 17.58 8.83 6.71 5.24
5.32 -7.21 16.63 -8.46 -.88 -1.45
5.32 -7.21 16.63 1.68 1.93 3.02
-4.64 2.40 13.97 -8.72 -2.45 -1.86
-4.64 2.40 13.97 -8.46 -.88 -1.45
.89 -.50 5.49 -3.42 -1.66 -1.23
.89 -.50 5.49 -8.72 -2.45 -1.86
-.48 -.30 3.98 2.12 -.51 -.90
-.48 -.30 3.98 -3.42 -1.66 -1.23
-.70 -1.04 7.50 3.56 -.05 -1.25
-.70 -1.04 7.50 2.12 -.51 -.90
-.94 1.80 10.50 2.80 -.12 -1.20
-.94 1.80 10.50 3.56 -.05 -1.25
.34 3.49 10.22 .72 -.30 -1.01
.34 3.49 10.22 2.80 -.12 -1.20
1.02 3.15 10.90 -.60 -.38 -.68
1.02 3.15 10.90 .72 -.30 -1.01
1.50 2.50 10.78 -1.25 -.43 -.36
1.50 2.50 10.78 -.60 -.38 -.68
1.57 1.00 10.60 -1.38 -.42 -.30
1.57 1.00 10.60 -1.25 -.43 -.36
1.52 .42 10.19 -.85 -.42 -.34
1.52 .42 10.19 -1.38 -.42 -.30
1.39 .00 10.21 -.26 -.43 -.46
1.39 .00 10.21 -.85 -.42 -.34
.84 -.43 10.58 .25 -.45 -.59
.84 -.43 10.58 -.26 -.43 -.46
-.03 -.15 10.53 .23 -.58 -.71
-.03 -.15 10.53 .25 -.45 -.59
.08 -.30 9.66 -.11 -.75 -.92
.08 -.30 9.66 .23 -.58 -.71
.83 .40 9.46 -.26 -.89 -1.03
.83 .40 9.46 -.11 -.75 -.92
.42 .20 9.67 -.21 -.88 -1.08
.42 .20 9.67 -.26 -.89 -1.03
-.15 .05 9.98 -.29 -.87 -1.03
-.15 .05 9.98 -.21 -.88 -1.08
.53 -.33 7.79 -.53 -.84 -1.05
