.53 -.33 7.79 -.29 -.87 -1.03
15.67 12.44 -9.04 -1.20 1.61 .35
15.67 12.44 -9.04 -1.75 2.08 1.01
13.94 13.81 -12.89 -2.18 3.25 1.80
13.94 13.81 -12.89 -1.75 2.08 1.01
7.84 8.63 -12.54 -.73 5.79 3.70
7.84 8.63 -12.54 -2.18 3.25 1.80
-6.74 4.69 2.35 1.29 9.06 4.97
-6.74 4.69 2.35 -.73 5.79 3.70
-28.50 -8.45 20.87 1.73 9.81 4.63
-28.50 -8.45 20.87 1.29 9.06 4.97
-35.44 -8.94 29.69 3.76 6.99 3.39
-35.44 -8.94 29.69 1.73 9.81 4.63
-25.24 -3.57 35.48 3.76 6.99 3.39
-25.24 -3.57 35.48 3.56 2.89 2.58
-6.34 -7.18 19.06 -.61 -.47 1.24
-6.34 -7.18 19.06 3.56 2.89 2.58
-2.33 -4.46 12.16 -4.48 -1.58 -.72
-2.33 -4.46 12.16 -.61 -.47 1.24
.20 1.43 6.87 -2.98 -1.38 -.73
.20 1.43 6.87 -4.48 -1.58 -.72
.90 .55 5.24 -2.98 -1.38 -.73
.90 .55 5.24 .42 -.68 -.55
2.07 .81 6.13 1.85 -.40 -.72
2.07 .81 6.13 .42 -.68 -.55
2.48 2.12 7.59 1.37 -.06 -.77
2.48 2.12 7.59 1.85 -.40 -.72
1.72 2.80 8.41 .56 .15 -.46
1.72 2.80 8.41 1.37 -.06 -.77
1.28 2.68 9.19 .39 .12 -.23
1.28 2.68 9.19 .56 .15 -.46
1.15 2.29 10.04 .24 -.08 -.17
1.15 2.29 10.04 .39 .12 -.23
1.36 1.14 10.10 -.01 -.32 -.26
1.36 1.14 10.10 .24 -.08 -.17
1.63 1.26 9.24 -.15 -.45 -.36
1.63 1.26 9.24 -.01 -.32 -.26
1.97 1.47 9.01 -.02 -.49 -.40
1.97 1.47 9.01 -.15 -.45 -.36
2.42 1.70 8.78 .13 -.53 -.35
2.42 1.70 8.78 -.02 -.49 -.40
2.47 1.62 9.08 .16 -.54 -.32
2.47 1.62 9.08 .13 -.53 -.35
3.04 1.23 9.53 .16 -.54 -.32
3.04 1.23 9.53 -.06 -.60 -.33
3.20 1.29 9.53 -.06 -.60 -.33
3.20 1.29 9.53 -.27 -.62 -.30
