2.97 .70 9.05 -.23 -.68 -.26
2.97 .70 9.05 -.27 -.62 -.30
3.45 .96 9.12 -.06 -.66 -.22
3.45 .96 9.12 -.23 -.68 -.26
17.94 10.73 -5.86 -.49 -.34 .06
17.94 10.73 -5.86 -1.46 -.27 .01
24.40 10.32 -8.04 -1.20 -.01 -.14
24.40 10.32 -8.04 -1.46 -.27 .01
31.56 17.65 -12.39 .30 .44 .75
31.56 17.65 -12.39 -1.20 -.01 -.14
25.17 18.00 -17.03 .49 1.91 2.19
25.17 18.00 -17.03 .30 .44 .75
13.08 17.15 -19.78 .02 5.04 3.73
13.08 17.15 -19.78 .49 1.91 2.19
-1.13 12.19 -16.31 -1.73 9.05 5.20
-1.13 12.19 -16.31 .02 5.04 3.73
-33.29 -4.92 13.54 1.94 12.10 5.51
-33.29 -4.92 13.54 -1.73 9.05 5.20
-63.19 -6.80 30.31 5.22 10.70 5.73
-63.19 -6.80 30.31 1.94 12.10 5.51
-53.07 8.76 45.24 7.52 5.81 4.85
-53.07 8.76 45.24 5.22 10.70 5.73
-14.93 -15.19 21.98 -.82 -.63 1.79
-14.93 -15.19 21.98 7.52 5.81 4.85
.29 -5.89 12.28 -9.78 -3.23 -2.15
.29 -5.89 12.28 -.82 -.63 1.79
.43 5.68 3.90 -6.65 -3.20 -1.77
.43 5.68 3.90 -9.78 -3.23 -2.15
2.41 .08 -1.42 1.43 -.83 -.89
2.41 .08 -1.42 -6.65 -3.20 -1.77
.88 -1.08 3.08 4.99 .11 -.93
.88 -1.08 3.08 1.43 -.83 -.89
-.44 2.09 9.68 4.41 .15 -.85
-.44 2.09 9.68 4.99 .11 -.93
.26 3.32 10.69 .97 -.05 -.60
.26 3.32 10.69 4.41 .15 -.85
.05 3.23 10.32 -1.47 -.31 -.36
.05 3.23 10.32 .97 -.05 -.60
.67 2.16 9.91 -2.08 -.50 -.11
.67 2.16 9.91 -1.47 -.31 -.36
2.32 .77 8.85 -1.60 -.47 -.01
2.32 .77 8.85 -2.08 -.50 -.11
2.50 .07 9.00 -.70 -.27 -.02
2.50 .07 9.00 -1.60 -.47 -.01
1.65 -.04 9.90 .09 -.15 -.10
1.65 -.04 9.90 -.70 -.27 -.02
1.57 .03 9.51 .38 -.19 -.16
1.57 .03 9.51 .09 -.15 -.10
1.54 .32 10.01 .26 -.23 -.20
1.54 .32 10.01 .38 -.19 -.16
1.31 .00 10.91 -.04 -.35 -.25
1.31 .00 10.91 .26 -.23 -.20
1.01 .08 10.76 -.25 -.45 -.33
