1.01 .08 10.76 -.04 -.35 -.25
12.53 9.44 -5.12 -.48 -.70 -.82
12.53 9.44 -5.12 -1.04 -.62 -1.02
15.23 10.82 -8.71 -1.38 -.12 -1.15
15.23 10.82 -8.71 -1.04 -.62 -1.02
18.08 10.63 -7.76 -.58 .64 -.98
18.08 10.63 -7.76 -1.38 -.12 -1.15
20.27 14.29 -12.43 -.29 1.45 -.10
20.27 14.29 -12.43 -.58 .64 -.98
19.22 17.05 -19.70 -1.12 2.62 .88
19.22 17.05 -19.70 -.29 1.45 -.10
14.16 16.79 -20.75 -.22 4.82 2.38
14.16 16.79 -20.75 -1.12 2.62 .88
3.78 12.84 -11.76 1.93 7.61 4.06
3.78 12.84 -11.76 -.22 4.82 2.38
-10.66 5.74 3.69 1.76 10.03 4.49
-10.66 5.74 3.69 1.93 7.61 4.06
-30.54 -5.04 18.97 1.04 9.50 4.33
-30.54 -5.04 18.97 1.76 10.03 4.49
-41.41 -6.50 39.00 2.56 5.43 3.74
-41.41 -6.50 39.00 1.04 9.50 4.33
-23.41 -4.47 29.75 .77 1.30 2.80
-23.41 -4.47 29.75 2.56 5.43 3.74
-6.53 -7.57 17.58 -4.40 -1.46 .73
-6.53 -7.57 17.58 .77 1.30 2.80
-1.33 -2.78 8.69 -5.42 -2.25 -.51
-1.33 -2.78 8.69 -4.40 -1.46 .73
2.34 -.73 1.92 -1.56 -1.58 -.52
2.34 -.73 1.92 -5.42 -2.25 -.51
3.12 -.61 4.05 2.22 -.55 -.44
3.12 -.61 4.05 -1.56 -1.58 -.52
1.53 .89 8.78 2.61 -.08 -.35
1.53 .89 8.78 2.22 -.55 -.44
1.44 1.64 9.87 .66 .00 -.27
1.44 1.64 9.87 2.61 -.08 -.35
1.34 2.02 10.42 -.63 -.05 -.06
1.34 2.02 10.42 .66 .00 -.27
2.03 1.03 9.33 -.44 -.12 .18
2.03 1.03 9.33 -.63 -.05 -.06
1.34 .29 9.55 .10 -.10 .24
1.34 .29 9.55 -.44 -.12 .18
1.95 -.12 8.99 .13 -.08 .13
1.95 -.12 8.99 .10 -.10 .24
2.50 -.23 9.64 -.04 -.08 -.03
2.50 -.23 9.64 .13 -.08 .13
2.73 .19 9.62 -.07 -.08 -.10
2.73 .19 9.62 -.04 -.08 -.03
3.16 .07 9.23 .14 -.11 -.15
3.16 .07 9.23 -.07 -.08 -.10
3.64 .21 9.36 .32 -.10 -.20
