3.64 .21 9.36 .14 -.11 -.15
21.31 12.18 -11.70 .02 1.90 .55
21.31 12.18 -11.70 -1.49 2.57 1.44
21.70 7.86 -13.08 -3.07 3.86 2.29
21.70 7.86 -13.08 -1.49 2.57 1.44
9.36 9.39 -8.07 -1.58 6.37 3.83
9.36 9.39 -8.07 -3.07 3.86 2.29
-4.31 2.74 -4.44 .23 9.47 5.14
-4.31 2.74 -4.44 -1.58 6.37 3.83
-30.17 -2.83 12.40 4.35 11.90 5.32
-30.17 -2.83 12.40 .23 9.47 5.14
-58.37 .25 35.88 7.27 10.67 5.90
-58.37 .25 35.88 4.35 11.90 5.32
-36.76 1.24 32.54 4.53 4.03 4.56
-36.76 1.24 32.54 7.27 10.67 5.90
2.20 -18.46 15.84 -9.39 -1.61 -.39
2.20 -18.46 15.84 4.53 4.03 4.56
-3.98 -3.22 16.12 -11.85 -3.85 -3.60
-3.98 -3.22 16.12 -9.39 -1.61 -.39
3.02 3.29 1.20 -2.47 -2.19 -1.78
3.02 3.29 1.20 -11.85 -3.85 -3.60
.68 .08 -1.85 5.55 -.25 -1.49
.68 .08 -1.85 -2.47 -2.19 -1.78
.18 1.17 3.27 6.88 -.07 -1.64
.18 1.17 3.27 5.55 -.25 -1.49
-.15 5.15 10.72 6.88 -.07 -1.64
-.15 5.15 10.72 4.55 -.40 -1.39
1.33 4.47 9.81 4.55 -.40 -1.39
1.33 4.47 9.81 -.61 -.49 -1.12
1.94 3.30 8.44 -.61 -.49 -1.12
1.94 3.30 8.44 -2.44 -.50 -.71
2.44 3.41 8.54 -2.44 -.50 -.71
2.44 3.41 8.54 -1.96 -.48 -.27
3.26 1.47 9.20 -1.18 -.39 -.26
3.26 1.47 9.20 -1.96 -.48 -.27
3.47 .93 9.27 .07 -.18 -.26
3.47 .93 9.27 -1.18 -.39 -.26
3.34 1.36 9.23 .52 -.08 -.29
3.34 1.36 9.23 .07 -.18 -.26
3.42 1.39 9.71 .46 -.12 -.25
3.42 1.39 9.71 .52 -.08 -.29
3.04 .73 10.07 .26 -.25 -.19
3.04 .73 10.07 .46 -.12 -.25
1.86 .78 10.63 .02 -.41 -.15
1.86 .78 10.63 .26 -.25 -.19
1.37 .74 9.89 -.42 -.58 -.21
1.37 .74 9.89 .02 -.41 -.15
1.20 .34 9.58 -.68 -.66 -.32
1.20 .34 9.58 -.42 -.58 -.21
1.04 -.65 8.95 -.61 -.72 -.43
