.83 1.26 8.51 -.50 -.71 -.42
11.28 12.99 -9.44 -.14 1.06 .79
11.28 12.99 -9.44 -.46 1.65 1.30
12.12 12.94 -14.52 -.46 1.65 1.30
12.12 12.94 -14.52 -.98 2.79 1.95
9.98 12.64 -14.27 -.98 2.79 1.95
9.98 12.64 -14.27 -1.00 4.87 3.34
5.87 9.89 -9.11 -1.00 4.87 3.34
5.87 9.89 -9.11 -.71 9.07 5.20
-18.15 -4.37 29.61 -.71 9.07 5.20
-18.15 -4.37 29.61 2.28 11.28 5.62
-36.12 -13.63 22.23 2.28 11.28 5.62
-36.12 -13.63 22.23 .01 8.70 5.62
-38.77 -10.89 35.98 .01 8.70 5.62
-38.77 -10.89 35.98 -.04 2.44 2.95
-12.01 -14.08 23.85 -.04 2.44 2.95
-12.01 -14.08 23.85 -3.10 -2.03 -.45
4.77 -6.16 12.01 -3.10 -2.03 -.45
4.77 -6.16 12.01 -4.02 -3.32 -.92
1.88 -5.48 7.84 -4.02 -3.32 -.92
1.88 -5.48 7.84 -2.56 -2.50 -1.17
5.66 .54 2.77 -2.56 -2.50 -1.17
5.66 .54 2.77 .27 -1.22 -1.02
5.31 .49 3.75 .27 -1.22 -1.02
5.31 .49 3.75 1.88 -.12 -.96
3.86 1.37 6.90 1.88 -.12 -.96
3.86 1.37 6.90 2.04 .37 -.82
2.98 2.62 8.74 2.04 .37 -.82
2.98 2.62 8.74 1.74 .42 -.53
2.68 2.80 9.43 1.74 .42 -.53
2.68 2.80 9.43 1.23 .20 -.24
2.38 1.75 9.44 1.23 .20 -.24
2.38 1.75 9.44 .69 -.01 -.02
2.86 1.02 9.33 .69 -.01 -.02
2.86 1.02 9.33 .16 -.20 -.02
3.03 1.06 8.96 .16 -.20 -.02
3.03 1.06 8.96 -.23 -.33 -.05
3.95 .46 8.39 -.23 -.33 -.05
3.95 .46 8.39 -.35 -.37 -.11
4.73 .16 8.40 -.35 -.37 -.11
4.73 .16 8.40 -.03 -.33 -.07
4.95 .15 8.49 -.03 -.33 -.07
4.95 .15 8.49 .09 -.28 -.07
4.12 -.20 8.92 .09 -.28 -.07
4.12 -.20 8.92 .11 -.20 -.13
