1.04 -.65 8.95 -.68 -.66 -.32
19.24 14.91 -13.91 -.48 1.02 1.23
19.24 14.91 -13.91 -1.83 3.35 3.04
11.23 9.80 -11.20 -1.83 3.35 3.04
11.23 9.80 -11.20 -.92 6.16 4.58
-3.98 -1.53 -5.49 -.92 6.16 4.58
-3.98 -1.53 -5.49 3.40 9.16 5.93
-27.86 2.70 1.72 9.86 10.87 5.68
-27.86 2.70 1.72 3.40 9.16 5.93
-49.79 3.45 21.37 9.86 10.87 5.68
-49.79 3.45 21.37 12.74 11.73 4.37
-43.68 17.02 38.67 12.74 11.73 4.37
-43.68 17.02 38.67 11.06 9.30 3.07
-12.13 -2.72 16.59 -3.32 2.82 2.22
-12.13 -2.72 16.59 11.06 9.30 3.07
3.96 -7.30 10.80 -14.89 -1.19 -1.32
3.96 -7.30 10.80 -3.32 2.82 2.22
-5.65 .57 17.61 -9.67 -2.73 -1.24
-5.65 .57 17.61 -14.89 -1.19 -1.32
1.41 -2.16 .66 .62 -1.30 -.57
1.41 -2.16 .66 -9.67 -2.73 -1.24
-.40 -1.53 1.73 6.48 .14 -.75
-.40 -1.53 1.73 .62 -1.30 -.57
-1.39 1.94 8.45 5.77 .04 -.69
-1.39 1.94 8.45 6.48 .14 -.75
.49 5.47 9.40 1.00 -.08 -.69
.49 5.47 9.40 5.77 .04 -.69
.14 4.67 9.59 -2.45 -.09 -.69
.14 4.67 9.59 1.00 -.08 -.69
1.64 3.12 10.23 -2.41 -.15 -.30
1.64 3.12 10.23 -2.45 -.09 -.69
1.90 1.95 9.62 -.98 .01 -.07
1.90 1.95 9.62 -2.41 -.15 -.30
1.89 1.65 9.89 .59 .17 -.02
1.89 1.65 9.89 -.98 .01 -.07
1.54 2.45 10.55 1.05 .09 -.09
1.54 2.45 10.55 .59 .17 -.02
1.52 2.39 10.67 .59 -.06 -.13
1.52 2.39 10.67 1.05 .09 -.09
1.25 2.59 10.55 -.20 -.21 -.09
1.25 2.59 10.55 .59 -.06 -.13
.88 2.14 10.79 -.85 -.30 -.10
.88 2.14 10.79 -.20 -.21 -.09
.67 1.26 10.83 -1.05 -.43 -.18
.67 1.26 10.83 -.85 -.30 -.10
.51 1.10 10.28 -.67 -.52 -.29
.51 1.10 10.28 -1.05 -.43 -.18
-.33 1.31 10.71 -.05 -.65 -.40
-.33 1.31 10.71 -.67 -.52 -.29
-1.33 1.47 11.19 .06 -.95 -.55
