-1.33 1.47 11.19 -.05 -.65 -.40
18.57 13.91 -8.68 -.09 1.21 .60
18.57 13.91 -8.68 -.68 1.74 1.11
19.68 15.72 -9.89 -1.58 2.36 1.65
19.68 15.72 -9.89 -.68 1.74 1.11
17.10 7.57 -5.86 -1.17 4.04 2.68
17.10 7.57 -5.86 -1.58 2.36 1.65
8.26 9.09 -3.85 -.72 6.73 4.38
8.26 9.09 -3.85 -1.17 4.04 2.68
-6.19 4.21 -3.85 .73 9.52 5.97
-6.19 4.21 -3.85 -.72 6.73 4.38
-36.23 -.89 11.53 5.02 10.75 6.63
-36.23 -.89 11.53 .73 9.52 5.97
-56.25 16.51 39.33 11.29 10.38 8.40
-56.25 16.51 39.33 5.02 10.75 6.63
-36.91 -17.68 29.09 4.22 4.09 4.34
-36.91 -17.68 29.09 11.29 10.38 8.40
9.40 -9.49 12.71 -11.57 -2.06 -.93
9.40 -9.49 12.71 4.22 4.09 4.34
-6.64 -6.98 17.72 -9.11 -2.90 -4.28
-6.64 -6.98 17.72 -11.57 -2.06 -.93
-.43 .11 -7.46 3.34 -1.58 -.41
-.43 .11 -7.46 -9.11 -2.90 -4.28
2.52 .35 .40 9.03 .26 -1.26
2.52 .35 .40 3.34 -1.58 -.41
-2.23 9.50 11.38 5.44 .27 -.74
-2.23 9.50 11.38 9.03 .26 -1.26
.15 6.84 10.43 -1.60 .16 -.28
.15 6.84 10.43 5.44 .27 -.74
.92 3.33 8.34 -4.05 -.17 .11
.92 3.33 8.34 -1.60 .16 -.28
1.33 1.58 8.50 -2.97 -.27 .21
1.33 1.58 8.50 -4.05 -.17 .11
1.11 -.05 8.04 -.47 .04 .20
1.11 -.05 8.04 -2.97 -.27 .21
1.81 .21 8.58 1.62 .29 .04
1.81 .21 8.58 -.47 .04 .20
1.79 1.82 10.34 1.83 .22 -.04
1.79 1.82 10.34 1.62 .29 .04
2.27 2.42 10.54 .51 .02 -.06
2.27 2.42 10.54 1.83 .22 -.04
2.37 1.94 10.85 -.90 -.09 .00
2.37 1.94 10.85 .51 .02 -.06
2.33 1.15 10.19 -.90 -.09 .00
2.33 1.15 10.19 -1.11 -.16 .07
1.72 .36 9.64 -.67 -.19 .06
1.72 .36 9.64 -1.11 -.16 .07
1.69 .20 9.99 .04 -.20 .03
1.69 .20 9.99 -.67 -.19 .06
1.14 .14 10.55 .09 -.31 -.13
