1.14 .14 10.55 .04 -.20 .03
10.17 15.59 -13.50 -.24 2.61 2.40
10.17 15.59 -13.50 -1.50 5.05 4.11
-3.70 2.90 -1.86 -.95 8.40 6.19
-3.70 2.90 -1.86 -1.50 5.05 4.11
-20.91 -.30 12.17 1.28 11.20 7.22
-20.91 -.30 12.17 -.95 8.40 6.19
-45.69 -2.20 14.04 1.28 11.20 7.22
-45.69 -2.20 14.04 5.75 10.61 7.48
-52.30 8.15 36.99 5.75 10.61 7.48
-52.30 8.15 36.99 5.75 3.91 4.31
3.77 -13.45 12.25 -7.20 -1.76 -.64
3.77 -13.45 12.25 5.75 3.91 4.31
-.11 -5.84 12.97 -8.78 -3.07 -3.88
-.11 -5.84 12.97 -7.20 -1.76 -.64
-2.40 4.68 3.89 -1.40 -2.54 -1.06
-2.40 4.68 3.89 -8.78 -3.07 -3.88
.72 -.45 -.30 4.81 -.23 -.83
.72 -.45 -.30 -1.40 -2.54 -1.06
.30 1.69 4.49 5.60 .40 -.99
.30 1.69 4.49 4.81 -.23 -.83
.22 4.50 10.67 3.55 .53 -.26
.22 4.50 10.67 5.60 .40 -.99
.38 5.39 11.09 -.12 .25 -.05
.38 5.39 11.09 3.55 .53 -.26
1.02 3.07 9.78 -2.21 -.09 .10
1.02 3.07 9.78 -.12 .25 -.05
1.41 1.12 9.36 -2.27 -.27 .02
1.41 1.12 9.36 -2.21 -.09 .10
1.55 1.12 9.70 -.98 -.25 .07
1.55 1.12 9.70 -2.27 -.27 .02
2.18 .28 9.89 .49 -.05 .13
2.18 .28 9.89 -.98 -.25 .07
1.75 .31 10.28 .49 -.05 .13
1.75 .31 10.28 .87 .01 .11
2.15 -.22 9.68 .87 .01 .11
2.15 -.22 9.68 .47 -.11 -.01
1.44 .39 10.73 .47 -.11 -.01
1.44 .39 10.73 .00 -.32 -.16
1.14 .38 11.30 .00 -.32 -.16
1.14 .38 11.30 -.43 -.54 -.33
.90 .38 10.83 -.70 -.70 -.41
.90 .38 10.83 -.43 -.54 -.33
.86 -.43 9.35 -.70 -.70 -.41
.86 -.43 9.35 -.59 -.83 -.62
.61 -.28 8.67 .05 -.87 -.76
.61 -.28 8.67 -.59 -.83 -.62
-.03 .57 10.44 .33 -.96 -.88
-.03 .57 10.44 .05 -.87 -.76
-.75 .30 11.25 .33 -.96 -.88
