-.75 .30 11.25 .02 -1.12 -.98
8.10 5.65 -4.16 -2.60 4.08 3.14
8.10 5.65 -4.16 -1.60 6.08 4.65
-6.71 1.54 2.01 .39 8.29 6.05
-6.71 1.54 2.01 -1.60 6.08 4.65
-26.49 -9.54 21.42 1.21 9.17 6.28
-26.49 -9.54 21.42 .39 8.29 6.05
-37.43 -10.62 20.27 2.83 7.88 6.11
-37.43 -10.62 20.27 1.21 9.17 6.28
-28.95 .28 27.67 4.79 3.41 4.70
-28.95 .28 27.67 2.83 7.88 6.11
-5.13 -7.82 11.43 -.84 -.57 1.80
-5.13 -7.82 11.43 4.79 3.41 4.70
6.17 -9.36 15.62 -6.40 -1.49 -1.08
6.17 -9.36 15.62 -.84 -.57 1.80
-6.17 -.86 4.39 -3.65 -.74 -1.11
-6.17 -.86 4.39 -6.40 -1.49 -1.08
-.64 -.48 .67 1.55 .25 -.78
-.64 -.48 .67 -3.65 -.74 -1.11
-2.85 1.19 7.87 4.91 .40 -.55
-2.85 1.19 7.87 1.55 .25 -.78
.18 2.15 9.63 3.38 .40 -.47
.18 2.15 9.63 4.91 .40 -.55
.05 2.12 10.87 .47 .42 -.31
.05 2.12 10.87 3.38 .40 -.47
-.19 2.16 10.19 -1.34 .13 -.26
-.19 2.16 10.19 .47 .42 -.31
1.07 1.17 10.01 -1.14 -.07 -.11
1.07 1.17 10.01 -1.34 .13 -.26
1.97 .78 10.38 -.22 -.09 -.05
1.97 .78 10.38 -1.14 -.07 -.11
2.12 -.19 10.56 .32 .03 -.09
2.12 -.19 10.56 -.22 -.09 -.05
1.55 .03 10.50 .50 .03 -.21
1.55 .03 10.50 .32 .03 -.09
1.85 .31 10.51 .63 -.06 -.27
1.85 .31 10.51 .50 .03 -.21
1.10 .48 11.28 .61 -.19 -.26
1.10 .48 11.28 .63 -.06 -.27
.88 .13 11.14 .06 -.37 -.36
.88 .13 11.14 .61 -.19 -.26
.92 -.14 10.61 -.70 -.54 -.63
.92 -.14 10.61 .06 -.37 -.36
.99 -.42 10.53 -1.00 -.55 -.91
.99 -.42 10.53 -.70 -.54 -.63
-.09 -.89 10.29 -.80 -.59 -.96
-.09 -.89 10.29 -1.00 -.55 -.91
-.20 -1.40 10.23 -.69 -.77 -1.16
