-.20 -1.40 10.23 -.80 -.59 -.96
.57 -1.39 10.08 -.83 -.90 -1.45
.57 -1.39 10.08 -.69 -.77 -1.16
3.61 6.75 -6.66 -4.05 5.04 4.51
3.61 6.75 -6.66 -4.05 6.69 6.29
-14.76 -4.39 4.13 -.09 8.15 8.32
-14.76 -4.39 4.13 -4.05 6.69 6.29
-38.35 -9.00 15.65 6.59 9.48 9.40
-38.35 -9.00 15.65 -.09 8.15 8.32
-54.40 .24 30.96 12.82 9.94 9.97
-54.40 .24 30.96 6.59 9.48 9.40
-33.72 -8.00 19.47 6.77 1.96 5.14
-33.72 -8.00 19.47 12.82 9.94 9.97
13.93 -7.86 18.01 -11.93 -3.54 -1.29
13.93 -7.86 18.01 6.77 1.96 5.14
2.55 -13.99 15.47 -11.90 -2.07 -3.37
2.55 -13.99 15.47 -11.93 -3.54 -1.29
-9.39 -1.87 1.77 -.48 -1.72 -1.60
-9.39 -1.87 1.77 -11.90 -2.07 -3.37
2.52 -4.27 -.11 6.87 -.23 -1.12
2.52 -4.27 -.11 -.48 -1.72 -1.60
-1.42 3.16 6.81 8.04 .62 -1.15
-1.42 3.16 6.81 6.87 -.23 -1.12
.25 5.60 11.60 3.27 .33 -.89
.25 5.60 11.60 8.04 .62 -1.15
1.60 5.56 9.06 .25 .16 -.68
1.60 5.56 9.06 3.27 .33 -.89
1.59 4.60 9.65 -.62 .01 -.12
1.59 4.60 9.65 .25 .16 -.68
2.18 3.24 10.48 -1.06 -.14 .06
2.18 3.24 10.48 -.62 .01 -.12
3.10 1.43 10.36 -.92 -.13 .10
3.10 1.43 10.36 -1.06 -.14 .06
2.35 1.31 9.46 -.40 -.08 .09
2.35 1.31 9.46 -.92 -.13 .10
2.13 1.41 9.60 -.08 -.11 .01
2.13 1.41 9.60 -.40 -.08 .09
2.04 .64 9.94 -.05 -.11 .02
2.04 .64 9.94 -.08 -.11 .01
1.65 .51 10.70 -.10 -.12 .10
1.65 .51 10.70 -.05 -.11 .02
1.23 -.30 9.70 -.47 -.22 .00
1.23 -.30 9.70 -.10 -.12 .10
1.55 -.22 10.26 -.37 -.24 -.14
1.55 -.22 10.26 -.47 -.22 .00
.95 -.50 10.70 -.27 -.24 -.18
.95 -.50 10.70 -.37 -.24 -.14
.73 -.65 10.36 -.11 -.34 -.22
.73 -.65 10.36 -.27 -.24 -.18
1.11 -.21 9.30 -.28 -.40 -.37
