1.11 -.21 9.30 -.11 -.34 -.22
2.28 .22 9.35 -.04 -.39 -.41
2.28 .22 9.35 -.28 -.40 -.37
14.04 14.94 -10.15 -2.50 1.88 1.14
14.04 14.94 -10.15 -3.83 2.37 1.80
15.77 12.33 -12.40 -3.71 3.51 3.14
15.77 12.33 -12.40 -3.83 2.37 1.80
12.32 9.10 -7.88 .35 5.95 4.82
12.32 9.10 -7.88 -3.71 3.51 3.14
1.66 4.81 -.71 3.74 9.20 6.16
1.66 4.81 -.71 .35 5.95 4.82
-22.88 1.17 14.05 4.99 10.16 6.93
-22.88 1.17 14.05 3.74 9.20 6.16
-43.89 -5.79 24.46 6.63 10.41 6.14
-43.89 -5.79 24.46 4.99 10.16 6.93
-41.99 10.60 36.69 9.26 5.31 6.08
-41.99 10.60 36.69 6.63 10.41 6.14
-14.08 -5.46 17.94 -1.04 -.58 1.74
-14.08 -5.46 17.94 9.26 5.31 6.08
7.05 -7.16 15.53 -11.47 -2.00 -.59
7.05 -7.16 15.53 -1.04 -.58 1.74
-4.22 -3.78 9.02 -9.07 -2.32 -1.70
-4.22 -3.78 9.02 -11.47 -2.00 -.59
.90 -1.95 1.31 4.06 -.37 -.82
.90 -1.95 1.31 -9.07 -2.32 -1.70
1.05 -1.96 1.45 6.77 .01 -.86
1.05 -1.96 1.45 4.06 -.37 -.82
-.27 2.62 10.54 3.88 -.23 -.93
-.27 2.62 10.54 6.77 .01 -.86
2.90 4.63 8.14 -.30 -.29 -.84
2.90 4.63 8.14 3.88 -.23 -.93
2.45 3.14 8.88 -2.24 -.29 -.63
2.45 3.14 8.88 -.30 -.29 -.84
3.63 2.26 8.62 -1.40 -.19 -.20
3.63 2.26 8.62 -2.24 -.29 -.63
3.45 1.06 9.19 -.22 .01 -.16
3.45 1.06 9.19 -1.40 -.19 -.20
3.19 1.04 9.87 .73 .15 -.15
3.19 1.04 9.87 -.22 .01 -.16
2.57 1.43 11.03 .95 .13 -.22
2.57 1.43 11.03 .73 .15 -.15
2.42 1.19 10.48 .40 .00 -.24
2.42 1.19 10.48 .95 .13 -.22
1.58 1.39 10.71 .40 .00 -.24
1.58 1.39 10.71 -.14 -.17 -.24
1.57 .65 9.82 -.14 -.17 -.24
1.57 .65 9.82 -.68 -.39 -.35
1.86 .07 10.26 -.68 -.39 -.35
1.86 .07 10.26 -.87 -.50 -.51
1.71 -.10 10.29 -.87 -.50 -.51
1.71 -.10 10.29 -.66 -.51 -.52
1.07 -.57 11.16 -.66 -.51 -.52
