1.07 -.57 11.16 -.41 -.52 -.55
19.70 11.32 -5.61 -.51 1.10 -.43
19.70 11.32 -5.61 -.97 1.81 .10
17.97 11.01 -11.59 -1.49 3.19 1.19
17.97 11.01 -11.59 -.97 1.81 .10
8.39 12.40 -9.10 -.82 5.49 3.16
8.39 12.40 -9.10 -1.49 3.19 1.19
-5.11 4.16 -2.65 -.11 8.22 5.18
-5.11 4.16 -2.65 -.82 5.49 3.16
-26.13 -5.79 16.32 2.16 10.10 5.83
-26.13 -5.79 16.32 -.11 8.22 5.18
-50.39 -7.69 24.38 4.26 8.30 5.57
-50.39 -7.69 24.38 2.16 10.10 5.83
-43.36 -3.12 34.78 4.57 4.64 4.02
-43.36 -3.12 34.78 4.26 8.30 5.57
-19.52 -8.59 14.93 -.89 -.32 1.66
-19.52 -8.59 14.93 4.57 4.64 4.02
.19 -8.62 9.59 -6.81 -2.09 -.97
.19 -8.62 9.59 -.89 -.32 1.66
-3.18 1.80 4.55 -4.01 -1.84 -1.22
-3.18 1.80 4.55 -6.81 -2.09 -.97
1.83 -.53 2.84 1.01 -.44 -.65
1.83 -.53 2.84 -4.01 -1.84 -1.22
1.76 -.24 5.19 3.35 .18 -.48
1.76 -.24 5.19 1.01 -.44 -.65
-.56 2.18 11.05 2.39 .11 -.47
-.56 2.18 11.05 3.35 .18 -.48
-.21 2.49 11.17 -.26 -.12 -.28
-.21 2.49 11.17 2.39 .11 -.47
-.54 1.16 10.22 -1.53 -.25 -.24
-.54 1.16 10.22 -.26 -.12 -.28
.15 1.29 9.68 -1.09 -.28 -.17
.15 1.29 9.68 -1.53 -.25 -.24
.07 .80 10.11 -.06 -.17 -.26
.07 .80 10.11 -1.09 -.28 -.17
.44 1.22 10.58 .78 -.18 -.39
.44 1.22 10.58 -.06 -.17 -.26
.23 2.05 10.40 .75 -.41 -.55
.23 2.05 10.40 .78 -.18 -.39
.41 2.08 10.06 .49 -.66 -.66
.41 2.08 10.06 .75 -.41 -.55
-.33 1.23 9.89 -.09 -.86 -.80
-.33 1.23 9.89 .49 -.66 -.66
-.60 1.45 9.88 -.43 -.96 -.88
-.60 1.45 9.88 -.09 -.86 -.80
-.13 .47 8.97 -.66 -1.05 -1.02
-.13 .47 8.97 -.43 -.96 -.88
.39 .28 8.74 -.27 -1.02 -1.09
.39 .28 8.74 -.66 -1.05 -1.02
-.06 .10 9.21 -.01 -1.01 -1.13
