-.06 .10 9.21 -.27 -1.02 -1.09
-8.43 3.72 2.65 -1.39 6.04 4.92
-8.43 3.72 2.65 .18 7.96 6.24
-26.57 -4.87 12.17 .74 8.51 6.98
-26.57 -4.87 12.17 .18 7.96 6.24
-44.63 -6.26 30.43 7.01 8.44 7.68
-44.63 -6.26 30.43 .74 8.51 6.98
-36.29 -.74 27.79 8.91 4.84 7.15
-36.29 -.74 27.79 7.01 8.44 7.68
-3.00 -18.34 16.87 -11.48 -1.34 -1.59
-3.00 -18.34 16.87 8.91 4.84 7.15
2.99 -8.62 17.55 -9.63 -2.67 -3.01
2.99 -8.62 17.55 -11.48 -1.34 -1.59
2.06 -.14 1.84 -2.81 -1.21 -1.86
2.06 -.14 1.84 -9.63 -2.67 -3.01
-1.23 -1.07 1.16 5.67 .39 -1.57
-1.23 -1.07 1.16 -2.81 -1.21 -1.86
-1.06 1.59 7.62 8.23 .58 -1.37
-1.06 1.59 7.62 5.67 .39 -1.57
-.02 5.65 11.68 5.77 .33 -1.04
-.02 5.65 11.68 8.23 .58 -1.37
.31 5.31 10.75 1.76 .10 -.86
.31 5.31 10.75 5.77 .33 -1.04
-.45 6.32 10.15 -.79 -.13 -.30
-.45 6.32 10.15 1.76 .10 -.86
-.43 4.85 10.18 -2.06 -.39 -.02
-.43 4.85 10.18 -.79 -.13 -.30
.26 2.65 9.99 -2.47 -.52 .08
.26 2.65 9.99 -2.06 -.39 -.02
.63 1.39 9.29 -2.19 -.48 .07
.63 1.39 9.29 -2.47 -.52 .08
.59 .47 8.80 -1.43 -.39 -.01
.59 .47 8.80 -2.19 -.48 .07
.20 -.12 9.05 -.37 -.34 -.11
.20 -.12 9.05 -1.43 -.39 -.01
.04 .06 9.93 -.37 -.34 -.11
.04 .06 9.93 .16 -.36 -.13
-.45 -.20 10.00 -.01 -.44 -.26
-.45 -.20 10.00 .16 -.36 -.13
.00 -.64 8.91 -.61 -.57 -.51
.00 -.64 8.91 -.01 -.44 -.26
.05 -1.24 9.45 -.72 -.60 -.86
