.05 -1.24 9.45 -.61 -.57 -.51
-1.07 -1.15 10.06 -.70 -.62 -1.09
-1.07 -1.15 10.06 -.72 -.60 -.86
-.99 -1.63 10.40 -.34 -.70 -1.17
-.99 -1.63 10.40 -.70 -.62 -1.09
.08 -1.69 10.26 .30 -.82 -1.16
.08 -1.69 10.26 -.34 -.70 -1.17
.45 -.50 9.69 .51 -.84 -1.17
.45 -.50 9.69 .30 -.82 -1.16
-1.08 6.44 -.82 .19 4.72 4.09
-1.08 6.44 -.82 2.12 7.13 5.59
-17.47 2.11 3.73 3.10 8.64 6.16
-17.47 2.11 3.73 2.12 7.13 5.59
-40.25 -5.14 15.15 6.24 9.92 7.17
-40.25 -5.14 15.15 3.10 8.64 6.16
-43.54 13.47 30.40 6.24 9.92 7.17
-43.54 13.47 30.40 11.95 8.42 8.63
-31.63 -7.35 6.56 3.30 .80 4.11
-31.63 -7.35 6.56 11.95 8.42 8.63
16.17 -1.97 24.08 -11.38 -1.96 -2.45
16.17 -1.97 24.08 3.30 .80 4.11
-2.35 -3.92 12.29 -14.70 -2.02 -2.92
-2.35 -3.92 12.29 -11.38 -1.96 -2.45
-5.30 -.63 -3.76 -6.05 -1.23 -1.38
-5.30 -.63 -3.76 -14.70 -2.02 -2.92
2.60 -4.59 -1.54 4.24 .13 -1.86
2.60 -4.59 -1.54 -6.05 -1.23 -1.38
-3.96 2.41 6.57 10.19 .64 -.38
-3.96 2.41 6.57 4.24 .13 -1.86
-.73 9.36 12.96 7.40 .28 -.33
-.73 9.36 12.96 10.19 .64 -.38
.39 7.53 11.74 .28 .24 -.83
.39 7.53 11.74 7.40 .28 -.33
.03 5.55 10.03 -3.62 .16 -.73
.03 5.55 10.03 .28 .24 -.83
.14 3.06 11.26 -3.27 -.05 -.09
.14 3.06 11.26 -3.62 .16 -.73
1.39 2.16 10.63 -1.69 -.11 .30
1.39 2.16 10.63 -3.27 -.05 -.09
1.80 .38 10.01 -.13 .17 .35
1.80 .38 10.01 -1.69 -.11 .30
.64 .72 10.69 .79 .36 .33
.64 .72 10.69 -.13 .17 .35
.61 1.05 10.74 .78 .25 .20
.61 1.05 10.74 .79 .36 .33
.97 1.16 11.07 .42 .16 .20
.97 1.16 11.07 .78 .25 .20
.80 .90 11.34 -.11 .08 .15
.80 .90 11.34 .42 .16 .20
.53 .77 10.71 -.45 .02 .14
.53 .77 10.71 -.11 .08 .15
.20 -.10 10.08 -.45 .02 .14
.20 -.10 10.08 -.46 .00 -.02
.24 -.11 10.17 -.46 .00 -.02
.24 -.11 10.17 -.06 .00 -.05
-.13 .32 10.24 -.06 .00 -.05
-.13 .32 10.24 .10 -.05 -.15
-.22 .62 10.28 .00 -.12 -.25
