-.22 .62 10.28 .10 -.05 -.15
18.11 14.32 -11.96 -2.19 1.70 1.71
18.11 14.32 -11.96 -1.76 2.66 3.15
10.01 11.09 -11.17 -1.76 2.66 3.15
10.01 11.09 -11.17 -.18 4.77 4.84
-4.76 7.10 -2.09 -.18 4.77 4.84
-4.76 7.10 -2.09 -.14 7.81 6.10
-20.58 -4.13 5.84 -.14 7.81 6.10
-20.58 -4.13 5.84 1.82 10.26 6.84
-41.18 4.30 14.71 1.82 10.26 6.84
-41.18 4.30 14.71 5.62 11.62 7.82
-57.14 3.97 28.57 5.62 11.62 7.82
-57.14 3.97 28.57 6.55 10.04 7.32
-20.86 -21.17 16.31 6.55 10.04 7.32
-20.86 -21.17 16.31 -1.56 .53 1.42
11.93 -8.56 12.00 -1.56 .53 1.42
11.93 -8.56 12.00 -8.16 -3.57 -3.92
-2.50 2.72 15.14 -8.16 -3.57 -3.92
-2.50 2.72 15.14 -1.81 -1.34 -2.34
-5.37 2.83 5.76 -1.81 -1.34 -2.34
-5.37 2.83 5.76 2.59 -1.38 -1.50
2.40 1.30 6.40 2.59 -1.38 -1.50
2.40 1.30 6.40 4.61 -.12 -1.21
-1.80 7.45 9.73 4.61 -.12 -1.21
-1.80 7.45 9.73 2.45 .40 -.88
-2.07 4.37 9.27 2.45 .40 -.88
-2.07 4.37 9.27 -.79 .27 -.47
-.30 4.11 10.09 -.79 .27 -.47
-.30 4.11 10.09 -1.57 .06 -.21
-.32 4.11 12.21 -1.57 .06 -.21
-.32 4.11 12.21 -1.38 .06 -.04
-.55 2.14 11.54 -1.38 .06 -.04
-.55 2.14 11.54 -1.13 .00 .04
.45 .91 10.72 -1.13 .00 .04
.45 .91 10.72 -.02 .01 -.05
-.11 1.52 11.05 -.02 .01 -.05
-.22 2.39 11.16 .88 -.05 -.11
-.11 1.52 11.05 .88 -.05 -.11
-.22 2.39 11.16 .90 -.24 -.16
.01 2.04 10.99 .90 -.24 -.16
.01 2.04 10.99 .17 -.38 -.21
.13 1.90 10.36 .17 -.38 -.21
.13 1.90 10.36 -.48 -.47 -.20
.13 1.38 10.18 -.48 -.47 -.20
.13 1.38 10.18 -.78 -.52 -.26
-.31 .85 9.99 -.78 -.52 -.26
-.31 .85 9.99 -.56 -.58 -.26
-.80 .89 9.96 -.56 -.58 -.26
