3.79 -.13 8.54 .11 -.20 -.13
3.79 -.13 8.54 -.05 -.23 -.22
3.64 -1.34 7.66 -.05 -.23 -.22
3.64 -1.34 7.66 -.24 -.21 -.38
4.13 -1.26 8.30 -.24 -.21 -.38
4.13 -1.26 8.30 -.12 -.24 -.38
13.14 15.78 -11.35 -.81 .62 .99
13.14 15.78 -11.35 -1.62 .86 1.36
15.84 19.08 -15.05 -1.62 .86 1.36
15.84 19.08 -15.05 -2.61 1.30 1.58
13.57 13.94 -14.07 -2.61 1.30 1.58
13.57 13.94 -14.07 -1.83 2.99 3.05
6.46 10.66 -5.91 -1.83 2.99 3.05
6.46 10.66 -5.91 .72 6.17 5.24
3.94 3.06 4.60 .72 6.17 5.24
3.94 3.06 4.60 .46 8.70 6.49
-17.88 -9.22 26.86 .46 8.70 6.49
-17.88 -9.22 26.86 3.22 10.14 5.81
-38.01 -20.89 11.79 3.22 10.14 5.81
-38.01 -20.89 11.79 .43 6.95 4.91
-24.30 -6.62 37.88 .43 6.95 4.91
-24.30 -6.62 37.88 1.53 .65 .79
-7.80 -4.18 13.89 1.53 .65 .79
-7.80 -4.18 13.89 .99 -.78 .50
3.58 -7.66 10.19 .99 -.78 .50
3.58 -7.66 10.19 -.03 -.53 -.40
1.29 4.14 7.04 -.03 -.53 -.40
1.29 4.14 7.04 -.40 -.04 -.33
2.44 1.67 7.45 -.40 -.04 -.33
2.44 1.67 7.45 -.26 .20 -.20
1.24 1.82 8.25 -.26 .20 -.20
1.24 1.82 8.25 .65 .15 -.01
1.88 1.64 8.81 .65 .15 -.01
1.88 1.64 8.81 .63 -.06 .00
2.99 1.66 9.12 .63 -.06 .00
2.99 1.66 9.12 .11 -.06 -.02
2.63 1.77 8.99 .11 -.06 -.02
2.63 1.77 8.99 -.25 .01 .08
2.78 1.22 8.71 -.25 .01 .08
2.78 1.22 8.71 -.22 .04 .15
3.11 .80 8.81 -.22 .04 .15
3.11 .80 8.81 -.05 .02 .15
3.18 .36 9.62 -.05 .02 .15
3.18 .36 9.62 .04 -.02 .12
3.61 -.07 9.97 .04 -.02 .12
3.61 -.07 9.97 -.09 -.10 .01
3.77 -.30 9.74 -.09 -.10 .01
3.77 -.30 9.74 -.19 -.17 -.10
3.62 -.09 9.54 -.19 -.17 -.10
3.62 -.09 9.54 -.21 -.22 -.22
3.62 -.30 9.51 -.21 -.22 -.22
3.62 -.30 9.51 .00 -.29 -.32
3.52 .15 9.38 .00 -.29 -.32
3.52 .15 9.38 .15 -.38 -.36
3.95 .00 9.40 .15 -.38 -.36
