-.80 .89 9.96 -.32 -.70 -.33
-.94 .56 10.06 -.32 -.70 -.33
-.94 .56 10.06 -.35 -.80 -.51
19.25 12.30 -6.10 .00 .08 .12
19.25 12.30 -6.10 -1.81 .26 -.11
18.97 13.34 -9.69 -1.81 .26 -.11
18.97 13.34 -9.69 -2.52 1.09 .85
17.02 15.42 -13.46 -2.52 1.09 .85
17.02 15.42 -13.46 -1.74 2.53 2.22
11.11 12.07 -9.32 -1.74 2.53 2.22
11.11 12.07 -9.32 -1.38 4.83 3.96
4.02 7.35 -4.77 -1.38 4.83 3.96
4.02 7.35 -4.77 -.85 7.23 5.65
-10.23 1.45 -4.21 -.85 7.23 5.65
-10.23 1.45 -4.21 1.96 9.74 6.78
-34.26 -2.53 8.88 1.96 9.74 6.78
-34.26 -2.53 8.88 5.25 10.18 6.68
-48.89 4.57 32.97 5.25 10.18 6.68
-48.89 4.57 32.97 10.05 10.05 7.20
-40.19 5.90 26.19 10.05 10.05 7.20
-40.19 5.90 26.19 8.18 5.45 5.77
-4.00 -16.47 17.61 8.18 5.45 5.77
-4.00 -16.47 17.61 -5.59 -.12 .31
7.20 -5.29 13.99 -5.59 -.12 .31
7.20 -5.29 13.99 -13.11 -2.13 -3.43
-8.82 4.81 7.70 -13.11 -2.13 -3.43
-8.82 4.81 7.70 -5.37 -2.25 -1.16
1.87 -3.67 -.62 -5.37 -2.25 -1.16
1.87 -3.67 -.62 2.72 .00 -.99
-2.66 1.77 6.87 2.72 .00 -.99
-2.66 1.77 6.87 6.45 .59 -.49
-2.01 2.98 13.69 6.45 .59 -.49
-2.01 2.98 13.69 4.26 .16 -.95
-1.47 4.88 10.94 4.26 .16 -.95
-1.47 4.88 10.94 .04 -.06 -.70
-.96 4.02 10.62 .04 -.06 -.70
-.96 4.02 10.62 -2.11 -.23 -.53
-.25 2.55 10.20 -2.11 -.23 -.53
-.25 2.55 10.20 -2.20 -.31 -.16
.41 .74 9.92 -2.20 -.31 -.16
.41 .74 9.92 -1.34 -.15 -.19
.49 .83 10.05 -1.34 -.15 -.19
.49 .83 10.05 .22 .01 -.15
.40 .84 10.22 .22 .01 -.15
.40 .84 10.22 1.18 -.03 -.20
.32 1.06 10.62 1.18 -.03 -.20
.32 1.06 10.62 1.34 -.15 -.24
.44 1.77 11.10 1.34 -.15 -.24
.44 1.77 11.10 .56 -.24 -.23
.66 1.53 10.85 .56 -.24 -.23
.66 1.53 10.85 -.60 -.32 -.26
.56 1.07 10.34 -.60 -.32 -.26
