.56 1.07 10.34 -1.11 -.40 -.29
22.17 16.07 -9.96 -.66 .93 1.03
22.17 16.07 -9.96 -.69 1.80 2.33
16.51 12.33 -9.56 -.69 1.80 2.33
16.51 12.33 -9.56 .21 3.74 3.76
5.13 8.81 -2.03 .21 3.74 3.76
5.13 8.81 -2.03 .30 6.36 5.72
-8.97 2.40 -.44 .30 6.36 5.72
-8.97 2.40 -.44 .18 8.66 7.17
-29.88 -8.38 .65 .18 8.66 7.17
-29.88 -8.38 .65 5.50 9.92 7.57
-56.92 8.61 28.11 5.50 9.92 7.57
-56.92 8.61 28.11 13.18 10.32 8.73
-42.48 3.06 32.28 13.18 10.32 8.73
-42.48 3.06 32.28 2.29 .88 2.30
9.95 -2.48 14.42 2.29 .88 2.30
9.95 -2.48 14.42 -10.35 -2.11 -2.51
-6.91 -1.61 14.88 -10.35 -2.11 -2.51
-6.91 -1.61 14.88 -8.86 -2.75 -2.77
-.26 2.84 1.66 -8.86 -2.75 -2.77
-.26 2.84 1.66 -.88 -2.02 -.97
.91 -.10 1.96 4.93 .00 -.74
.91 -.10 1.96 -.88 -2.02 -.97
-1.63 3.69 9.11 5.09 .33 -.88
-1.63 3.69 9.11 4.93 .00 -.74
-.39 5.99 11.72 1.53 .25 -.72
-.39 5.99 11.72 5.09 .33 -.88
-1.05 5.96 11.29 -1.10 -.04 -.68
-1.05 5.96 11.29 1.53 .25 -.72
-.18 3.61 11.51 -1.73 -.35 -.40
-.18 3.61 11.51 -1.10 -.04 -.68
.50 2.49 10.86 -1.54 -.53 -.25
.50 2.49 10.86 -1.73 -.35 -.40
1.81 1.43 10.11 -.96 -.52 -.38
1.81 1.43 10.11 -1.54 -.53 -.25
1.33 1.08 10.06 .08 -.44 -.46
1.33 1.08 10.06 -.96 -.52 -.38
1.32 1.23 10.02 .67 -.46 -.46
1.32 1.23 10.02 .08 -.44 -.46
1.29 .86 10.11 .67 -.46 -.46
1.29 .86 10.11 .57 -.56 -.50
.95 .80 10.65 .57 -.56 -.50
.95 .80 10.65 .06 -.75 -.62
1.07 .71 10.36 .06 -.75 -.62
1.07 .71 10.36 -.43 -.88 -.80
.84 .80 10.05 -.82 -.90 -.94
.84 .80 10.05 -.43 -.88 -.80
.52 .64 10.05 -1.19 -.95 -1.05
.52 .64 10.05 -.82 -.90 -.94
-.04 .15 7.81 -1.35 -1.09 -1.19
