-.04 .15 7.81 -1.19 -.95 -1.05
-2.00 6.33 -.72 -1.11 7.44 3.70
-2.00 6.33 -.72 -.32 9.30 5.02
-18.94 2.54 5.40 3.69 10.71 6.12
-18.94 2.54 5.40 -.32 9.30 5.02
-40.74 2.67 23.93 8.39 10.60 6.58
-40.74 2.67 23.93 3.69 10.71 6.12
-43.15 12.19 34.94 11.36 8.39 6.61
-43.15 12.19 34.94 8.39 10.60 6.58
-19.68 -6.16 23.83 -1.25 3.28 3.95
-19.68 -6.16 23.83 11.36 8.39 6.61
5.05 -11.40 17.51 -16.15 -.89 -.63
5.05 -11.40 17.51 -1.25 3.28 3.95
-8.41 -4.17 14.04 -13.88 -3.57 -2.14
-8.41 -4.17 14.04 -16.15 -.89 -.63
2.49 .29 -.39 -3.42 -1.03 -.72
2.49 .29 -.39 -13.88 -3.57 -2.14
-.63 -2.31 .71 6.46 1.33 -.18
-.63 -2.31 .71 -3.42 -1.03 -.72
-2.46 .67 8.53 8.17 1.26 -.68
-2.46 .67 8.53 6.46 1.33 -.18
-1.18 4.58 14.27 4.78 .49 -.66
-1.18 4.58 14.27 8.17 1.26 -.68
-.81 5.13 12.09 -.09 -.03 -.73
-.81 5.13 12.09 4.78 .49 -.66
-.26 5.09 10.62 -2.47 -.39 -.40
-.26 5.09 10.62 -.09 -.03 -.73
.33 3.54 10.29 -2.73 -.52 -.10
.33 3.54 10.29 -2.47 -.39 -.40
1.36 .91 9.66 -1.52 -.31 -.16
1.36 .91 9.66 -2.73 -.52 -.10
.48 .28 9.94 -.19 -.20 -.24
.48 .28 9.94 -1.52 -.31 -.16
.20 -.12 10.25 -.19 -.20 -.24
.20 -.12 10.25 .45 -.29 -.48
-.47 .03 10.18 .45 -.29 -.48
-.47 .03 10.18 .37 -.55 -.74
-1.12 -1.13 9.86 .37 -.55 -.74
-1.12 -1.13 9.86 -.09 -.80 -1.10
-1.43 -.01 9.04 -.09 -.80 -1.10
