-1.43 -.01 9.04 -.36 -.96 -1.33
-1.50 -.29 9.31 -.66 -1.07 -1.68
-1.50 -.29 9.31 -.36 -.96 -1.33
-1.31 -1.08 10.09 -.53 -1.15 -1.89
-1.31 -1.08 10.09 -.66 -1.07 -1.68
-1.20 -.81 9.99 -.27 -1.15 -1.92
-1.20 -.81 9.99 -.53 -1.15 -1.89
-1.67 -.35 10.06 -.24 -1.18 -1.87
-1.67 -.35 10.06 -.27 -1.15 -1.92
.05 -.18 8.19 -.54 -1.26 -1.72
.05 -.18 8.19 -.24 -1.18 -1.87
12.03 8.86 -4.59 -1.99 2.94 2.93
12.03 8.86 -4.59 -.40 4.63 4.79
-4.59 8.62 -5.90 1.55 7.75 7.50
-4.59 8.62 -5.90 -.40 4.63 4.79
-34.12 -17.15 17.74 9.41 11.04 8.75
-34.12 -17.15 17.74 1.55 7.75 7.50
-50.49 17.60 22.78 14.11 11.22 9.81
-50.49 17.60 22.78 9.41 11.04 8.75
-46.50 -7.87 21.49 14.11 11.22 9.81
-46.50 -7.87 21.49 .52 2.98 2.70
9.15 -6.48 18.29 -13.38 -3.31 -4.06
9.15 -6.48 18.29 .52 2.98 2.70
3.94 -5.66 7.28 -9.56 -2.35 -2.54
3.94 -5.66 7.28 -13.38 -3.31 -4.06
-3.85 -2.98 -3.62 4.06 -.47 -1.34
-3.85 -2.98 -3.62 -9.56 -2.35 -2.54
-1.97 4.16 4.19 8.76 .13 -1.05
-1.97 4.16 4.19 4.06 -.47 -1.34
-3.75 10.17 12.72 4.72 -.37 -1.25
-3.75 10.17 12.72 8.76 .13 -1.05
.57 7.45 10.02 -2.10 -.61 -1.10
.57 7.45 10.02 4.72 -.37 -1.25
.83 5.31 8.74 -3.55 -.36 -.55
.83 5.31 8.74 -2.10 -.61 -1.10
.77 2.90 9.29 -1.74 -.09 .21
.77 2.90 9.29 -3.55 -.36 -.55
.63 .79 9.25 -.03 .13 .30
.63 .79 9.25 -1.74 -.09 .21
.59 1.00 11.42 .96 .22 .09
.59 1.00 11.42 -.03 .13 .30
.16 1.45 12.39 .89 .00 -.09
.16 1.45 12.39 .96 .22 .09
.57 1.41 11.78 .32 -.31 -.16
.57 1.41 11.78 .89 .00 -.09
.60 .45 11.27 -.23 -.56 -.24
.60 .45 11.27 .32 -.31 -.16
.35 .47 10.66 -.29 -.74 -.33
.35 .47 10.66 -.23 -.56 -.24
.09 .39 10.01 -.45 -.89 -.58
.09 .39 10.01 -.29 -.74 -.33
.10 .02 9.39 -.40 -.96 -.86
.10 .02 9.39 -.45 -.89 -.58
-.62 -.13 9.82 -.07 -1.00 -.98
-.62 -.13 9.82 -.40 -.96 -.86
-1.63 .20 10.37 -.05 -1.13 -1.08
-1.63 .20 10.37 -.07 -1.00 -.98
-1.97 -.46 10.06 -.03 -1.39 -1.29
-1.97 -.46 10.06 -.05 -1.13 -1.08
-1.09 .35 9.21 -.31 -1.47 -1.43
