-1.09 .35 9.21 -.03 -1.39 -1.29
11.41 6.90 -3.43 -2.17 2.32 2.14
11.41 6.90 -3.43 -.12 4.05 3.63
1.34 7.75 -1.86 .06 6.63 4.77
1.34 7.75 -1.86 -.12 4.05 3.63
-12.79 2.74 .85 .46 9.33 5.75
-12.79 2.74 .85 .06 6.63 4.77
-36.38 1.89 14.12 5.21 10.78 6.72
-36.38 1.89 14.12 .46 9.33 5.75
-49.99 15.68 27.48 8.59 9.37 7.64
-49.99 15.68 27.48 5.21 10.78 6.72
-16.52 -15.08 29.97 -1.41 2.86 3.00
-16.52 -15.08 29.97 8.59 9.37 7.64
14.29 -16.11 16.48 -12.95 -1.59 -2.81
14.29 -16.11 16.48 -1.41 2.86 3.00
-11.89 5.53 14.77 -8.59 -3.77 -2.08
-11.89 5.53 14.77 -12.95 -1.59 -2.81
1.46 -2.86 -3.23 1.12 -.44 -.78
1.46 -2.86 -3.23 -8.59 -3.77 -2.08
-1.27 1.65 2.93 7.52 .83 -.74
-1.27 1.65 2.93 1.12 -.44 -.78
.20 4.02 9.41 7.84 .50 -.59
.20 4.02 9.41 7.52 .83 -.74
1.70 4.38 13.65 2.41 .19 -.34
1.70 4.38 13.65 7.84 .50 -.59
1.84 5.23 10.68 -2.35 -.18 -.36
1.84 5.23 10.68 2.41 .19 -.34
1.27 2.38 9.56 -3.73 -.40 -.11
1.27 2.38 9.56 -2.35 -.18 -.36
1.04 1.30 10.08 -2.72 -.36 .09
1.04 1.30 10.08 -3.73 -.40 -.11
1.75 .05 9.65 -1.02 -.07 .05
1.75 .05 9.65 -2.72 -.36 .09
1.24 .03 10.08 .55 .13 -.02
1.24 .03 10.08 -1.02 -.07 .05
1.36 .43 9.94 1.19 -.02 -.16
1.36 .43 9.94 .55 .13 -.02
1.11 1.13 11.38 1.19 -.02 -.16
1.11 1.13 11.38 1.00 -.32 -.27
1.02 1.57 11.59 1.00 -.32 -.27
1.02 1.57 11.59 .00 -.63 -.37
.82 1.85 10.41 .00 -.63 -.37
.82 1.85 10.41 -1.26 -.93 -.56
.95 1.12 8.75 -1.26 -.93 -.56
.95 1.12 8.75 -1.66 -1.14 -.75
-.27 1.02 9.29 -1.66 -1.14 -.75
-.27 1.02 9.29 -1.23 -1.31 -.85
-.55 -.05 9.55 -.97 -1.40 -1.06
-.55 -.05 9.55 -1.23 -1.31 -.85
-.38 -.93 9.73 -.82 -1.39 -1.23
