-.38 -.93 9.73 -.97 -1.40 -1.06
13.72 12.05 -9.31 -1.90 1.39 .97
13.72 12.05 -9.31 -2.48 1.96 1.44
17.08 15.40 -17.09 -2.48 1.96 1.44
17.08 15.40 -17.09 -3.95 2.66 2.14
13.96 7.99 -17.01 -3.95 2.66 2.14
13.96 7.99 -17.01 -1.89 4.89 3.73
1.66 12.72 -13.23 -1.89 4.89 3.73
1.66 12.72 -13.23 2.58 8.56 5.40
-13.52 4.04 -8.22 2.58 8.56 5.40
-13.52 4.04 -8.22 5.55 12.72 5.73
-52.28 6.94 16.43 5.55 12.72 5.73
-52.28 6.94 16.43 7.34 13.52 5.25
-59.93 23.73 46.09 7.34 13.52 5.25
-59.93 23.73 46.09 10.81 11.63 4.79
-29.28 -10.86 23.74 10.81 11.63 4.79
-29.28 -10.86 23.74 -.18 2.31 3.28
14.15 -4.19 16.34 -.18 2.31 3.28
14.15 -4.19 16.34 -16.02 -2.01 -1.51
-7.97 .99 24.70 -16.02 -2.01 -1.51
-7.97 .99 24.70 -7.43 -3.43 .31
5.72 -4.64 -4.11 -7.43 -3.43 .31
5.72 -4.64 -4.11 3.28 -.09 -.41
-.27 .28 5.98 3.28 -.09 -.41
-.27 .28 5.98 6.31 .68 -.52
-.59 4.48 15.15 6.31 .68 -.52
-.59 4.48 15.15 4.76 .22 -.51
.41 5.64 11.74 4.76 .22 -.51
.41 5.64 11.74 -.04 -.16 -.45
.55 2.86 10.64 -.04 -.16 -.45
.55 2.86 10.64 -2.59 -.35 -.20
.09 2.23 10.80 -2.59 -.35 -.20
.09 2.23 10.80 -2.61 -.46 .03
.47 .30 9.85 -2.61 -.46 .03
.47 .30 9.85 -1.45 -.41 -.01
1.24 .38 9.03 -1.45 -.41 -.01
1.24 .38 9.03 .47 -.25 -.03
1.15 .83 9.75 .47 -.25 -.03
1.15 .83 9.75 1.37 -.22 -.16
1.52 1.45 10.32 1.37 -.22 -.16
1.52 1.45 10.32 1.13 -.36 -.17
1.61 1.99 10.40 1.13 -.36 -.17
1.61 1.99 10.40 .12 -.51 -.24
1.72 1.04 9.64 .12 -.51 -.24
1.72 1.04 9.64 -.53 -.62 -.31
.99 1.18 9.59 -.53 -.62 -.31
.99 1.18 9.59 -.36 -.68 -.37
.24 .56 9.46 -.36 -.68 -.37
.24 .56 9.46 .10 -.76 -.54
