-.64 .70 8.74 .10 -.76 -.54
-.64 .70 8.74 .40 -.90 -.72
3.16 6.52 -2.54 -1.26 4.07 2.78
3.16 6.52 -2.54 -.30 6.19 4.21
-7.60 3.01 1.13 .44 8.32 5.00
-7.60 3.01 1.13 -.30 6.19 4.21
-24.10 -.71 7.16 3.15 9.35 5.24
-24.10 -.71 7.16 .44 8.32 5.00
-39.60 4.75 23.31 7.19 9.16 6.37
-39.60 4.75 23.31 3.15 9.35 5.24
-34.55 9.13 26.86 7.19 9.16 6.37
-34.55 9.13 26.86 8.25 6.09 5.97
-7.50 -11.31 18.91 -1.64 1.33 2.06
-7.50 -11.31 18.91 8.25 6.09 5.97
8.32 -1.26 16.14 -1.64 1.33 2.06
8.32 -1.26 16.14 -11.36 -.93 -1.96
-8.22 -1.49 14.94 -9.09 -2.17 -2.13
-8.22 -1.49 14.94 -11.36 -.93 -1.96
-.07 -1.32 2.23 -2.73 -1.41 -1.17
-.07 -1.32 2.23 -9.09 -2.17 -2.13
-1.26 -.85 2.62 4.41 .03 -.81
-1.26 -.85 2.62 -2.73 -1.41 -1.17
-.68 .65 8.20 6.22 .26 -.71
-.68 .65 8.20 4.41 .03 -.81
.38 3.69 12.72 4.69 .29 -.59
.38 3.69 12.72 6.22 .26 -.71
.33 5.14 12.42 .81 .10 -.51
.33 5.14 12.42 4.69 .29 -.59
.74 4.37 11.39 -1.51 -.02 -.32
.74 4.37 11.39 .81 .10 -.51
.50 2.79 11.14 -2.35 -.26 .03
.50 2.79 11.14 -1.51 -.02 -.32
1.69 1.42 10.82 -2.29 -.44 .08
1.69 1.42 10.82 -2.35 -.26 .03
1.90 .30 10.31 -1.46 -.32 .10
1.90 .30 10.31 -2.29 -.44 .08
1.38 -.85 9.27 -.18 -.25 .04
1.38 -.85 9.27 -1.46 -.32 .10
1.39 -.92 9.66 .52 -.30 -.12
1.39 -.92 9.66 -.18 -.25 .04
1.32 -.50 10.60 .65 -.40 -.35
1.32 -.50 10.60 .52 -.30 -.12
1.13 -.43 10.84 .19 -.55 -.61
1.13 -.43 10.84 .65 -.40 -.35
.05 -.35 10.84 -.35 -.67 -.83
.05 -.35 10.84 .19 -.55 -.61
-.42 -.30 8.94 -.85 -.84 -1.03
-.42 -.30 8.94 -.35 -.67 -.83
1.15 -1.71 7.52 -.63 -.87 -1.28
1.15 -1.71 7.52 -.85 -.84 -1.03
.76 -.76 9.14 .28 -.80 -1.19
