.76 -.76 9.14 -.63 -.87 -1.28
-.67 1.24 .54 -1.88 5.19 3.74
-.67 1.24 .54 -.11 6.73 4.42
-12.47 2.23 3.20 -.11 6.73 4.42
-12.47 2.23 3.20 2.37 8.13 5.43
-29.89 -.64 13.48 2.37 8.13 5.43
-29.89 -.64 13.48 6.14 9.07 6.02
-37.99 11.66 24.02 11.16 8.13 7.15
-37.99 11.66 24.02 6.14 9.07 6.02
-26.62 .41 23.99 11.16 8.13 7.15
-26.62 .41 23.99 6.12 3.77 4.81
6.78 -6.27 15.69 6.12 3.77 4.81
6.78 -6.27 15.69 -10.43 -.34 -.44
1.03 -9.49 10.87 -10.43 -.34 -.44
1.03 -9.49 10.87 -13.62 -2.01 -3.43
-4.00 7.90 5.30 -4.70 -2.16 -.57
-4.00 7.90 5.30 -13.62 -2.01 -3.43
1.78 -2.70 .70 3.48 .25 -.77
1.78 -2.70 .70 -4.70 -2.16 -.57
-1.93 1.56 7.27 7.33 1.02 -.25
-1.93 1.56 7.27 3.48 .25 -.77
-.93 5.94 13.19 7.33 1.02 -.25
-.93 5.94 13.19 5.28 .69 -.12
-.13 5.18 12.53 .30 .28 -.15
-.13 5.18 12.53 5.28 .69 -.12
.04 3.80 11.65 -2.58 -.06 -.21
.04 3.80 11.65 .30 .28 -.15
.06 1.53 11.04 -3.13 -.31 .03
.06 1.53 11.04 -2.58 -.06 -.21
1.11 -.47 9.95 -2.25 -.33 .09
1.11 -.47 9.95 -3.13 -.31 .03
1.89 -1.21 9.95 -.42 -.04 .05
1.89 -1.21 9.95 -2.25 -.33 .09
1.22 -.56 10.02 -.42 -.04 .05
1.22 -.56 10.02 1.07 .14 .08
1.32 -.15 10.25 1.07 .14 .08
1.32 -.15 10.25 1.54 .09 -.01
1.57 .57 11.02 1.54 .09 -.01
1.57 .57 11.02 1.14 .00 -.04
1.47 1.30 11.45 1.14 .00 -.04
1.47 1.30 11.45 .08 -.11 -.08
1.15 .65 10.85 -.67 -.21 -.13
1.15 .65 10.85 .08 -.11 -.08
.97 .35 10.34 -.73 -.26 -.16
.97 .35 10.34 -.67 -.21 -.13
.83 -.02 9.86 -.53 -.27 -.23
.83 -.02 9.86 -.73 -.26 -.16
.76 .24 9.75 -.53 -.27 -.23
.76 .24 9.75 -.12 -.27 -.26
.73 .31 9.83 .05 -.31 -.34
