.73 .31 9.83 -.12 -.27 -.26
3.93 6.71 -1.53 -1.55 4.31 3.50
3.93 6.71 -1.53 -2.02 6.06 4.90
-6.45 1.24 -.15 -2.02 6.06 4.90
-6.45 1.24 -.15 -1.13 7.74 5.96
-21.00 .21 4.43 1.85 8.89 6.62
-21.00 .21 4.43 -1.13 7.74 5.96
-39.86 -2.36 19.34 7.47 9.64 7.26
-39.86 -2.36 19.34 1.85 8.89 6.62
-40.85 8.82 25.65 12.72 7.96 7.61
-40.85 8.82 25.65 7.47 9.64 7.26
-13.58 -8.85 26.54 .45 2.36 2.67
-13.58 -8.85 26.54 12.72 7.96 7.61
11.91 -9.07 16.55 -11.89 -1.03 -2.83
11.91 -9.07 16.55 .45 2.36 2.67
-11.30 -3.44 16.97 -10.24 -2.95 -2.82
-11.30 -3.44 16.97 -11.89 -1.03 -2.83
1.97 5.03 3.13 -3.44 -2.43 -1.37
1.97 5.03 3.13 -10.24 -2.95 -2.82
-1.55 -.46 3.69 3.74 .09 -.69
-1.55 -.46 3.69 -3.44 -2.43 -1.37
-.23 .15 6.74 6.12 .90 -.77
-.23 .15 6.74 3.74 .09 -.69
-.93 3.48 11.20 5.17 .83 -.18
-.93 3.48 11.20 6.12 .90 -.77
-.90 5.31 11.92 2.10 .46 -.24
-.90 5.31 11.92 5.17 .83 -.18
-.11 5.04 11.78 -.69 .07 -.16
-.11 5.04 11.78 2.10 .46 -.24
.26 3.13 11.25 -2.30 -.18 .06
.26 3.13 11.25 -.69 .07 -.16
.81 1.65 10.17 -2.83 -.31 .11
.81 1.65 10.17 -2.30 -.18 .06
1.69 .27 10.07 -2.09 -.24 .09
1.69 .27 10.07 -2.83 -.31 .11
1.48 -.51 9.36 -.58 -.07 .13
1.48 -.51 9.36 -2.09 -.24 .09
1.54 .00 9.60 .77 .03 .12
1.54 .00 9.60 -.58 -.07 .13
1.45 .26 10.21 1.27 .06 .08
1.45 .26 10.21 .77 .03 .12
1.36 .62 10.59 1.05 .03 .06
1.36 .62 10.59 1.27 .06 .08
1.26 .92 10.41 .38 -.05 .02
1.26 .92 10.41 1.05 .03 .06
.94 1.19 10.06 -.21 -.16 .00
.94 1.19 10.06 .38 -.05 .02
.98 .55 9.53 -.62 -.27 -.09
.98 .55 9.53 -.21 -.16 .00
1.29 .35 9.69 -.53 -.27 -.12
