1.29 .35 9.69 -.62 -.27 -.09
9.44 5.89 .03 -1.67 4.46 3.25
9.44 5.89 .03 -1.22 6.42 4.19
-2.47 4.79 .35 .46 8.22 6.20
-2.47 4.79 .35 -1.22 6.42 4.19
-29.87 -2.32 8.35 3.83 9.13 6.73
-29.87 -2.32 8.35 .46 8.22 6.20
-48.30 4.58 29.88 3.83 9.13 6.73
-48.30 4.58 29.88 10.13 8.82 8.80
-35.34 6.10 22.85 7.63 4.00 5.43
-35.34 6.10 22.85 10.13 8.82 8.80
-3.25 -10.40 12.06 7.63 4.00 5.43
-3.25 -10.40 12.06 -7.13 -1.73 .57
10.63 -4.97 14.56 -7.13 -1.73 .57
10.63 -4.97 14.56 -15.60 -2.62 -2.97
-5.89 -5.42 8.02 -5.62 -.88 -1.40
-5.89 -5.42 8.02 -15.60 -2.62 -2.97
-3.63 -1.18 1.02 4.09 -.83 -.98
-3.63 -1.18 1.02 -5.62 -.88 -1.40
.90 -.39 4.34 7.77 .09 -.58
.90 -.39 4.34 4.09 -.83 -.98
-1.41 6.17 11.80 5.23 .28 -.86
-1.41 6.17 11.80 7.77 .09 -.58
-1.60 4.97 10.44 -.16 -.14 -.43
-1.60 4.97 10.44 5.23 .28 -.86
.47 4.31 9.86 -2.49 -.38 -.35
.47 4.31 9.86 -.16 -.14 -.43
.42 1.44 9.18 -2.64 -.46 .01
.42 1.44 9.18 -2.49 -.38 -.35
1.30 .47 9.15 -1.83 -.40 .06
1.30 .47 9.15 -2.64 -.46 .01
1.94 -.61 9.16 -.37 -.14 .00
1.94 -.61 9.16 -1.83 -.40 .06
1.58 .30 9.61 .71 .00 .02
1.58 .30 9.61 -.37 -.14 .00
1.47 .79 9.75 .97 -.02 -.09
1.47 .79 9.75 .71 .00 .02
1.60 1.32 10.23 .51 -.14 -.13
1.60 1.32 10.23 .97 -.02 -.09
1.66 1.05 10.35 -.18 -.29 -.21
1.66 1.05 10.35 .51 -.14 -.13
1.28 .84 10.32 -.61 -.39 -.28
1.28 .84 10.32 -.18 -.29 -.21
.93 .47 9.60 -.74 -.50 -.39
.93 .47 9.60 -.61 -.39 -.28
1.37 .37 9.47 -.52 -.55 -.51
1.37 .37 9.47 -.74 -.50 -.39
.96 -.11 9.46 -.32 -.55 -.57
