3.95 .00 9.40 .17 -.42 -.44
13.25 21.75 -19.17 -1.02 .77 .64
13.25 21.75 -19.17 -3.68 .99 .90
16.59 21.17 -22.17 -3.68 .99 .90
16.59 21.17 -22.17 -4.70 1.84 .79
8.03 12.99 -10.20 -4.70 1.84 .79
8.03 12.99 -10.20 .10 4.49 3.27
8.31 18.37 -9.82 .10 4.49 3.27
8.31 18.37 -9.82 .56 7.36 6.03
12.83 6.02 -4.79 .56 7.36 6.03
12.83 6.02 -4.79 .52 10.46 7.40
-28.54 .10 14.89 .52 10.46 7.40
-28.54 .10 14.89 2.16 11.33 6.89
-60.88 -24.64 40.59 2.16 11.33 6.89
-60.88 -24.64 40.59 2.52 7.54 5.02
-25.62 -10.74 35.32 2.52 7.54 5.02
-25.62 -10.74 35.32 1.91 2.26 1.92
-10.46 -8.74 17.63 1.91 2.26 1.92
-10.46 -8.74 17.63 .00 -.92 .93
4.33 -6.01 8.53 .00 -.92 .93
4.33 -6.01 8.53 -2.66 -1.00 -.97
3.25 .54 3.91 -2.66 -1.00 -.97
3.25 .54 3.91 -.27 -.08 -.72
3.23 1.98 5.86 -.27 -.08 -.72
3.23 1.98 5.86 2.68 .66 -.15
2.46 2.66 9.10 2.68 .66 -.15
2.46 2.66 9.10 2.15 .67 -.15
1.57 1.77 11.34 2.15 .67 -.15
1.57 1.77 11.34 .69 .34 -.11
1.79 1.33 11.10 .69 .34 -.11
1.79 1.33 11.10 -.34 -.02 .03
2.26 .21 9.94 -.34 -.02 .03
2.26 .21 9.94 -.47 -.20 .12
2.45 .00 9.79 -.47 -.20 .12
2.45 .00 9.79 -.12 -.18 .13
3.01 -.07 9.81 -.12 -.18 .13
3.01 -.07 9.81 .05 -.17 .08
4.02 .41 9.71 .05 -.17 .08
4.02 .41 9.71 -.01 -.16 .06
4.78 .38 9.92 -.01 -.16 .06
4.78 .38 9.92 -.25 -.13 .02
4.43 .52 10.23 -.25 -.13 .02
4.43 .52 10.23 -.26 -.09 .01
4.14 .48 9.87 -.26 -.09 .01
4.14 .48 9.87 -.16 -.10 .00
3.88 .75 9.92 -.16 -.10 .00
3.88 .75 9.92 -.02 -.12 .00
3.15 .79 10.25 -.02 -.12 .00
3.15 .79 10.25 -.04 -.15 .02
3.16 .74 9.42 -.04 -.15 .02
