.96 -.11 9.46 -.52 -.55 -.51
.57 -.08 9.75 -.10 -.61 -.66
.57 -.08 9.75 -.32 -.55 -.57
-.78 2.47 1.29 -2.35 5.43 4.01
-.78 2.47 1.29 -1.63 7.44 4.99
-11.94 .95 5.94 .51 9.03 5.78
-11.94 .95 5.94 -1.63 7.44 4.99
-26.59 -2.49 9.06 3.19 9.66 6.07
-26.59 -2.49 9.06 .51 9.03 5.78
-39.33 2.20 24.46 8.79 9.59 6.02
-39.33 2.20 24.46 3.19 9.66 6.07
-27.88 4.47 25.03 9.28 6.60 5.41
-27.88 4.47 25.03 8.79 9.59 6.02
.13 -12.27 23.89 -3.83 1.92 1.64
.13 -12.27 23.89 9.28 6.60 5.41
-3.48 -.95 18.18 -11.12 -1.51 -1.43
-3.48 -.95 18.18 -3.83 1.92 1.64
-1.60 -.61 13.17 -8.15 -3.15 -1.98
-1.60 -.61 13.17 -11.12 -1.51 -1.43
-1.50 -1.97 4.77 -8.15 -3.15 -1.98
-1.50 -1.97 4.77 -1.18 -1.60 -1.22
-.30 -1.38 4.08 4.63 .34 -1.11
-.30 -1.38 4.08 -1.18 -1.60 -1.22
-.18 2.64 9.92 4.68 .46 -.88
-.18 2.64 9.92 4.63 .34 -1.11
.45 4.72 11.42 2.59 .18 -.57
.45 4.72 11.42 4.68 .46 -.88
1.11 5.18 11.80 .04 -.11 -.39
1.11 5.18 11.80 2.59 .18 -.57
1.18 4.14 11.42 -1.82 -.36 -.05
1.18 4.14 11.42 .04 -.11 -.39
1.61 2.62 10.36 -2.50 -.46 .10
1.61 2.62 10.36 -1.82 -.36 -.05
2.04 1.41 9.71 -2.50 -.46 .10
1.84 .69 9.51 -2.22 -.45 .11
2.04 1.41 9.71 -2.22 -.45 .11
1.84 .69 9.51 -1.29 -.34 .07
1.62 .11 9.53 -1.29 -.34 .07
1.62 .11 9.53 -.29 -.27 .01
1.37 .22 9.48 -.29 -.27 .01
1.37 .22 9.48 .14 -.26 -.06
1.57 .00 9.70 .14 -.26 -.06
1.57 .00 9.70 .10 -.32 -.19
.79 .12 10.97 .10 -.32 -.19
.79 .12 10.97 -.08 -.45 -.33
-.02 .22 11.29 -.55 -.67 -.53
-.02 .22 11.29 -.08 -.45 -.33
-.50 .22 10.64 -1.24 -.89 -.92
-.50 .22 10.64 -.55 -.67 -.53
.01 -1.07 9.88 -1.56 -1.02 -1.35
.01 -1.07 9.88 -1.24 -.89 -.92
-.03 -1.15 9.66 -1.12 -.93 -1.27
