-.03 -1.15 9.66 -1.56 -1.02 -1.35
14.24 15.98 -10.66 -.07 2.68 2.27
14.24 15.98 -10.66 -2.01 3.47 3.33
9.25 11.24 -9.60 -1.33 5.56 5.18
9.25 11.24 -9.60 -2.01 3.47 3.33
-1.85 6.38 .89 -.29 8.52 7.11
-1.85 6.38 .89 -1.33 5.56 5.18
-20.62 -6.51 20.48 .39 9.26 7.19
-20.62 -6.51 20.48 -.29 8.52 7.11
-49.68 -15.03 32.41 7.96 6.87 7.34
-49.68 -15.03 32.41 .39 9.26 7.19
-25.89 -3.29 17.26 7.96 6.87 7.34
-25.89 -3.29 17.26 5.24 .86 4.21
4.97 -9.23 16.10 -7.99 -1.70 -.48
4.97 -9.23 16.10 5.24 .86 4.21
8.25 -13.15 10.18 -10.05 -2.10 -3.29
8.25 -13.15 10.18 -7.99 -1.70 -.48
-4.17 -1.74 3.20 -1.69 -.35 -1.66
-4.17 -1.74 3.20 -10.05 -2.10 -3.29
.18 -4.58 .05 5.54 .62 -1.77
.18 -4.58 .05 -1.69 -.35 -1.66
-1.98 3.41 7.27 8.32 .72 -1.00
-1.98 3.41 7.27 5.54 .62 -1.77
-.13 8.75 12.77 4.54 .45 -.85
-.13 8.75 12.77 8.32 .72 -1.00
1.83 4.53 11.28 .13 .32 -.55
1.83 4.53 11.28 4.54 .45 -.85
.32 4.43 11.24 -1.65 .14 .05
.32 4.43 11.24 .13 .32 -.55
.15 2.19 10.73 -1.65 .14 .05
.15 2.19 10.73 -2.17 -.14 .22
1.14 .21 10.71 -1.69 -.22 .16
1.14 .21 10.71 -2.17 -.14 .22
1.40 -.27 10.73 -.68 -.08 .18
1.40 -.27 10.73 -1.69 -.22 .16
1.18 -.63 11.07 .05 -.01 .11
1.18 -.63 11.07 -.68 -.08 .18
1.19 -.67 10.83 .10 -.10 .00
1.19 -.67 10.83 .05 -.01 .11
1.29 -.57 10.45 -.09 -.22 -.11
1.29 -.57 10.45 .10 -.10 .00
.99 -.79 10.88 -.32 -.35 -.23
.99 -.79 10.88 -.09 -.22 -.11
.55 -.92 10.71 -.45 -.48 -.38
.55 -.92 10.71 -.32 -.35 -.23
.61 -.50 10.57 -.52 -.57 -.55
.61 -.50 10.57 -.45 -.48 -.38
.62 -1.28 10.27 -.39 -.61 -.73
.62 -1.28 10.27 -.52 -.57 -.55
.23 -1.26 10.05 -.12 -.64 -.77
