.23 -1.26 10.05 -.39 -.61 -.73
15.81 15.27 -13.34 -.52 .98 1.29
15.81 15.27 -13.34 -1.51 1.70 1.99
15.19 16.34 -15.72 -2.39 2.72 2.70
15.19 16.34 -15.72 -1.51 1.70 1.99
10.02 9.52 -9.38 -1.32 6.33 5.30
10.02 9.52 -9.38 -2.39 2.72 2.70
-5.73 2.00 -1.75 -.54 8.92 6.68
-5.73 2.00 -1.75 -1.32 6.33 5.30
-23.06 -8.19 1.69 3.79 11.13 7.75
-23.06 -8.19 1.69 -.54 8.92 6.68
-58.57 4.34 21.04 15.09 11.70 8.15
-58.57 4.34 21.04 3.79 11.13 7.75
-43.55 18.38 37.75 17.17 6.70 5.83
-43.55 18.38 37.75 15.09 11.70 8.15
7.56 -23.49 24.19 -8.01 .60 -.22
7.56 -23.49 24.19 17.17 6.70 5.83
-9.10 3.76 24.01 -12.62 -2.66 -2.88
-9.10 3.76 24.01 -8.01 .60 -.22
.80 -.41 7.95 -9.79 -3.44 -2.16
.80 -.41 7.95 -12.62 -2.66 -2.88
-1.89 -4.66 -2.00 1.00 -.83 -1.26
-1.89 -4.66 -2.00 -9.79 -3.44 -2.16
-.05 -.35 2.32 6.68 .29 -1.59
-.05 -.35 2.32 1.00 -.83 -1.26
-1.47 4.67 9.65 5.85 .25 -1.54
-1.47 4.67 9.65 6.68 .29 -1.59
-.09 5.82 12.02 2.16 .11 -1.23
-.09 5.82 12.02 5.85 .25 -1.54
.22 7.43 12.07 -.24 -.05 -.86
.22 7.43 12.07 2.16 .11 -1.23
1.14 6.34 11.61 -2.22 -.28 -.50
1.14 6.34 11.61 -.24 -.05 -.86
1.40 4.41 11.51 -2.84 -.46 -.22
1.40 4.41 11.51 -2.22 -.28 -.50
1.75 2.60 10.79 -2.56 -.51 -.13
1.75 2.60 10.79 -2.84 -.46 -.22
1.59 1.92 10.36 -1.47 -.47 -.06
1.59 1.92 10.36 -2.56 -.51 -.13
1.73 1.16 9.61 -.43 -.46 -.11
1.73 1.16 9.61 -1.47 -.47 -.06
1.26 .88 10.07 .17 -.53 -.23
1.26 .88 10.07 -.43 -.46 -.11
1.28 1.17 10.51 .18 -.68 -.37
1.28 1.17 10.51 .17 -.53 -.23
1.32 1.23 10.42 -.24 -.75 -.48
1.32 1.23 10.42 .18 -.68 -.37
1.76 1.01 9.61 -.62 -.80 -.50
1.76 1.01 9.61 -.24 -.75 -.48
1.41 .92 9.63 -.59 -.84 -.48
