1.41 .92 9.63 -.62 -.80 -.50
5.07 7.74 -4.78 -.92 4.95 3.75
5.07 7.74 -4.78 -.27 6.68 4.92
-6.63 1.35 1.95 -.04 8.75 5.73
-6.63 1.35 1.95 -.27 6.68 4.92
-26.68 -5.35 8.60 -.04 8.75 5.73
-26.68 -5.35 8.60 .74 9.88 6.19
-47.78 -5.64 24.92 .74 9.88 6.19
-47.78 -5.64 24.92 6.31 10.10 6.59
-37.22 3.95 36.71 6.31 10.10 6.59
-37.22 3.95 36.71 10.09 6.09 5.50
.09 -16.51 21.55 -3.38 .17 1.07
.09 -16.51 21.55 10.09 6.09 5.50
.10 -6.23 20.11 -3.38 .17 1.07
.10 -6.23 20.11 -9.56 -2.94 -3.55
-1.37 5.45 8.73 -9.56 -2.94 -3.55
-1.37 5.45 8.73 -5.53 -2.90 -2.42
.33 .42 1.05 -5.53 -2.90 -2.42
.33 .42 1.05 3.26 -.47 -1.49
-.20 2.89 5.61 6.21 .23 -1.30
-.20 2.89 5.61 3.26 -.47 -1.49
-.73 4.94 12.15 6.21 .23 -1.30
-.73 4.94 12.15 3.94 -.06 -1.21
-.06 5.46 11.75 .33 -.31 -.83
-.06 5.46 11.75 3.94 -.06 -1.21
.67 5.46 10.24 -1.77 -.49 -.43
.67 5.46 10.24 .33 -.31 -.83
.86 3.75 10.58 -2.17 -.48 -.09
.86 3.75 10.58 -1.77 -.49 -.43
1.56 2.21 9.85 -1.71 -.40 .03
1.56 2.21 9.85 -2.17 -.48 -.09
1.17 1.36 9.99 -.87 -.28 .00
1.17 1.36 9.99 -1.71 -.40 .03
1.37 1.15 9.12 -.87 -.28 .00
1.37 1.15 9.12 -.31 -.35 -.09
.89 1.32 9.77 -.31 -.35 -.09
.89 1.32 9.77 -.03 -.42 -.27
.95 1.22 9.95 -.03 -.42 -.27
.95 1.22 9.95 -.15 -.57 -.35
.21 .92 10.17 -.47 -.72 -.42
.21 .92 10.17 -.15 -.57 -.35
.05 .47 9.74 -.89 -.92 -.60
.05 .47 9.74 -.47 -.72 -.42
-.03 .43 9.44 -1.21 -1.05 -.84
-.03 .43 9.44 -.89 -.92 -.60
-.42 -.05 9.24 -1.31 -1.15 -1.02
-.42 -.05 9.24 -1.21 -1.05 -.84
-.33 -.88 8.83 -1.24 -1.19 -1.22
-.33 -.88 8.83 -1.31 -1.15 -1.02
.45 -1.24 7.98 -1.08 -1.15 -1.40
