.45 -1.24 7.98 -1.24 -1.19 -1.22
4.65 3.76 2.39 .08 3.42 2.84
4.65 3.76 2.39 -.04 4.79 3.62
-2.60 -.02 3.69 .39 6.21 4.35
-2.60 -.02 3.69 -.04 4.79 3.62
-11.85 .29 3.91 .39 6.21 4.35
-11.85 .29 3.91 1.97 7.28 4.95
-24.30 1.18 12.02 5.18 7.84 5.32
-24.30 1.18 12.02 1.97 7.28 4.95
-31.60 7.01 21.82 5.18 7.84 5.32
-31.60 7.01 21.82 9.05 7.19 5.82
-18.63 -.48 18.31 5.63 4.48 4.52
-18.63 -.48 18.31 9.05 7.19 5.82
2.80 -6.95 21.82 -5.24 1.50 .87
2.80 -6.95 21.82 5.63 4.48 4.52
-4.64 2.20 14.20 -11.61 -1.14 -1.37
-4.64 2.20 14.20 -5.24 1.50 .87
-2.48 -1.38 9.85 -9.56 -2.59 -1.81
-2.48 -1.38 9.85 -11.61 -1.14 -1.37
-.38 -1.72 3.25 -1.60 -1.19 -.90
-.38 -1.72 3.25 -9.56 -2.59 -1.81
-1.31 -.22 4.92 4.09 .08 -.54
-1.31 -.22 4.92 -1.60 -1.19 -.90
-.44 .51 8.48 5.77 .40 -.64
-.44 .51 8.48 4.09 .08 -.54
-.65 3.43 12.36 4.46 .22 -.53
-.65 3.43 12.36 5.77 .40 -.64
-.66 4.30 12.30 1.40 -.11 -.52
-.66 4.30 12.30 4.46 .22 -.53
-.04 4.65 11.25 -1.06 -.42 -.36
-.04 4.65 11.25 1.40 -.11 -.52
.61 2.67 10.87 -2.34 -.64 -.22
.61 2.67 10.87 -1.06 -.42 -.36
1.50 1.49 10.10 -2.59 -.70 -.12
1.50 1.49 10.10 -2.34 -.64 -.22
2.14 .44 9.50 -1.69 -.52 -.11
2.14 .44 9.50 -2.59 -.70 -.12
1.92 .00 9.39 -.27 -.30 -.08
1.92 .00 9.39 -1.69 -.52 -.11
1.82 .17 9.60 .86 -.18 -.04
1.82 .17 9.60 -.27 -.30 -.08
1.43 .21 10.12 1.07 -.22 -.13
1.43 .21 10.12 .86 -.18 -.04
1.19 .62 10.27 .59 -.38 -.27
1.19 .62 10.27 1.07 -.22 -.13
1.60 .64 9.80 -.20 -.55 -.45
1.60 .64 9.80 .59 -.38 -.27
.72 .44 9.73 -.43 -.79 -.55
.72 .44 9.73 -.20 -.55 -.45
.61 .43 9.35 -.43 -.90 -.69
