.61 .43 9.35 -.43 -.79 -.55
12.43 11.91 -4.48 1.10 1.41 1.96
12.43 11.91 -4.48 -.87 1.73 2.62
13.31 10.02 -8.20 -3.37 2.37 3.05
13.31 10.02 -8.20 -.87 1.73 2.62
8.85 7.77 -6.93 -3.68 4.04 4.50
8.85 7.77 -6.93 -3.37 2.37 3.05
-2.15 1.84 .56 -.63 6.80 6.31
-2.15 1.84 .56 -3.68 4.04 4.50
-17.15 -2.36 9.89 4.79 9.07 7.26
-17.15 -2.36 9.89 -.63 6.80 6.31
-38.80 1.70 15.68 8.42 9.30 7.61
-38.80 1.70 15.68 4.79 9.07 7.26
-45.72 6.48 31.94 10.43 7.28 7.48
-45.72 6.48 31.94 8.42 9.30 7.61
-10.88 -14.54 24.08 -2.17 2.05 3.21
-10.88 -14.54 24.08 10.43 7.28 7.48
10.71 -10.44 12.28 -15.99 -2.01 -1.39
10.71 -10.44 12.28 -2.17 2.05 3.21
-7.68 -5.00 16.89 -10.52 -3.25 -2.37
-7.68 -5.00 16.89 -15.99 -2.01 -1.39
4.33 -3.93 .08 -.30 -.92 -1.13
4.33 -3.93 .08 -10.52 -3.25 -2.37
-.98 -2.72 -.05 7.37 .94 -.84
-.98 -2.72 -.05 -.30 -.92 -1.13
-.36 -1.00 7.26 8.10 .99 -1.23
-.36 -1.00 7.26 7.37 .94 -.84
.18 4.45 13.95 5.42 .53 -.71
.18 4.45 13.95 8.10 .99 -1.23
1.10 2.23 11.90 5.42 .53 -.71
1.10 2.23 11.90 .83 .10 -.62
1.29 2.35 10.54 -1.78 -.20 -.28
1.29 2.35 10.54 .83 .10 -.62
1.70 .77 10.71 -2.89 -.51 -.23
1.70 .77 10.71 -1.78 -.20 -.28
2.89 .03 10.55 -2.49 -.54 -.16
2.89 .03 10.55 -2.89 -.51 -.23
2.92 -1.03 9.80 -1.40 -.40 -.07
2.92 -1.03 9.80 -2.49 -.54 -.16
3.50 -1.69 8.74 .41 -.06 -.07
3.50 -1.69 8.74 -1.40 -.40 -.07
2.90 -1.03 9.64 .94 .04 -.06
2.90 -1.03 9.64 .41 -.06 -.07
2.38 -.67 10.18 1.04 .02 -.02
2.38 -.67 10.18 .94 .04 -.06
2.27 -.44 10.23 .64 -.07 -.08
2.27 -.44 10.23 1.04 .02 -.02
1.86 -.41 10.39 .10 -.19 -.18
1.86 -.41 10.39 .64 -.07 -.08
1.48 -.44 9.59 -.17 -.27 -.20
