1.48 -.44 9.59 .10 -.19 -.18
3.94 4.92 .64 -.67 3.93 4.06
3.94 4.92 .64 .12 5.80 5.38
-8.02 1.35 3.76 .99 7.63 6.31
-8.02 1.35 3.76 .12 5.80 5.38
-22.64 -1.91 5.06 2.14 8.51 6.86
-22.64 -1.91 5.06 .99 7.63 6.31
-42.12 .12 22.50 7.44 8.94 7.65
-42.12 .12 22.50 2.14 8.51 6.86
-38.19 4.67 25.75 10.09 6.85 7.41
-38.19 4.67 25.75 7.44 8.94 7.65
-4.15 -19.24 21.63 -1.72 1.76 2.38
-4.15 -19.24 21.63 10.09 6.85 7.41
6.32 -4.06 19.53 -9.74 -1.27 -3.00
6.32 -4.06 19.53 -1.72 1.76 2.38
-5.36 -3.37 14.80 -8.71 -3.75 -2.84
-5.36 -3.37 14.80 -9.74 -1.27 -3.00
.02 .21 5.95 -.32 -1.30 -1.88
.02 .21 5.95 -8.71 -3.75 -2.84
.02 -1.02 4.33 4.21 -.06 -1.59
.02 -1.02 4.33 -.32 -1.30 -1.88
.77 .55 6.70 5.77 .46 -1.38
.77 .55 6.70 4.21 -.06 -1.59
1.00 2.39 10.57 5.23 .48 -.79
1.00 2.39 10.57 5.77 .46 -1.38
1.17 3.57 12.06 3.20 .31 -.59
1.17 3.57 12.06 5.23 .48 -.79
.67 3.89 11.56 .96 .04 -.30
.67 3.89 11.56 3.20 .31 -.59
1.09 3.18 10.87 .96 .04 -.30
1.09 3.18 10.87 -.75 -.25 -.05
2.34 1.82 10.04 -.75 -.25 -.05
2.34 1.82 10.04 -1.72 -.51 .01
2.48 .95 9.78 -1.72 -.51 .01
2.48 .95 9.78 -1.85 -.58 .00
2.80 .97 9.30 -1.48 -.56 .00
2.80 .97 9.30 -1.85 -.58 .00
3.55 .37 8.58 -.78 -.42 -.01
3.55 .37 8.58 -1.48 -.56 .00
3.78 .18 8.77 .12 -.23 .00
3.78 .18 8.77 -.78 -.42 -.01
3.09 .48 9.54 .65 -.14 .02
3.09 .48 9.54 .12 -.23 .00
3.00 .48 9.62 .68 -.14 .03
3.00 .48 9.62 .65 -.14 .02
3.09 .41 9.46 .31 -.20 .00
3.09 .41 9.46 .68 -.14 .03
3.00 .31 9.16 .05 -.21 -.04
3.00 .31 9.16 .31 -.20 .00
