2.15 .42 9.76 .00 -.26 -.03
2.15 .42 9.76 .05 -.21 -.04
14.23 8.12 -5.68 -1.21 3.17 3.15
14.23 8.12 -5.68 -1.45 4.65 4.25
7.00 3.43 -1.57 -1.45 4.65 4.25
7.00 3.43 -1.57 -2.23 6.59 5.35
-9.19 -.41 4.91 -2.23 6.59 5.35
-9.19 -.41 4.91 -1.10 8.41 6.53
-31.63 -4.24 11.20 -1.10 8.41 6.53
-31.63 -4.24 11.20 3.81 9.57 7.72
-49.60 4.30 24.13 12.75 9.57 9.67
-49.60 4.30 24.13 3.81 9.57 7.72
-35.48 2.12 29.52 10.58 4.61 6.36
-35.48 2.12 29.52 12.75 9.57 9.67
12.72 -14.07 20.70 10.58 4.61 6.36
12.72 -14.07 20.70 -8.84 -.17 -.55
-4.41 -3.02 16.05 -14.26 -2.70 -4.16
-4.41 -3.02 16.05 -8.84 -.17 -.55
-2.67 1.93 7.74 -8.73 -3.47 -2.09
-2.67 1.93 7.74 -14.26 -2.70 -4.16
-.80 -3.84 -2.50 .21 -.73 -2.00
-.80 -3.84 -2.50 -8.73 -3.47 -2.09
-1.81 -.62 1.87 5.79 .19 -1.27
-1.81 -.62 1.87 .21 -.73 -2.00
.36 .84 6.93 7.62 .42 -1.52
.36 .84 6.93 5.79 .19 -1.27
-.20 5.88 11.57 7.62 .42 -1.52
-.20 5.88 11.57 5.18 .31 -.85
.52 5.13 11.66 5.18 .31 -.85
.52 5.13 11.66 1.51 .20 -1.00
.13 5.75 11.08 1.51 .20 -1.00
.13 5.75 11.08 -.56 .09 -.51
.41 4.94 10.86 -.56 .09 -.51
.41 4.94 10.86 -1.73 -.24 -.10
1.57 2.60 10.54 -2.23 -.46 -.03
1.57 2.60 10.54 -1.73 -.24 -.10
2.20 1.97 10.45 -2.23 -.46 -.03
2.20 1.97 10.45 -2.00 -.47 -.05
1.94 .83 10.17 -1.27 -.39 -.12
1.94 .83 10.17 -2.00 -.47 -.05
1.90 .96 10.01 -.27 -.32 -.12
1.90 .96 10.01 -1.27 -.39 -.12
2.71 .36 8.81 .00 -.31 -.24
2.71 .36 8.81 -.27 -.32 -.12
2.38 .07 9.76 .50 -.29 -.40
2.38 .07 9.76 .00 -.31 -.24
.80 1.29 10.90 .50 -.44 -.43
.80 1.29 10.90 .50 -.29 -.40
.28 .99 10.57 -.09 -.69 -.61
.28 .99 10.57 .50 -.44 -.43
.80 -.06 9.33 -.78 -.88 -.82
