.80 -.06 9.33 -.09 -.69 -.61
-3.62 1.58 4.53 -1.06 4.82 4.02
-3.62 1.58 4.53 1.16 6.78 5.18
-13.70 -.32 6.79 3.70 8.18 6.01
-13.70 -.32 6.79 1.16 6.78 5.18
-28.49 2.60 11.03 6.77 8.95 6.52
-28.49 2.60 11.03 3.70 8.18 6.01
-37.48 8.69 21.69 7.37 7.77 6.56
-37.48 8.69 21.69 6.77 8.95 6.52
-19.67 -7.63 22.57 1.92 3.64 3.48
-19.67 -7.63 22.57 7.37 7.77 6.56
4.75 -4.29 15.15 -8.11 -.66 -.44
4.75 -4.29 15.15 1.92 3.64 3.48
1.55 -7.29 15.57 -9.20 -1.57 -2.89
1.55 -7.29 15.57 -8.11 -.66 -.44
-5.12 2.36 9.31 -2.47 -1.97 -1.20
-5.12 2.36 9.31 -9.20 -1.57 -2.89
-.95 -1.94 3.63 2.86 -.84 -1.17
-.95 -1.94 3.63 -2.47 -1.97 -1.20
-.98 -.57 6.87 5.31 -.15 -.93
-.98 -.57 6.87 2.86 -.84 -1.17
.34 4.97 10.96 4.14 .00 -.95
.34 4.97 10.96 5.31 -.15 -.93
-.45 5.14 10.85 .70 -.10 -.75
-.45 5.14 10.85 4.14 .00 -.95
.68 4.62 10.15 -.89 -.14 -.47
.68 4.62 10.15 .70 -.10 -.75
1.38 3.48 10.37 -1.62 -.20 -.18
1.38 3.48 10.37 -.89 -.14 -.47
1.87 2.60 10.50 -1.85 -.24 -.10
1.87 2.60 10.50 -1.62 -.20 -.18
2.23 1.82 10.20 -1.31 -.19 -.02
2.23 1.82 10.20 -1.85 -.24 -.10
2.03 1.01 9.76 -.39 -.16 .05
2.03 1.01 9.76 -1.31 -.19 -.02
2.11 .98 10.09 .45 -.15 .00
2.11 .98 10.09 -.39 -.16 .05
1.56 1.10 10.37 .33 -.23 -.04
1.56 1.10 10.37 .45 -.15 .00
1.28 1.11 10.56 -.11 -.36 -.16
1.28 1.11 10.56 .33 -.23 -.04
1.02 .51 9.91 -.49 -.53 -.28
1.02 .51 9.91 -.11 -.36 -.16
.31 .63 10.00 -.63 -.68 -.42
.31 .63 10.00 -.49 -.53 -.28
.07 -.05 9.51 -.81 -.87 -.66
.07 -.05 9.51 -.63 -.68 -.42
.22 -.41 9.55 -.79 -.96 -.94
.22 -.41 9.55 -.81 -.87 -.66
-.33 .01 10.14 -.71 -1.01 -1.10
