-.33 .01 10.14 -.79 -.96 -.94
3.78 4.81 .39 -1.19 3.64 3.17
3.78 4.81 .39 -1.28 4.87 3.94
-6.83 1.44 3.64 -1.28 4.87 3.94
-6.83 1.44 3.64 .40 6.35 4.94
-20.40 .56 7.98 2.79 7.61 5.94
-20.40 .56 7.98 .40 6.35 4.94
-33.71 .39 13.96 2.79 7.61 5.94
-33.71 .39 13.96 6.55 8.09 6.71
-33.38 5.06 19.96 6.55 8.09 6.71
-33.38 5.06 19.96 7.22 6.53 6.23
-10.55 -11.38 25.87 7.22 6.53 6.23
-10.55 -11.38 25.87 -2.09 2.74 2.47
5.41 -6.75 13.32 -10.83 -1.05 -1.30
5.41 -6.75 13.32 -2.09 2.74 2.47
-5.31 -5.67 13.88 -8.53 -2.62 -2.81
-5.31 -5.67 13.88 -10.83 -1.05 -1.30
-.19 -2.04 5.58 -2.22 -2.07 -1.86
-.19 -2.04 5.58 -8.53 -2.62 -2.81
-2.27 -1.78 3.65 -2.22 -2.07 -1.86
-2.27 -1.78 3.65 3.67 -.51 -1.74
1.06 -1.35 5.06 5.41 .03 -1.93
1.06 -1.35 5.06 3.67 -.51 -1.74
.30 1.06 9.61 5.79 .23 -1.63
.30 1.06 9.61 5.41 .03 -1.93
.91 5.14 12.44 5.79 .23 -1.63
.91 5.14 12.44 1.79 .00 -1.08
1.84 4.19 11.52 1.79 .00 -1.08
1.84 4.19 11.52 -.10 -.08 -.63
1.56 3.53 11.63 -.10 -.08 -.63
1.56 3.53 11.63 -1.38 -.28 -.32
2.30 1.84 10.64 -1.84 -.46 -.19
2.30 1.84 10.64 -1.38 -.28 -.32
3.43 1.36 10.16 -1.43 -.47 -.18
3.43 1.36 10.16 -1.84 -.46 -.19
2.92 .95 9.95 -.82 -.38 -.25
2.92 .95 9.95 -1.43 -.47 -.18
2.67 .65 10.01 .05 -.26 -.29
2.67 .65 10.01 -.82 -.38 -.25
2.26 .86 10.31 .05 -.26 -.29
2.26 .86 10.31 .51 -.27 -.34
1.93 .80 10.22 .50 -.38 -.45
1.93 .80 10.22 .51 -.27 -.34
.91 1.21 10.68 .22 -.53 -.50
.91 1.21 10.68 .50 -.38 -.45
-.08 .95 10.75 -.15 -.75 -.51
-.08 .95 10.75 .22 -.53 -.50
-.64 .38 10.52 -.47 -.95 -.59
-.64 .38 10.52 -.15 -.75 -.51
-.82 .21 10.50 -.91 -1.13 -.75
