4.78 -.45 7.87 .68 1.10 -1.24
-5.38 7.84 27.76 -.16 -1.38 1.41
-5.38 7.84 27.76 1.60 -3.57 3.13
-8.29 7.93 15.66 1.60 -3.57 3.13
-8.29 7.93 15.66 2.97 -5.53 4.25
-3.26 3.64 7.90 2.97 -5.53 4.25
-3.26 3.64 7.90 6.31 -7.18 5.30
-.69 .07 11.65 6.31 -7.18 5.30
-.69 .07 11.65 11.52 -7.31 7.88
-10.10 10.59 21.54 11.52 -7.31 7.88
-10.10 10.59 21.54 7.59 -6.46 9.81
-33.94 -1.41 15.09 7.59 -6.46 9.81
-33.94 -1.41 15.09 -3.34 -5.26 7.82
-17.62 -19.42 -5.84 -3.34 -5.26 7.82
-17.62 -19.42 -5.84 -7.66 -7.30 4.18
2.60 -14.04 -13.54 -7.66 -7.30 4.18
2.60 -14.04 -13.54 -7.37 -6.63 1.38
12.46 -9.59 -10.12 -7.37 -6.63 1.38
12.46 -9.59 -10.12 -2.75 -4.60 .36
3.79 -4.52 -5.44 -2.75 -4.60 .36
3.79 -4.52 -5.44 1.19 -.97 -.27
2.17 -2.53 -3.08 1.19 -.97 -.27
2.17 -2.53 -3.08 2.50 -.14 -1.13
4.89 -1.69 -1.62 2.50 -.14 -1.13
4.89 -1.69 -1.62 2.94 1.18 -1.36
3.35 -1.18 -.44 2.94 1.18 -1.36
3.35 -1.18 -.44 2.80 1.97 -1.46
4.71 .92 .62 2.80 1.97 -1.46
4.71 .92 .62 2.47 2.15 -1.59
5.39 2.11 2.05 2.47 2.15 -1.59
5.39 2.11 2.05 2.18 2.17 -1.51
5.74 2.52 4.02 2.18 2.17 -1.51
5.74 2.52 4.02 1.81 2.03 -1.47
5.95 3.12 5.48 1.81 2.03 -1.47
5.95 3.12 5.48 1.22 1.84 -1.38
5.44 4.27 6.05 1.22 1.84 -1.38
5.44 4.27 6.05 .46 1.64 -1.21
6.06 5.69 4.97 .46 1.64 -1.21
6.06 5.69 4.97 -.35 1.43 -1.01
7.27 4.98 4.82 -.35 1.43 -1.01
7.27 4.98 4.82 -1.07 1.40 -1.01
7.06 3.28 5.39 -1.07 1.40 -1.01
7.06 3.28 5.39 -1.25 1.56 -.78
6.22 1.94 5.90 -1.25 1.56 -.78
6.22 1.94 5.90 -.75 1.65 -.50
5.70 3.16 5.60 -.75 1.65 -.50
5.70 3.16 5.60 -.44 1.64 -.34
6.12 4.35 5.31 -.44 1.64 -.34
