6.26 4.22 6.85 -.75 .58 -.10
-11.64 5.08 28.09 2.40 1.27 .73
-11.64 5.08 28.09 3.07 -.35 1.69
-15.75 12.83 32.63 3.07 -.35 1.69
-15.75 12.83 32.63 3.35 -2.04 3.32
-19.20 15.59 28.70 3.35 -2.04 3.32
-19.20 15.59 28.70 2.79 -5.10 5.21
-20.04 5.29 21.18 2.79 -5.10 5.21
-20.04 5.29 21.18 2.88 -7.83 6.52
-24.17 -5.43 21.53 2.88 -7.83 6.52
-24.17 -5.43 21.53 3.59 -10.47 7.18
-32.71 -15.58 15.44 3.59 -10.47 7.18
-32.71 -15.58 15.44 -1.18 -12.43 6.28
-33.36 -26.26 -1.32 -1.18 -12.43 6.28
-33.36 -26.26 -1.32 -5.64 -14.54 2.26
-18.17 -20.72 -6.95 -5.64 -14.54 2.26
-18.17 -20.72 -6.95 -3.21 -14.30 -.98
-14.58 -13.23 -10.87 -3.21 -14.30 -.98
-14.58 -13.23 -10.87 -.59 -12.34 -.35
-9.78 -4.05 -18.97 -.59 -12.34 -.35
-9.78 -4.05 -18.97 1.33 -10.18 -2.03
-.36 3.96 -26.60 1.77 -7.91 -1.90
-.36 3.96 -26.60 1.33 -10.18 -2.03
10.24 5.44 -25.05 1.77 -7.91 -1.90
10.24 5.44 -25.05 .90 -4.49 -1.45
11.84 5.63 -16.39 .90 -4.49 -1.45
11.84 5.63 -16.39 -1.11 -.49 -1.30
-.65 1.30 -6.96 -1.11 -.49 -1.30
-.65 1.30 -6.96 .34 2.50 -1.28
4.55 3.89 -1.33 1.57 3.85 -.69
4.55 3.89 -1.33 .34 2.50 -1.28
3.90 3.02 2.05 1.57 3.85 -.69
3.90 3.02 2.05 1.27 4.98 -.56
5.82 2.42 3.83 1.27 4.98 -.56
5.82 2.42 3.83 1.09 5.21 -.47
7.72 1.00 2.42 1.09 5.21 -.47
7.72 1.00 2.42 1.20 5.22 -.60
7.79 1.62 4.18 1.20 5.22 -.60
7.79 1.62 4.18 1.64 4.56 -.42
6.92 4.06 10.15 1.64 4.56 -.42
6.92 4.06 10.15 2.29 3.53 -.40
6.86 5.05 12.61 2.29 3.53 -.40
6.86 5.05 12.61 2.31 2.58 -.54
7.83 5.03 11.81 2.15 1.74 -.50
7.83 5.03 11.81 2.31 2.58 -.54
