8.03 4.73 6.97 1.03 1.50 -1.12
8.75 5.26 6.39 1.03 1.50 -1.12
8.75 5.26 6.39 .18 1.00 -.97
8.87 4.75 5.48 .18 1.00 -.97
8.87 4.75 5.48 -.61 .69 -.84
8.57 4.45 5.49 -.61 .69 -.84
8.57 4.45 5.49 -1.24 .47 -.72
8.49 3.45 5.55 -1.24 .47 -.72
8.49 3.45 5.55 -1.49 .30 -.73
8.77 2.44 5.24 -1.49 .30 -.73
8.77 2.44 5.24 -1.21 .17 -.69
-6.95 2.10 30.56 .14 -.20 1.70
-6.95 2.10 30.56 3.76 -2.03 2.94
-8.80 10.63 29.78 3.76 -2.03 2.94
-8.80 10.63 29.78 5.41 -4.26 4.38
-9.88 10.78 21.98 5.41 -4.26 4.38
-9.88 10.78 21.98 4.27 -7.41 5.83
-10.79 1.33 20.51 4.27 -7.41 5.83
-10.79 1.33 20.51 2.84 -8.76 6.60
-33.94 -15.98 19.79 2.84 -8.76 6.60
-33.94 -15.98 19.79 1.07 -9.11 7.28
-38.93 -13.17 .63 1.07 -9.11 7.28
-38.93 -13.17 .63 -3.12 -12.25 6.11
-15.12 -10.93 -13.57 -3.12 -12.25 6.11
-15.12 -10.93 -13.57 -6.54 -12.19 .98
-1.87 -7.83 -22.54 -6.54 -12.19 .98
-1.87 -7.83 -22.54 -7.14 -10.35 -.52
11.54 -3.20 -19.38 -7.14 -10.35 -.52
11.54 -3.20 -19.38 -3.95 -7.08 -1.31
13.05 -4.34 -16.60 -3.95 -7.08 -1.31
13.05 -4.34 -16.60 -.15 -2.38 -.62
4.21 -1.79 -12.24 -.15 -2.38 -.62
4.21 -1.79 -12.24 2.18 1.27 -1.81
3.76 -.81 -7.45 2.18 1.27 -1.81
3.76 -.81 -7.45 2.93 2.63 -1.11
5.04 -.32 -3.28 2.93 2.63 -1.11
5.04 -.32 -3.28 2.56 3.55 -1.51
4.94 -.86 .01 2.56 3.55 -1.51
4.94 -.86 .01 2.56 3.84 -1.48
5.28 -.21 2.28 2.56 3.84 -1.48
5.28 -.21 2.28 2.68 3.50 -1.31
6.76 2.00 5.07 2.68 3.50 -1.31
6.76 2.00 5.07 2.35 2.82 -1.20
8.02 3.54 6.34 2.35 2.82 -1.20
8.02 3.54 6.34 1.33 2.15 -1.14
8.41 3.14 5.77 1.33 2.15 -1.14
8.41 3.14 5.77 .10 1.65 -1.12
8.59 2.77 5.97 .10 1.65 -1.12
8.59 2.77 5.97 -.71 1.31 -1.05
8.71 2.20 5.78 -.71 1.31 -1.05
8.71 2.20 5.78 -1.03 1.03 -.94
9.02 1.70 5.08 -1.03 1.03 -.94
9.02 1.70 5.08 -.71 .79 -.81
9.00 1.78 4.46 -.71 .79 -.81
9.00 1.78 4.46 -.12 .73 -.67
8.77 2.59 4.63 -.12 .73 -.67
8.77 2.59 4.63 .05 .77 -.69
8.60 2.36 5.80 .05 .77 -.69
8.60 2.36 5.80 -.01 .83 -.80
