7.88 1.98 6.53 -.01 .83 -.80
7.88 1.98 6.53 -.01 .93 -.80
-2.97 4.32 20.58 .25 1.20 -.36
-2.97 4.32 20.58 1.29 1.27 -.02
-5.67 15.09 24.55 1.29 1.27 -.02
-5.67 15.09 24.55 1.52 .15 .97
-6.67 28.68 23.79 1.52 .15 .97
-6.67 28.68 23.79 .02 -1.73 2.69
-8.94 21.44 19.37 .02 -1.73 2.69
-8.94 21.44 19.37 -1.79 -2.84 4.53
-9.58 7.49 18.07 -1.79 -2.84 4.53
-9.58 7.49 18.07 .91 -4.38 5.92
-9.81 4.98 21.47 .91 -4.38 5.92
-9.81 4.98 21.47 6.37 -6.74 7.40
-9.91 10.93 20.41 6.37 -6.74 7.40
-9.91 10.93 20.41 3.99 -7.25 8.30
-22.78 -6.48 14.38 3.99 -7.25 8.30
-22.78 -6.48 14.38 -.20 -6.08 8.30
-24.84 -12.05 5.48 -.20 -6.08 8.30
-24.84 -12.05 5.48 -3.31 -7.14 7.95
-16.48 -17.00 .09 -3.31 -7.14 7.95
-16.48 -17.00 .09 -4.94 -7.28 4.95
-7.28 -14.66 -5.75 -4.94 -7.28 4.95
-7.28 -14.66 -5.75 -4.58 -7.31 2.25
1.87 -11.54 -7.05 -4.58 -7.31 2.25
1.87 -11.54 -7.05 -3.15 -6.00 1.25
5.28 -10.33 -6.86 -3.15 -6.00 1.25
5.28 -10.33 -6.86 -2.07 -4.15 .10
5.95 -6.73 -7.01 -2.07 -4.15 .10
5.95 -6.73 -7.01 -1.43 -2.19 -1.07
6.09 -4.26 -6.38 -1.43 -2.19 -1.07
6.09 -4.26 -6.38 -1.05 -.56 -1.33
6.32 -4.03 -4.80 -1.05 -.56 -1.33
6.32 -4.03 -4.80 -.52 .79 -1.50
5.92 -3.55 -2.89 -.52 .79 -1.50
5.92 -3.55 -2.89 .89 1.77 -1.34
5.92 -2.14 .11 .89 1.77 -1.34
5.92 -2.14 .11 2.15 2.22 -1.21
6.47 -1.28 1.92 2.15 2.22 -1.21
6.47 -1.28 1.92 2.65 2.26 -1.16
7.81 -1.21 4.15 2.65 2.26 -1.16
7.81 -1.21 4.15 2.91 2.00 -1.15
8.36 -.10 6.23 2.91 2.00 -1.15
8.36 -.10 6.23 2.57 1.67 -1.17
8.84 .41 7.40 2.57 1.67 -1.17
8.84 .41 7.40 1.74 1.22 -1.21
9.36 .84 7.20 1.74 1.22 -1.21
9.36 .84 7.20 1.00 .84 -1.22
9.59 1.16 6.58 1.00 .84 -1.22
9.59 1.16 6.58 .43 .54 -1.19
