9.40 1.25 5.84 .43 .54 -1.19
9.40 1.25 5.84 .11 .33 -1.15
-5.71 14.33 23.22 3.35 2.44 1.14
-5.71 14.33 23.22 1.63 2.35 .16
-8.05 30.33 28.33 3.35 2.44 1.14
-8.05 30.33 28.33 3.73 .64 3.17
-8.75 26.73 27.32 3.73 .64 3.17
-8.75 26.73 27.32 2.29 -1.07 5.03
-12.98 26.85 23.58 2.29 -1.07 5.03
-12.98 26.85 23.58 1.30 -3.31 8.23
-18.53 13.73 21.88 1.30 -3.31 8.23
-18.53 13.73 21.88 -2.74 -6.80 8.41
-24.66 -6.27 13.60 -2.74 -6.80 8.41
-24.66 -6.27 13.60 -2.20 -8.15 9.17
-29.88 -14.79 4.30 -2.20 -8.15 9.17
-29.88 -14.79 4.30 -2.59 -9.52 8.07
-16.31 -17.01 -4.33 -2.59 -9.52 8.07
-16.31 -17.01 -4.33 -6.33 -8.85 4.63
-4.62 -15.45 -12.75 -6.33 -8.85 4.63
-4.62 -15.45 -12.75 -5.86 -7.34 .66
3.42 -14.00 -11.91 -5.86 -7.34 .66
3.42 -14.00 -11.91 -3.54 -5.01 .36
7.25 -7.50 -9.80 -3.54 -5.01 .36
7.25 -7.50 -9.80 -1.51 -2.34 -1.33
4.19 -2.93 -3.96 -1.51 -2.34 -1.33
4.19 -2.93 -3.96 .56 -.05 -1.62
2.23 -1.26 -.33 .56 -.05 -1.62
2.23 -1.26 -.33 1.41 .83 -1.73
4.86 .09 1.88 1.41 .83 -1.73
4.86 .09 1.88 1.81 1.05 -1.61
5.87 .95 2.99 1.81 1.05 -1.61
5.87 .95 2.99 1.64 1.20 -1.56
5.34 1.32 4.79 1.64 1.20 -1.56
5.34 1.32 4.79 1.67 1.09 -1.30
5.87 2.00 5.75 1.67 1.09 -1.30
5.87 2.00 5.75 1.48 .72 -1.10
7.08 2.24 6.36 1.48 .72 -1.10
7.08 2.24 6.36 .99 .43 -1.03
7.40 2.43 5.65 .99 .43 -1.03
7.40 2.43 5.65 .25 .39 -1.02
