6.94 1.68 5.21 .25 .39 -1.02
6.94 1.68 5.21 -.36 .40 -1.10
6.99 .95 4.56 -.36 .40 -1.10
6.99 .95 4.56 -.61 .35 -1.11
7.86 .79 4.46 -.61 .35 -1.11
7.86 .79 4.46 -.43 .43 -1.15
7.71 1.18 5.19 -.43 .43 -1.15
7.71 1.18 5.19 -.30 .68 -1.21
7.18 .90 5.63 -.30 .68 -1.21
7.18 .90 5.63 -.13 .91 -1.29
6.88 1.22 5.22 -.13 .91 -1.29
6.88 1.22 5.22 -.01 1.10 -1.26
-3.98 10.72 20.06 -.56 .82 .09
-3.98 10.72 20.06 -.32 .58 .74
-5.38 18.02 24.73 -.32 .58 .74
-5.38 18.02 24.73 -.07 -.34 1.75
-8.95 18.09 23.28 .77 -2.04 3.83
-10.09 13.05 22.31 .77 -2.04 3.83
-8.95 18.09 23.28 -.07 -.34 1.75
-10.09 13.05 22.31 4.29 -4.46 6.16
-10.36 20.28 29.11 4.29 -4.46 6.16
-10.36 20.28 29.11 4.95 -7.54 8.47
-20.42 -1.34 24.36 4.95 -7.54 8.47
-20.42 -1.34 24.36 -2.12 -7.55 8.11
-35.97 -19.15 8.52 -2.12 -7.55 8.11
-35.97 -19.15 8.52 -4.54 -8.89 7.49
-23.29 -21.38 -3.31 -4.54 -8.89 7.49
-23.29 -21.38 -3.31 -3.34 -10.70 5.23
-9.93 -15.13 -8.07 -3.34 -10.70 5.23
-9.93 -15.13 -8.07 -2.70 -9.96 2.52
.59 -9.60 -11.37 -2.70 -9.96 2.52
.59 -9.60 -11.37 -1.99 -8.02 .81
7.96 -7.01 -12.31 -1.99 -8.02 .81
7.96 -7.01 -12.31 -1.37 -5.58 .47
10.76 -3.76 -11.25 -1.37 -5.58 .47
10.76 -3.76 -11.25 -.76 -2.51 -.91
5.50 -2.87 -6.82 -.76 -2.51 -.91
5.50 -2.87 -6.82 .50 .19 -1.29
3.58 -1.48 -2.74 .50 .19 -1.29
3.58 -1.48 -2.74 1.18 1.34 -1.35
5.37 -.98 -.06 1.18 1.34 -1.35
5.37 -.98 -.06 1.08 1.94 -1.37
5.83 -.50 2.22 1.08 1.94 -1.37
5.83 -.50 2.22 .82 2.31 -1.30
5.53 -.69 3.42 .82 2.31 -1.30
5.53 -.69 3.42 .54 2.24 -1.23
5.55 .02 5.49 .54 2.24 -1.23
5.55 .02 5.49 .75 1.96 -1.07
6.39 .61 6.52 .75 1.96 -1.07
6.39 .61 6.52 .59 1.56 -1.08
7.63 .61 7.02 .59 1.56 -1.08
7.63 .61 7.02 .39 1.19 -1.06
7.99 .92 6.66 .39 1.19 -1.06
7.99 .92 6.66 .29 1.02 -.99
7.86 .96 7.21 .29 1.02 -.99
7.86 .96 7.21 .35 .91 -1.01
8.20 1.79 6.92 .35 .91 -1.01
8.20 1.79 6.92 .53 .78 -.97
8.78 1.62 5.89 .53 .78 -.97
8.78 1.62 5.89 .31 .66 -1.03
8.85 1.53 5.77 .31 .66 -1.03
