8.85 1.53 5.77 .38 .63 -.99
-10.84 24.90 27.62 .05 .56 1.92
-10.84 24.90 27.62 1.29 -.30 3.92
-14.20 25.60 29.95 1.29 -.30 3.92
-14.20 25.60 29.95 1.76 -3.05 5.91
-17.51 14.02 28.61 1.76 -3.05 5.91
-17.51 14.02 28.61 1.04 -6.17 7.43
-21.44 -9.01 24.43 1.04 -6.17 7.43
-21.44 -9.01 24.43 1.06 -8.23 7.20
-39.27 -24.79 20.16 1.06 -8.23 7.20
-39.27 -24.79 20.16 2.33 -9.79 6.93
-24.50 -22.73 3.21 2.33 -9.79 6.93
-24.50 -22.73 3.21 .28 -10.82 5.32
-14.85 -15.58 -8.47 .28 -10.82 5.32
-14.85 -15.58 -8.47 -2.61 -10.33 2.93
-4.14 -4.71 -13.27 -2.61 -10.33 2.93
-4.14 -4.71 -13.27 -3.48 -8.70 1.55
3.87 -3.46 -15.25 -3.48 -8.70 1.55
3.87 -3.46 -15.25 -2.18 -6.47 .67
7.66 -.99 -12.10 -2.18 -6.47 .67
7.66 -.99 -12.10 -.37 -3.79 -.13
4.58 -.23 -8.45 -.37 -3.79 -.13
4.58 -.23 -8.45 .39 -.74 -.21
6.11 -.89 -4.01 .39 -.74 -.21
6.11 -.89 -4.01 .47 .41 -.51
6.07 -.16 -1.39 .47 .41 -.51
6.07 -.16 -1.39 .58 1.32 -.66
5.88 -.11 1.46 .58 1.32 -.66
5.88 -.11 1.46 .65 1.75 -.81
6.61 1.00 4.43 .65 1.75 -.81
6.61 1.00 4.43 .90 1.80 -.73
7.47 1.82 6.18 .90 1.80 -.73
7.47 1.82 6.18 .91 1.65 -.65
8.12 1.75 6.73 .91 1.65 -.65
8.12 1.75 6.73 .69 1.39 -.66
7.92 2.30 7.19 .69 1.39 -.66
7.92 2.30 7.19 .46 1.18 -.59
7.59 2.39 7.78 .46 1.18 -.59
7.59 2.39 7.78 .31 .89 -.57
7.86 2.11 7.86 .31 .89 -.57
7.86 2.11 7.86 .19 .62 -.59
8.47 2.02 7.32 .19 .62 -.59
8.47 2.02 7.32 .00 .46 -.62
8.09 2.04 7.22 .01 .41 -.58
8.09 2.04 7.22 .00 .46 -.62
7.61 2.12 7.03 .01 .41 -.58
7.61 2.12 7.03 .26 .29 -.50
7.67 2.38 6.75 .26 .29 -.50
7.67 2.38 6.75 .48 .19 -.42
7.85 2.76 6.73 .48 .19 -.42
