7.85 2.76 6.73 .36 .14 -.39
-3.20 10.44 27.93 1.38 .85 .31
-3.20 10.44 27.93 3.07 .44 1.23
-6.16 24.28 27.52 3.07 .44 1.23
-6.16 24.28 27.52 4.22 -1.56 3.57
-6.56 26.58 21.85 4.22 -1.56 3.57
-6.56 26.58 21.85 2.80 -3.37 5.52
-10.06 16.62 23.15 2.80 -3.37 5.52
-15.39 4.05 21.04 .93 -5.25 7.07
-10.06 16.62 23.15 .93 -5.25 7.07
-15.39 4.05 21.04 -1.19 -7.67 7.28
-25.47 -18.15 10.93 -1.19 -7.67 7.28
-25.47 -18.15 10.93 -1.10 -8.09 7.18
-29.08 -13.34 5.20 -1.10 -8.09 7.18
-29.08 -13.34 5.20 -.50 -10.01 6.93
-16.83 -17.28 -4.49 -.50 -10.01 6.93
-16.83 -17.28 -4.49 -3.51 -9.24 4.03
-6.67 -12.43 -12.31 -3.51 -9.24 4.03
-6.67 -12.43 -12.31 -3.92 -8.20 .89
2.99 -8.06 -13.40 -3.92 -8.20 .89
2.99 -8.06 -13.40 -3.31 -5.84 .19
8.03 -6.28 -12.25 -3.31 -5.84 .19
8.03 -6.28 -12.25 -2.07 -3.07 -.93
7.67 -1.34 -8.73 -2.07 -3.07 -.93
7.67 -1.34 -8.73 -.57 -.33 -1.49
4.35 -.59 -4.24 -.57 -.33 -1.49
4.35 -.59 -4.24 .27 1.39 -1.35
5.57 .05 -.67 .27 1.39 -1.35
5.57 .05 -.67 .64 2.08 -1.20
6.54 .63 2.35 .64 2.08 -1.20
6.54 .63 2.35 1.10 2.46 -.95
6.07 .87 4.18 1.10 2.46 -.95
6.07 .87 4.18 1.25 2.44 -.85
6.40 .80 6.30 1.25 2.44 -.85
6.40 .80 6.30 1.36 2.04 -.71
7.30 1.52 8.01 1.36 2.04 -.71
7.30 1.52 8.01 1.43 1.55 -.61
7.94 1.81 8.82 1.43 1.55 -.61
7.94 1.81 8.82 1.05 1.14 -.69
8.54 2.06 8.04 1.05 1.14 -.69
8.54 2.06 8.04 .72 .81 -.67
9.22 1.28 6.74 .72 .81 -.67
9.22 1.28 6.74 .30 .57 -.70
9.48 1.47 6.42 .30 .57 -.70
9.48 1.47 6.42 .36 .42 -.62
8.54 2.04 7.09 .36 .42 -.62
8.54 2.04 7.09 .44 .37 -.56
8.22 1.96 7.22 .44 .37 -.56
8.22 1.96 7.22 .33 .25 -.65
8.60 2.26 6.58 .33 .25 -.65
