8.60 2.26 6.58 .15 .18 -.60
-1.79 7.55 21.11 -1.12 .32 .40
-1.79 7.55 21.11 -.94 -.16 1.06
-3.29 8.48 30.07 -.94 -.16 1.06
-3.29 8.48 30.07 .32 -1.04 1.99
-6.25 17.68 30.03 .32 -1.04 1.99
-6.25 17.68 30.03 2.20 -2.83 3.58
-7.92 18.29 25.23 2.20 -2.83 3.58
-9.53 5.90 23.20 3.00 -5.50 5.58
-9.53 5.90 23.20 4.09 -7.63 7.52
-7.92 18.29 25.23 3.00 -5.50 5.58
-20.66 2.57 28.79 4.09 -7.63 7.52
-20.66 2.57 28.79 4.23 -8.68 9.94
-46.74 -5.27 14.06 4.23 -8.68 9.94
-46.74 -5.27 14.06 -3.55 -8.14 10.79
-36.82 -22.16 -13.65 -3.55 -8.14 10.79
-36.82 -22.16 -13.65 -9.55 -12.67 5.42
-2.35 -17.10 -22.17 -8.35 -11.63 -.30
-2.35 -17.10 -22.17 -9.55 -12.67 5.42
12.76 -15.49 -21.18 -8.35 -11.63 -.30
12.76 -15.49 -21.18 -.30 -4.22 -.16
7.58 -5.92 -14.05 -.30 -4.22 -.16
7.58 -5.92 -14.05 3.21 1.50 -2.07
-2.48 -3.90 -4.69 3.21 1.50 -2.07
-2.48 -3.90 -4.69 4.28 3.61 -2.35
-3.01 -1.98 .11 4.28 3.61 -2.35
-3.01 -1.98 .11 3.88 3.58 -2.59
1.19 .67 3.12 3.88 3.58 -2.59
1.19 .67 3.12 3.25 2.83 -2.60
4.04 2.44 4.46 3.25 2.83 -2.60
4.04 2.44 4.46 2.78 2.23 -2.12
5.20 4.43 7.45 2.78 2.23 -2.12
5.20 4.43 7.45 2.05 1.78 -1.82
5.58 5.53 8.80 2.05 1.78 -1.82
5.58 5.53 8.80 .65 1.20 -1.55
6.70 5.09 8.30 .65 1.20 -1.55
6.70 5.09 8.30 -.79 .70 -1.28
7.33 3.39 6.66 -.79 .70 -1.28
7.33 3.39 6.66 -1.77 .55 -1.02
7.82 1.63 5.91 -1.77 .55 -1.02
7.82 1.63 5.91 -1.81 .56 -.82
7.93 .86 6.17 -1.81 .56 -.82
7.93 .86 6.17 -1.44 .64 -.58
7.87 1.07 5.75 -1.44 .64 -.58
7.87 1.07 5.75 -.98 .69 -.50
7.76 1.35 6.80 -.98 .69 -.50
7.76 1.35 6.80 -.31 .81 -.40
7.50 1.32 7.36 -.31 .81 -.40
7.50 1.32 7.36 .00 .99 -.40
6.89 .53 6.98 .00 .99 -.40
