6.89 .53 6.98 -.24 1.17 -.54
-2.28 3.71 25.21 -1.23 .13 1.90
-2.28 3.71 25.21 -.78 -.73 2.53
-3.33 -1.55 27.44 -.78 -.73 2.53
-3.33 -1.55 27.44 .66 -1.59 3.57
-13.91 -5.01 12.29 .66 -1.59 3.57
-13.91 -5.01 12.29 4.86 -1.39 4.75
-8.60 -.07 -1.47 4.86 -1.39 4.75
-8.60 -.07 -1.47 13.81 -4.19 6.88
-13.80 27.36 32.79 13.81 -4.19 6.88
-13.80 27.36 32.79 14.50 -7.36 10.79
-17.19 24.65 24.61 14.50 -7.36 10.79
-17.19 24.65 24.61 -8.97 -5.96 7.67
-17.75 -31.03 -17.59 -8.97 -5.96 7.67
-17.75 -31.03 -17.59 -16.41 -7.45 .75
1.07 -13.98 -11.91 -16.41 -7.45 .75
1.07 -13.98 -11.91 -7.33 -8.76 .80
20.64 5.59 -12.81 -7.33 -8.76 .80
20.64 5.59 -12.81 -1.75 -5.01 .66
-1.24 -11.97 -8.57 -1.75 -5.01 .66
-1.24 -11.97 -8.57 2.80 -.17 .32
.07 -2.72 -5.56 2.80 -.17 .32
.07 -2.72 -5.56 3.85 -.27 -.75
1.30 -.85 -4.37 3.85 -.27 -.75
1.30 -.85 -4.37 3.66 .18 -1.41
1.82 1.03 -2.17 3.66 .18 -1.41
1.82 1.03 -2.17 3.26 .45 -2.01
3.14 2.03 -.82 3.26 .45 -2.01
3.14 2.03 -.82 2.96 .44 -1.97
5.18 4.94 -.13 2.96 .44 -1.97
5.18 4.94 -.13 2.76 .36 -1.49
7.81 7.18 1.44 2.76 .36 -1.49
7.81 7.18 1.44 1.81 .38 -1.13
8.21 5.78 2.94 1.81 .38 -1.13
8.21 5.78 2.94 .35 .56 -.74
7.69 5.70 3.98 .35 .56 -.74
7.69 5.70 3.98 -.85 .69 -.31
7.14 4.68 4.40 -.85 .69 -.31
7.14 4.68 4.40 -1.89 .69 -.15
8.02 2.64 4.02 -1.78 .69 -.06
8.02 2.64 4.02 -1.89 .69 -.15
7.72 3.95 5.33 -1.78 .69 -.06
7.72 3.95 5.33 -.96 .88 .19
6.49 3.44 6.53 -.96 .88 .19
6.49 3.44 6.53 -.59 1.00 .14
6.46 2.53 6.79 -.59 1.00 .14
