6.46 2.53 6.79 -.40 1.02 .08
6.23 2.26 7.04 -.40 1.02 .08
6.23 2.26 7.04 -.46 1.11 .16
5.84 1.75 6.84 -.46 1.11 .16
5.84 1.75 6.84 -.55 1.12 .17
.39 9.61 24.56 -.37 .78 .18
.39 9.61 24.56 .92 .99 .79
.26 21.79 31.31 .92 .99 .79
.26 21.79 31.31 1.75 -.44 3.13
-.37 22.17 29.13 1.75 -.44 3.13
-.37 22.17 29.13 .36 -1.86 4.72
-13.08 10.28 19.43 .36 -1.86 4.72
-13.08 10.28 19.43 .09 -2.14 5.58
-24.87 1.91 14.83 .09 -2.14 5.58
-24.87 1.91 14.83 3.49 -4.27 8.46
-26.86 6.22 18.47 3.49 -4.27 8.46
-26.86 6.22 18.47 3.26 -8.66 9.60
-27.94 1.13 2.23 3.26 -8.66 9.60
-27.94 1.13 2.23 -6.95 -8.34 6.55
-5.32 -14.99 -16.83 -6.95 -8.34 6.55
-5.32 -14.99 -16.83 -16.65 -8.47 2.85
21.24 -30.68 -15.51 -16.65 -8.47 2.85
21.24 -30.68 -15.51 -13.28 -5.83 .07
.30 1.64 -7.45 -13.28 -5.83 .07
.30 1.64 -7.45 3.11 .88 1.53
-3.32 -9.97 -10.74 3.11 .88 1.53
-3.32 -9.97 -10.74 6.37 1.86 -.39
-.75 -5.36 -4.95 6.37 1.86 -.39
-.75 -5.36 -4.95 8.41 1.49 -1.48
-1.89 1.17 2.71 8.41 1.49 -1.48
-1.89 1.17 2.71 7.70 .68 -1.86
1.23 5.74 5.99 7.70 .68 -1.86
1.23 5.74 5.99 5.20 -.53 -2.25
5.10 5.13 7.20 5.20 -.53 -2.25
5.10 5.13 7.20 2.12 -.99 -1.50
7.19 5.59 6.69 2.12 -.99 -1.50
7.19 5.59 6.69 -.95 -1.06 -1.29
7.52 4.49 6.03 -.95 -1.06 -1.29
7.52 4.49 6.03 -2.99 -.89 -1.06
7.90 2.24 5.62 -2.99 -.89 -1.06
7.90 2.24 5.62 -2.93 -.73 -.66
8.08 2.11 5.73 -2.93 -.73 -.66
8.08 2.11 5.73 -1.80 -.51 -.22
8.39 1.87 5.41 -1.80 -.51 -.22
8.39 1.87 5.41 -.88 -.32 -.07
8.85 1.15 5.84 -.88 -.32 -.07
8.85 1.15 5.84 -.15 -.03 -.08
7.42 1.02 7.04 -.15 -.03 -.08
7.42 1.02 7.04 .28 .31 -.09
6.09 .80 7.48 .28 .31 -.09
6.09 .80 7.48 .41 .39 -.18
5.74 .87 7.31 .41 .39 -.18
5.74 .87 7.31 .48 .37 -.19
