5.71 .95 6.98 .48 .37 -.19
5.71 .95 6.98 .51 .31 -.25
-.22 9.27 25.97 -1.88 .56 1.33
-.22 9.27 25.97 -1.07 -.09 2.67
.24 12.37 30.97 -1.07 -.09 2.67
.24 12.37 30.97 -.18 -1.29 4.36
-6.57 4.27 31.34 -.18 -1.29 4.36
-6.57 4.27 31.34 .47 -2.35 5.23
-23.30 -.97 21.76 .47 -2.35 5.23
-23.30 -.97 21.76 3.14 -3.60 6.56
-24.21 -3.52 11.75 3.14 -3.60 6.56
-24.21 -3.52 11.75 6.91 -7.07 6.57
-22.61 6.20 15.32 6.91 -7.07 6.57
-22.61 6.20 15.32 8.40 -8.74 10.07
-26.53 9.58 17.08 8.40 -8.74 10.07
-26.53 9.58 17.08 -1.12 -9.14 7.27
-11.02 -8.64 -10.91 -1.12 -9.14 7.27
-11.02 -8.64 -10.91 -17.76 -8.60 2.55
12.77 -19.34 -20.40 -17.76 -8.60 2.55
12.77 -19.34 -20.40 -19.59 -6.75 -.63
12.58 -.55 -12.68 -19.59 -6.75 -.63
12.58 -.55 -12.68 -3.55 -2.32 .01
-1.25 -12.09 -16.52 -3.55 -2.32 .01
-1.25 -12.09 -16.52 5.30 1.67 -.44
-1.32 -8.39 -6.50 5.30 1.67 -.44
-1.32 -8.39 -6.50 10.55 1.89 -1.35
-4.18 2.71 1.49 10.55 1.89 -1.35
-4.18 2.71 1.49 10.35 .81 -1.65
.16 9.27 3.28 10.35 .81 -1.65
.16 9.27 3.28 4.24 -.89 -2.44
6.37 1.57 3.40 4.24 -.89 -2.44
6.37 1.57 3.40 .92 -.91 -2.29
6.72 3.52 3.48 .92 -.91 -2.29
6.72 3.52 3.48 -.53 -.61 -1.58
7.14 3.60 3.04 -.53 -.61 -1.58
7.14 3.60 3.04 -1.44 -.62 -1.09
8.80 3.99 2.85 -1.44 -.62 -1.09
8.80 3.99 2.85 -1.43 -.57 -.73
9.40 3.46 2.89 -1.43 -.57 -.73
9.40 3.46 2.89 -1.19 -.33 -.52
9.52 2.44 3.39 -1.19 -.33 -.52
9.52 2.44 3.39 -1.05 -.09 -.36
9.24 1.73 4.44 -.78 .16 -.24
9.24 1.73 4.44 -1.05 -.09 -.36
8.60 1.76 5.19 -.78 .16 -.24
8.60 1.76 5.19 -.30 .39 -.17
7.90 1.98 5.96 -.30 .39 -.17
7.90 1.98 5.96 .18 .57 -.19
7.43 1.94 6.45 .18 .57 -.19
7.43 1.94 6.45 .49 .68 -.21
6.78 1.72 7.22 .76 .73 -.26
