7.96 5.47 10.18 2.15 1.74 -.50
7.96 5.47 10.18 1.54 1.09 -.43
7.96 3.62 7.69 1.54 1.09 -.43
7.96 3.62 7.69 .85 .54 -.26
8.20 4.31 7.01 .85 .54 -.26
8.20 4.31 7.01 .55 .07 .07
-15.99 12.13 28.61 2.03 -.57 1.97
-15.99 12.13 28.61 2.92 -3.99 4.55
-18.93 13.60 25.20 2.92 -3.99 4.55
-18.93 13.60 25.20 3.04 -6.83 6.40
-21.18 4.59 17.41 3.04 -6.83 6.40
-21.18 4.59 17.41 3.00 -9.46 7.77
-27.26 -11.79 17.69 3.00 -9.46 7.77
-27.26 -11.79 17.69 1.09 -11.46 8.46
-35.78 -22.93 5.80 1.09 -11.46 8.46
-35.78 -22.93 5.80 -1.39 -13.44 7.00
-23.49 -18.67 -3.87 -1.39 -13.44 7.00
-23.49 -18.67 -3.87 -2.08 -14.38 4.01
-12.56 -18.14 -9.14 -2.08 -14.38 4.01
-12.56 -18.14 -9.14 -2.28 -12.43 2.40
-2.17 -12.75 -16.86 -2.28 -12.43 2.40
-2.17 -12.75 -16.86 -1.94 -10.03 .54
9.00 -3.34 -20.75 -1.94 -10.03 .54
9.00 -3.34 -20.75 -.91 -7.12 -.84
10.83 -1.92 -18.97 -.91 -7.12 -.84
10.83 -1.92 -18.97 .95 -3.11 -1.13
4.51 -.71 -11.65 .95 -3.11 -1.13
4.51 -.71 -11.65 .96 .12 -1.57
5.56 1.40 -4.60 .96 .12 -1.57
5.56 1.40 -4.60 .24 2.27 -1.49
5.72 .28 -.35 .24 2.27 -1.49
5.72 .28 -.35 .23 3.68 -1.35
6.29 .00 2.20 .23 3.68 -1.35
6.29 .00 2.20 .66 4.34 -1.10
6.10 -.39 4.04 .66 4.34 -1.10
6.10 -.39 4.04 1.50 4.45 -1.05
6.56 1.01 5.58 1.50 4.45 -1.05
6.56 1.01 5.58 2.06 3.78 -.67
6.92 2.71 6.44 2.06 3.78 -.67
6.92 2.71 6.44 1.80 2.97 -.63
6.97 2.35 8.64 1.80 2.97 -.63
6.97 2.35 8.64 1.59 2.07 -.61
6.69 3.18 10.51 1.59 2.07 -.61
6.69 3.18 10.51 1.84 1.31 -.30
7.38 4.15 10.47 1.84 1.31 -.30
7.38 4.15 10.47 1.32 .60 -.23
8.18 3.77 9.08 1.32 .60 -.23
8.18 3.77 9.08 .53 .10 -.01
8.46 2.88 7.59 .53 .10 -.01
8.46 2.88 7.59 -.19 -.25 .12
8.72 2.39 6.53 -.19 -.25 .12
8.72 2.39 6.53 -.59 -.50 .33
8.84 2.70 6.55 -.59 -.50 .33
8.84 2.70 6.55 -.69 -.66 .47
8.69 2.82 6.11 -.69 -.66 .47
