6.78 1.72 7.22 .49 .68 -.21
-3.47 8.66 27.15 -.20 .02 1.34
-3.47 8.66 27.15 1.10 -.63 2.63
-3.05 12.92 34.74 1.10 -.63 2.63
-3.05 12.92 34.74 2.05 -2.30 4.03
-8.33 12.52 33.35 2.05 -2.30 4.03
-8.33 12.52 33.35 1.99 -4.21 5.38
-20.21 3.19 18.48 1.99 -4.21 5.38
-20.21 3.19 18.48 2.51 -5.31 6.67
-29.28 -6.23 15.93 2.51 -5.31 6.67
-29.28 -6.23 15.93 2.83 -7.91 7.21
-35.26 2.22 13.46 2.83 -7.91 7.21
-35.26 2.22 13.46 -.93 -10.38 7.23
-26.28 -2.53 -7.18 -.93 -10.38 7.23
-26.28 -2.53 -7.18 -9.64 -10.97 4.43
-3.95 -7.12 -27.86 -9.64 -10.97 4.43
-3.95 -7.12 -27.86 -14.84 -9.85 1.47
18.10 -20.27 -16.33 -14.84 -9.85 1.47
18.10 -20.27 -16.33 -9.30 -5.26 -.33
10.89 -9.89 -15.01 -9.30 -5.26 -.33
10.89 -9.89 -15.01 5.05 .57 1.18
-6.62 -8.05 -2.97 5.05 .57 1.18
-6.62 -8.05 -2.97 9.64 2.57 .04
-6.11 -1.49 2.98 9.64 2.57 .04
-6.11 -1.49 2.98 8.24 .82 -1.19
.30 1.42 3.64 4.74 -.70 -1.72
.30 1.42 3.64 8.24 .82 -1.19
4.87 -1.09 3.32 4.74 -.70 -1.72
4.87 -1.09 3.32 1.35 -.87 -2.32
3.68 .01 4.42 -.07 -.61 -2.30
3.68 .01 4.42 1.35 -.87 -2.32
5.15 .95 4.73 -.07 -.61 -2.30
5.15 .95 4.73 -.62 -.64 -2.27
8.36 .74 3.88 .03 -.42 -1.74
8.36 .74 3.88 -.62 -.64 -2.27
9.14 1.22 4.11 .03 -.42 -1.74
9.14 1.22 4.11 1.22 .01 -1.14
8.24 1.94 4.24 1.22 .01 -1.14
8.24 1.94 4.24 1.73 .18 -.77
8.77 2.22 4.63 1.73 .18 -.77
8.77 2.22 4.63 1.31 .06 -.62
9.09 2.65 5.31 1.31 .06 -.62
9.09 2.65 5.31 .51 .18 -.55
8.58 1.23 5.78 .51 .18 -.55
8.58 1.23 5.78 .02 .36 -.58
7.75 .56 6.26 .02 .36 -.58
7.75 .56 6.26 .23 .52 -.46
6.59 1.00 6.71 .23 .52 -.46
6.59 1.00 6.71 .53 .63 -.34
5.96 .96 6.54 .53 .63 -.34
