5.96 .96 6.54 .56 .68 -.40
-2.83 8.28 28.78 .54 -.21 2.85
-2.83 8.28 28.78 2.87 -1.39 4.39
-5.32 10.32 33.31 2.87 -1.39 4.39
-5.32 10.32 33.31 5.35 -2.29 6.20
-13.16 9.05 26.98 5.35 -2.29 6.20
-13.16 9.05 26.98 7.07 -3.42 8.16
-23.40 8.23 25.91 7.07 -3.42 8.16
-23.40 8.23 25.91 7.67 -4.50 9.74
-41.66 8.14 24.79 7.67 -4.50 9.74
-41.66 8.14 24.79 4.23 -5.57 11.76
-49.84 5.17 1.58 4.23 -5.57 11.76
-49.84 5.17 1.58 -7.10 -8.93 9.72
-17.11 -8.08 -25.33 -7.10 -8.93 9.72
-17.11 -8.08 -25.33 -18.62 -10.98 3.81
6.39 -26.39 -25.74 -18.62 -10.98 3.81
6.39 -26.39 -25.74 -17.30 -8.26 .26
25.41 -9.41 -16.03 -17.30 -8.26 .26
25.41 -9.41 -16.03 -2.26 -5.08 1.36
-2.27 -8.73 -11.43 -2.26 -5.08 1.36
-2.27 -8.73 -11.43 5.96 2.45 .36
-6.29 -8.14 -1.20 5.96 2.45 .36
-6.29 -8.14 -1.20 9.38 1.95 -1.08
-3.52 -1.02 3.08 9.38 1.95 -1.08
-3.52 -1.02 3.08 7.42 .12 -1.86
1.75 -.50 2.01 7.42 .12 -1.86
1.75 -.50 2.01 2.59 -.92 -3.04
1.59 1.92 3.82 2.59 -.92 -3.04
1.59 1.92 3.82 .75 -.93 -3.05
4.40 4.55 2.97 .75 -.93 -3.05
4.40 4.55 2.97 -.85 -.97 -3.02
9.72 4.31 2.95 -.85 -.97 -3.02
9.72 4.31 2.95 -.25 -.55 -2.35
9.88 3.54 4.02 -.25 -.55 -2.35
9.88 3.54 4.02 1.33 .19 -1.45
6.97 3.77 4.03 1.33 .19 -1.45
6.97 3.77 4.03 1.83 .35 -.85
8.88 4.76 3.85 1.83 .35 -.85
8.88 4.76 3.85 1.13 .03 -.72
10.02 5.30 5.14 1.13 .03 -.72
10.02 5.30 5.14 .28 .13 -.65
8.99 3.39 5.97 .28 .13 -.65
8.99 3.39 5.97 -.11 .36 -.54
7.67 2.92 6.47 -.11 .36 -.54
7.67 2.92 6.47 .02 .51 -.24
6.74 2.88 6.53 .02 .51 -.24
6.74 2.88 6.53 .04 .60 -.19
6.54 2.19 6.71 .04 .60 -.19
6.54 2.19 6.71 .17 .60 -.32
5.85 2.19 7.29 .17 .60 -.32
