5.85 2.19 7.29 .58 .67 -.35
-2.23 3.42 22.62 -1.61 -.98 2.02
-2.23 3.42 22.62 -.07 -1.74 3.56
-5.72 -.93 21.63 -.07 -1.74 3.56
-5.72 -.93 21.63 1.11 -2.15 4.33
-11.04 -10.18 16.65 1.11 -2.15 4.33
-11.04 -10.18 16.65 4.38 -3.61 5.04
-11.25 -13.57 10.73 4.38 -3.61 5.04
-11.25 -13.57 10.73 10.26 -5.16 5.99
-9.40 1.60 11.76 10.26 -5.16 5.99
-9.40 1.60 11.76 17.53 -4.78 8.78
-22.70 37.97 36.31 17.53 -4.78 8.78
-22.70 37.97 36.31 8.08 -6.23 10.79
-29.65 12.59 9.04 8.08 -6.23 10.79
-29.65 12.59 9.04 -17.15 -6.77 2.65
-16.71 -20.60 -22.12 -17.15 -6.77 2.65
-16.71 -20.60 -22.12 -23.34 -10.80 -2.12
-1.89 -26.44 -6.53 -23.34 -10.80 -2.12
-1.89 -26.44 -6.53 -11.71 -7.88 -4.70
9.51 -2.58 -5.98 -11.71 -7.88 -4.70
9.51 -2.58 -5.98 .32 -8.12 -1.78
6.24 -5.52 -7.84 .32 -8.12 -1.78
6.24 -5.52 -7.84 3.11 -3.28 -3.23
6.46 1.74 -7.49 3.11 -3.28 -3.23
6.46 1.74 -7.49 3.71 -2.40 -2.82
6.25 5.10 -2.84 3.71 -2.40 -2.82
6.25 5.10 -2.84 2.06 -1.19 -1.90
4.62 .37 -1.99 2.06 -1.19 -1.90
4.62 .37 -1.99 .60 .04 -2.12
4.63 -.43 -2.86 .60 .04 -2.12
4.63 -.43 -2.86 2.03 .66 -1.73
5.34 1.60 -2.26 2.03 .66 -1.73
5.34 1.60 -2.26 3.82 .98 -1.39
5.00 3.07 -.68 3.82 .98 -1.39
5.00 3.07 -.68 4.12 1.17 -1.32
5.38 4.72 .42 4.12 1.17 -1.32
5.38 4.72 .42 3.51 1.08 -1.31
6.71 4.36 1.35 3.51 1.08 -1.31
6.71 4.36 1.35 2.46 .93 -1.13
7.40 4.36 1.99 2.46 .93 -1.13
7.40 4.36 1.99 1.60 .91 -.81
7.40 5.05 3.14 .76 .83 -.57
7.40 5.05 3.14 1.60 .91 -.81
7.80 3.59 2.89 -.14 .74 -.57
7.80 3.59 2.89 .76 .83 -.57
8.10 3.34 3.24 -.14 .74 -.57
8.10 3.34 3.24 -.20 .75 -.39
8.61 3.79 3.51 -.20 .75 -.39
8.61 3.79 3.51 -.15 .80 -.31
8.27 2.95 3.90 -.15 .80 -.31
