8.27 2.95 3.90 -.01 .95 -.30
-5.18 11.14 23.98 .40 -.12 2.38
-5.18 11.14 23.98 1.22 -1.01 3.34
-6.08 16.32 27.83 1.22 -1.01 3.34
-6.08 16.32 27.83 2.16 -2.27 4.86
-12.13 13.65 29.62 2.16 -2.27 4.86
-12.13 13.65 29.62 2.41 -3.78 5.97
-22.41 7.53 24.25 2.41 -3.78 5.97
-22.41 7.53 24.25 2.25 -5.52 7.54
-33.01 -.72 21.69 2.25 -5.52 7.54
-33.01 -.72 21.69 -.70 -7.73 6.87
-39.99 -2.84 8.76 -.70 -7.73 6.87
-39.99 -2.84 8.76 -7.07 -11.16 5.49
-23.95 -5.83 -9.52 -7.07 -11.16 5.49
-23.95 -5.83 -9.52 -12.04 -12.96 1.92
-7.88 -6.96 -17.15 -12.04 -12.96 1.92
-7.88 -6.96 -17.15 -12.59 -11.31 -.32
6.76 -4.97 -22.22 -12.59 -11.31 -.32
6.76 -4.97 -22.22 -8.20 -8.36 -1.63
21.26 -6.03 -21.38 -8.20 -8.36 -1.63
21.26 -6.03 -21.38 -1.01 -4.30 -.63
7.10 -5.29 -12.38 -1.01 -4.30 -.63
7.10 -5.29 -12.38 4.19 1.02 -.76
-2.06 -3.54 -4.71 4.19 1.02 -.76
-2.06 -3.54 -4.71 5.76 2.52 -1.02
-2.45 -2.59 -1.33 5.76 2.52 -1.02
-2.45 -2.59 -1.33 5.32 2.32 -1.44
2.43 -1.20 .31 5.32 2.32 -1.44
2.43 -1.20 .31 4.67 1.88 -2.07
5.63 1.29 2.54 4.67 1.88 -2.07
5.63 1.29 2.54 4.58 1.64 -1.93
5.62 3.60 5.21 4.58 1.64 -1.93
6.08 4.67 6.78 4.06 1.41 -1.67
5.62 3.60 5.21 4.06 1.41 -1.67
6.08 4.67 6.78 2.74 .88 -1.37
8.02 3.82 6.69 2.74 .88 -1.37
8.02 3.82 6.69 1.09 .40 -1.22
8.48 4.01 6.50 1.09 .40 -1.22
8.48 4.01 6.50 .13 .29 -.97
8.40 3.19 6.05 .13 .29 -.97
8.40 3.19 6.05 -.35 .22 -.81
8.43 2.92 5.51 -.35 .22 -.81
8.43 2.92 5.51 -.25 .17 -.55
8.13 2.22 5.57 -.25 .17 -.55
8.13 2.22 5.57 -.13 .24 -.55
7.61 2.06 6.36 -.13 .24 -.55
7.61 2.06 6.36 .15 .34 -.52
7.23 1.84 6.75 .15 .34 -.52
7.23 1.84 6.75 .23 .45 -.54
6.82 1.87 7.19 .23 .45 -.54
