6.82 1.87 7.19 .40 .56 -.48
-3.34 7.80 19.18 -1.11 -.28 1.10
-3.34 7.80 19.18 -.33 -.39 2.22
-3.74 17.71 29.91 -.33 -.39 2.22
-3.74 17.71 29.91 .84 -1.12 3.88
-3.78 18.38 33.04 .84 -1.12 3.88
-3.78 18.38 33.04 1.79 -2.76 5.41
-8.81 14.92 27.79 1.79 -2.76 5.41
-8.81 14.92 27.79 2.02 -4.47 7.16
-19.24 .44 19.80 2.02 -4.47 7.16
-19.24 .44 19.80 3.95 -5.62 8.92
-29.66 -5.54 21.00 3.95 -5.62 8.92
-29.66 -5.54 21.00 5.91 -6.14 9.93
-46.85 -.37 12.80 5.91 -6.14 9.93
-46.85 -.37 12.80 3.11 -6.48 11.31
-25.46 -4.71 -1.31 3.11 -6.48 11.31
-25.46 -4.71 -1.31 -6.51 -8.12 6.70
-6.54 -9.03 -19.96 -6.51 -8.12 6.70
-6.54 -9.03 -19.96 -15.33 -8.35 2.85
12.52 -28.40 -8.62 -15.33 -8.35 2.85
12.52 -28.40 -8.62 -11.85 -5.10 .00
9.22 -9.92 -6.90 -11.85 -5.10 .00
9.22 -9.92 -6.90 1.12 -1.34 .81
-3.13 -10.89 -4.29 1.12 -1.34 .81
-3.13 -10.89 -4.29 5.56 1.10 -.73
-1.24 -6.45 1.40 5.56 1.10 -.73
-1.24 -6.45 1.40 6.62 -.06 -1.63
1.70 1.76 3.38 6.62 -.06 -1.63
1.70 1.76 3.38 3.67 -.58 -2.13
2.82 -.25 4.54 3.67 -.58 -2.13
2.82 -.25 4.54 .95 -.73 -2.41
4.46 1.37 3.96 .95 -.73 -2.41
4.46 1.37 3.96 -.23 -.73 -2.43
7.58 1.76 3.45 -.23 -.73 -2.43
7.58 1.76 3.45 -.07 -.53 -2.02
9.33 2.21 4.18 -.07 -.53 -2.02
9.33 2.21 4.18 1.21 -.14 -1.32
8.30 2.86 4.94 1.89 .10 -.81
8.30 2.86 4.94 1.21 -.14 -1.32
8.24 3.32 5.21 1.89 .10 -.81
8.24 3.32 5.21 1.50 .00 -.58
9.02 3.09 5.50 1.50 .00 -.58
9.02 3.09 5.50 .72 -.10 -.51
8.81 2.55 5.95 .72 -.10 -.51
8.81 2.55 5.95 .27 -.03 -.43
8.12 1.89 6.05 .27 -.03 -.43
8.12 1.89 6.05 .17 .07 -.37
7.44 1.49 5.89 .17 .07 -.37
7.44 1.49 5.89 .31 .20 -.32
6.56 1.59 6.24 .31 .20 -.32
