6.56 1.59 6.24 .41 .31 -.33
-31.49 4.69 18.30 6.48 -5.33 9.10
-31.49 4.69 18.30 5.14 -4.49 11.16
-48.56 4.54 11.07 5.14 -4.49 11.16
-48.56 4.54 11.07 -1.04 -6.30 11.85
-22.93 -3.42 -6.51 -1.04 -6.30 11.85
-22.93 -3.42 -6.51 -12.54 -8.11 6.23
-6.53 -11.41 -17.62 -12.54 -8.11 6.23
-6.53 -11.41 -17.62 -18.22 -8.52 3.22
9.34 -19.23 -13.82 -18.22 -8.52 3.22
9.34 -19.23 -13.82 -12.14 -7.27 .89
12.00 -9.50 -12.59 -12.14 -7.27 .89
12.00 -9.50 -12.59 -1.94 -3.19 1.02
5.83 -9.31 -8.96 -1.94 -3.19 1.02
5.83 -9.31 -8.96 3.34 .51 -.11
.93 -6.98 .59 3.34 .51 -.11
.93 -6.98 .59 5.33 1.79 -.58
-1.46 -5.41 3.41 5.33 1.79 -.58
-1.46 -5.41 3.41 4.77 1.43 -1.39
1.23 -1.86 4.35 4.77 1.43 -1.39
1.23 -1.86 4.35 3.67 .44 -1.77
3.65 .65 5.51 3.67 .44 -1.77
3.65 .65 5.51 2.29 -.02 -1.97
5.35 1.34 6.40 2.29 -.02 -1.97
5.35 1.34 6.40 .98 -.27 -1.91
7.38 1.42 6.57 .98 -.27 -1.91
7.38 1.42 6.57 .28 -.31 -1.70
8.28 1.87 6.23 .28 -.31 -1.70
8.28 1.87 6.23 .16 -.16 -1.34
7.99 2.30 5.70 .16 -.16 -1.34
7.99 2.30 5.70 .06 -.05 -1.03
8.02 2.16 5.22 .06 -.05 -1.03
8.02 2.16 5.22 -.03 -.13 -.84
8.49 1.99 5.65 -.03 -.13 -.84
8.49 1.99 5.65 -.24 -.17 -.77
7.75 1.11 6.26 -.51 -.07 -.74
7.75 1.11 6.26 -.70 .06 -.72
7.07 .56 5.80 -.70 .06 -.72
8.09 1.75 6.08 -.24 -.17 -.77
8.09 1.75 6.08 -.51 -.07 -.74
7.07 .56 5.80 -.84 .25 -.70
6.67 .00 5.76 -.84 .25 -.70
6.67 .00 5.76 -.84 .45 -.77
5.74 -.16 6.27 -.84 .45 -.77
5.74 -.16 6.27 -.69 .69 -.90
4.63 -.46 6.38 -.69 .69 -.90
4.63 -.46 6.38 -.49 .90 -1.24
4.27 -.84 6.87 -.49 .90 -1.24
4.27 -.84 6.87 -.17 .98 -1.38
4.17 -.27 7.28 -.17 .98 -1.38
