4.17 -.27 7.28 -.16 1.10 -1.53
-3.14 7.99 17.95 -.12 .64 1.20
-3.14 7.99 17.95 .38 .55 1.83
-.74 12.51 23.90 .38 .55 1.83
-.74 12.51 23.90 1.56 .47 2.78
-2.00 13.06 28.92 1.56 .47 2.78
-2.00 13.06 28.92 3.18 .31 4.30
-7.26 13.00 29.04 3.18 .31 4.30
-7.26 13.00 29.04 5.75 -.54 6.24
-13.32 16.30 26.41 5.75 -.54 6.24
-13.32 16.30 26.41 8.62 -1.74 8.95
-19.91 11.32 30.52 8.62 -1.74 8.95
-19.91 11.32 30.52 8.07 -3.19 9.67
-34.82 9.27 24.81 8.07 -3.19 9.67
-34.82 9.27 24.81 2.31 -4.20 10.64
-36.61 -1.63 7.75 -5.07 -6.85 8.89
-36.61 -1.63 7.75 2.31 -4.20 10.64
-21.20 -11.12 -5.19 -5.07 -6.85 8.89
-21.20 -11.12 -5.19 -8.08 -7.78 5.79
-9.08 -10.90 -7.24 -8.08 -7.78 5.79
-9.08 -10.90 -7.24 -8.43 -7.87 4.04
6.85 -13.61 -13.02 -8.43 -7.87 4.04
6.85 -13.61 -13.02 -5.86 -6.70 1.67
10.89 -8.39 -6.06 -5.86 -6.70 1.67
10.89 -8.39 -6.06 -.41 -3.15 1.51
-3.39 -6.04 -1.95 -.41 -3.15 1.51
-3.39 -6.04 -1.95 2.18 -.30 .38
.18 -4.53 -2.05 2.18 -.30 .38
.18 -4.53 -2.05 2.99 -.39 -.56
2.63 -2.78 -1.92 2.99 -.39 -.56
2.63 -2.78 -1.92 3.13 .00 -1.38
1.99 -1.30 -1.41 3.13 .00 -1.38
1.99 -1.30 -1.41 3.09 .30 -1.84
2.31 .60 .08 3.09 .30 -1.84
2.31 .60 .08 3.06 .17 -1.97
5.11 5.30 .23 3.06 .17 -1.97
5.11 5.30 .23 2.80 -.06 -1.73
7.70 6.62 3.28 2.80 -.06 -1.73
7.70 6.62 3.28 2.22 .10 -1.46
6.76 4.39 4.59 2.22 .10 -1.46
6.76 4.39 4.59 1.12 .29 -1.02
8.06 5.12 4.03 1.12 .29 -1.02
8.06 5.12 4.03 .02 .09 -.64
8.97 5.51 4.16 .02 .09 -.64
8.97 5.51 4.16 -.94 .14 -.43
8.30 5.12 4.25 -.94 .14 -.43
8.30 5.12 4.25 -1.47 .28 -.28
7.95 3.89 5.03 -1.47 .28 -.28
7.95 3.89 5.03 -1.43 .37 -.25
