7.53 3.08 5.25 -1.43 .37 -.25
7.53 3.08 5.25 -.97 .49 -.23
-4.80 10.62 29.34 1.81 -.43 3.90
-4.80 10.62 29.34 3.95 -1.43 5.15
-8.43 10.65 24.66 3.95 -1.43 5.15
-8.43 10.65 24.66 6.13 -3.04 7.10
-12.38 2.63 19.45 6.13 -3.04 7.10
-12.38 2.63 19.45 11.68 -3.78 7.86
-22.11 14.84 25.79 11.68 -3.78 7.86
-22.11 14.84 25.79 17.87 -4.01 12.32
-44.72 23.09 24.72 17.87 -4.01 12.32
-44.72 23.09 24.72 4.64 -2.82 13.47
-30.03 -3.78 -1.26 4.64 -2.82 13.47
-30.03 -3.78 -1.26 -13.53 -4.63 8.11
-13.64 -10.01 -23.09 -13.53 -4.63 8.11
-13.64 -10.01 -23.09 -23.07 -7.34 4.80
10.53 -32.82 -14.82 -23.07 -7.34 4.80
10.53 -32.82 -14.82 -15.29 -7.73 .02
14.11 -9.03 -9.52 -15.29 -7.73 .02
14.11 -9.03 -9.52 .49 -3.25 1.68
1.95 -14.62 -8.54 .49 -3.25 1.68
1.95 -14.62 -8.54 6.62 .96 -.54
.52 -2.85 .15 6.62 .96 -.54
.52 -2.85 .15 8.22 1.35 -1.00
-2.46 -.67 3.55 8.22 1.35 -1.00
-2.46 -.67 3.55 5.06 .83 -2.18
.85 -1.26 2.35 5.06 .83 -2.18
.85 -1.26 2.35 2.84 -.10 -2.54
4.51 3.46 4.18 2.84 -.10 -2.54
4.51 3.46 4.18 2.11 -.49 -2.20
6.30 6.23 4.92 2.11 -.49 -2.20
6.30 6.23 4.92 1.08 -.60 -1.82
8.53 4.69 5.86 1.08 -.60 -1.82
8.53 4.69 5.86 -.48 -.50 -1.12
8.10 4.06 5.57 -.48 -.50 -1.12
8.10 4.06 5.57 -.94 -.32 -.66
7.88 2.77 4.61 -.94 -.32 -.66
7.88 2.77 4.61 -1.22 -.36 -.47
8.64 2.34 4.79 -1.22 -.36 -.47
8.64 2.34 4.79 -.93 -.30 -.41
8.44 2.14 5.59 -.93 -.30 -.41
8.44 2.14 5.59 -.50 -.11 -.45
7.58 1.64 6.01 -.50 -.11 -.45
7.58 1.64 6.01 -.10 .09 -.43
6.77 1.34 6.25 -.10 .09 -.43
6.77 1.34 6.25 .19 .24 -.43
6.30 1.34 6.47 .19 .24 -.43
6.30 1.34 6.47 .27 .33 -.47
5.71 1.45 6.72 .27 .33 -.47
5.71 1.45 6.72 .28 .42 -.58
5.11 1.68 6.32 .28 .42 -.58
