5.11 1.68 6.32 .23 .47 -.72
-1.22 12.39 30.13 1.69 -.31 2.52
-1.22 12.39 30.13 1.94 -1.12 4.21
-6.22 9.69 29.11 1.94 -1.12 4.21
-6.22 9.69 29.11 2.23 -2.54 5.40
-14.65 -.89 19.82 2.23 -2.54 5.40
-14.65 -.89 19.82 4.06 -3.17 5.85
-20.32 -5.91 18.78 4.06 -3.17 5.85
-20.32 -5.91 18.78 8.39 -4.87 8.24
-24.17 5.20 21.57 8.39 -4.87 8.24
-24.17 5.20 21.57 8.98 -6.54 9.37
-32.02 7.30 16.37 8.98 -6.54 9.37
-32.02 7.30 16.37 -1.01 -7.16 7.72
-16.21 -6.49 -1.66 -1.01 -7.16 7.72
-16.21 -6.49 -1.66 -10.41 -8.36 3.93
-4.18 -15.04 -12.96 -10.41 -8.36 3.93
-4.18 -15.04 -12.96 -12.10 -7.97 1.74
8.71 -8.29 -11.94 -12.10 -7.97 1.74
8.71 -8.29 -11.94 -5.84 -7.17 .03
6.86 -4.24 -9.36 -5.84 -7.17 .03
6.86 -4.24 -9.36 .18 -3.14 -.13
1.89 -5.63 -7.08 .18 -3.14 -.13
1.89 -5.63 -7.08 3.04 -1.22 -1.15
2.65 -1.78 -3.52 3.04 -1.22 -1.15
2.65 -1.78 -3.52 3.86 -.18 -1.64
1.38 .19 -2.27 3.86 -.18 -1.64
1.38 .19 -2.27 3.66 .50 -1.89
4.10 1.53 -2.34 3.66 .50 -1.89
4.10 1.53 -2.34 3.40 .60 -2.06
6.29 3.28 -.79 3.40 .60 -2.06
6.29 3.28 -.79 3.00 .82 -1.89
6.21 4.42 1.60 3.00 .82 -1.89
6.21 4.42 1.60 2.59 .94 -1.38
7.30 5.24 3.42 2.59 .94 -1.38
7.30 5.24 3.42 1.58 .76 -1.05
8.50 5.17 3.65 1.58 .76 -1.05
