8.50 5.17 3.65 .43 .64 -.74
8.68 4.33 3.43 .43 .64 -.74
8.68 4.33 3.43 -.33 .63 -.52
8.82 4.22 3.82 -.33 .63 -.52
8.82 4.22 3.82 -.52 .59 -.34
8.98 3.45 4.28 -.52 .59 -.34
8.98 3.45 4.28 -.38 .64 -.26
8.45 3.46 5.50 -.38 .64 -.26
8.45 3.46 5.50 .05 .77 -.15
7.89 3.37 5.88 .05 .77 -.15
7.89 3.37 5.88 .32 .82 -.10
7.60 3.05 6.35 .32 .82 -.10
7.60 3.05 6.35 .31 .84 -.09
6.91 3.39 7.00 .31 .84 -.09
6.91 3.39 7.00 .27 .85 -.09
-6.91 17.97 31.07 1.20 -.09 3.14
-6.91 17.97 31.07 3.75 -1.09 5.13
-11.54 21.85 33.25 4.74 -3.44 6.91
-11.54 21.85 33.25 3.75 -1.09 5.13
-19.73 10.48 29.72 3.50 -5.68 7.62
-19.73 10.48 29.72 4.74 -3.44 6.91
-34.51 -.77 26.28 3.50 -5.68 7.62
-34.51 -.77 26.28 1.18 -7.56 8.83
-47.95 -8.04 13.96 -4.50 -10.11 7.50
-47.95 -8.04 13.96 1.18 -7.56 8.83
-27.24 -8.23 -8.24 -9.11 -11.94 3.41
-27.24 -8.23 -8.24 -4.50 -10.11 7.50
-11.68 -6.25 -15.72 -10.93 -11.38 1.00
-11.68 -6.25 -15.72 -9.11 -11.94 3.41
3.33 -5.00 -20.47 -9.78 -8.76 -.63
3.33 -5.00 -20.47 -10.93 -11.38 1.00
15.42 -6.33 -18.11 -3.72 -5.55 -1.08
15.42 -6.33 -18.11 -9.78 -8.76 -.63
4.35 -3.54 -13.20 1.10 -1.03 -.36
4.35 -3.54 -13.20 -3.72 -5.55 -1.08
1.61 -1.82 -9.32 2.34 .57 -.72
1.61 -1.82 -9.32 1.10 -1.03 -.36
2.71 -3.12 -6.64 2.96 1.81 -.97
2.71 -3.12 -6.64 2.34 .57 -.72
3.36 -2.63 -3.20 3.93 2.52 -1.31
3.36 -2.63 -3.20 2.96 1.81 -.97
4.28 .37 .67 4.68 2.54 -1.33
4.28 .37 .67 3.93 2.52 -1.31
5.73 2.76 4.32 4.36 2.23 -1.29
5.73 2.76 4.32 4.68 2.54 -1.33
6.16 3.30 6.14 3.07 1.80 -1.18
6.16 3.30 6.14 4.36 2.23 -1.29
7.80 3.42 6.06 1.56 1.23 -.96
7.80 3.42 6.06 3.07 1.80 -1.18
9.09 3.08 6.43 .34 .94 -.76
9.09 3.08 6.43 1.56 1.23 -.96
8.41 2.52 6.72 -.40 .67 -.49
8.41 2.52 6.72 .34 .94 -.76
8.94 1.61 6.36 -.29 .54 -.41
8.94 1.61 6.36 -.40 .67 -.49
8.96 1.44 6.58 .05 .63 -.34
