8.69 2.82 6.11 -1.16 -.72 .44
-9.51 11.08 25.11 2.72 1.84 .89
-9.51 11.08 25.11 3.58 .88 1.80
-10.43 18.88 26.18 3.58 .88 1.80
-10.43 18.88 26.18 4.12 -.89 3.48
-12.73 23.33 24.90 4.12 -.89 3.48
-12.73 23.33 24.90 4.07 -2.83 5.93
-15.88 20.64 20.29 4.07 -2.83 5.93
-15.88 20.64 20.29 3.15 -5.06 8.34
-20.62 8.20 20.39 3.15 -5.06 8.34
-20.62 8.20 20.39 .60 -7.17 9.06
-28.61 -11.32 13.49 .60 -7.17 9.06
-28.61 -11.32 13.49 -2.03 -8.40 8.51
-29.56 -25.17 10.25 -2.03 -8.40 8.51
-29.56 -25.17 10.25 -1.26 -9.58 7.03
-20.90 -18.27 4.82 -1.26 -9.58 7.03
-20.90 -18.27 4.82 -.72 -9.85 6.10
-13.58 -17.77 -4.10 -.72 -9.85 6.10
-13.58 -17.77 -4.10 -.76 -9.16 3.38
-1.26 -9.11 -9.06 -.76 -9.16 3.38
-1.26 -9.11 -9.06 -.63 -8.34 1.61
7.33 -5.67 -11.32 -.63 -8.34 1.61
7.33 -5.67 -11.32 -.89 -6.61 1.22
9.44 -4.49 -11.29 -.89 -6.61 1.22
9.44 -4.49 -11.29 -1.28 -4.15 .32
6.91 -3.73 -9.24 -1.28 -4.15 .32
6.91 -3.73 -9.24 -1.45 -2.01 -.40
7.54 -1.96 -6.52 -1.45 -2.01 -.40
7.54 -1.96 -6.52 -1.30 -.21 -.70
6.89 -1.94 -3.13 -1.30 -.21 -.70
6.89 -1.94 -3.13 -.47 1.35 -.78
6.50 -1.59 -.34 -.47 1.35 -.78
6.50 -1.59 -.34 .54 2.26 -.90
6.96 -.10 1.98 .54 2.26 -.90
6.96 -.10 1.98 1.31 2.58 -.96
7.41 .18 3.14 1.31 2.58 -.96
7.41 .18 3.14 1.62 2.48 -.99
7.75 -.20 4.84 1.62 2.48 -.99
7.75 -.20 4.84 1.66 2.15 -1.02
7.61 1.38 6.91 1.66 2.15 -1.02
7.61 1.38 6.91 1.57 1.68 -.84
7.91 2.36 7.82 1.57 1.68 -.84
7.91 2.36 7.82 1.11 1.14 -.67
8.58 2.22 7.20 1.11 1.14 -.67
8.58 2.22 7.20 .28 .69 -.53
8.94 1.81 6.54 .28 .69 -.53
8.94 1.81 6.54 -.34 .42 -.37
9.00 1.57 5.44 -.34 .42 -.37
9.00 1.57 5.44 -.85 .19 -.27
9.17 1.09 4.56 -.85 .19 -.27
