8.96 1.44 6.58 -.29 .54 -.41
7.85 1.31 6.74 .20 .76 -.36
7.85 1.31 6.74 .05 .63 -.34
7.21 1.00 7.03 .37 .76 -.36
7.21 1.00 7.03 .20 .76 -.36
6.76 .54 6.80 .54 .76 -.33
6.76 .54 6.80 .37 .76 -.36
6.45 .90 7.63 .69 .70 -.34
6.45 .90 7.63 .54 .76 -.33
-2.73 14.99 21.23 .38 .23 1.13
-2.73 14.99 21.23 1.29 .00 2.53
-3.44 17.78 25.71 1.89 -.26 3.56
-3.44 17.78 25.71 1.29 .00 2.53
-5.77 23.68 31.17 2.93 -1.86 6.29
-5.77 23.68 31.17 1.89 -.26 3.56
-12.97 18.12 29.85 2.93 -1.86 6.29
-12.97 18.12 29.85 2.43 -3.81 7.93
-24.03 3.45 25.52 2.43 -3.81 7.93
-24.03 3.45 25.52 .77 -5.43 8.20
-39.54 -9.07 18.15 .77 -5.43 8.20
-39.54 -9.07 18.15 -.74 -7.49 8.40
-37.12 -8.18 7.83 -3.42 -9.88 6.62
-37.12 -8.18 7.83 -.74 -7.49 8.40
-23.79 -8.89 -4.75 -6.83 -10.17 3.81
-23.79 -8.89 -4.75 -3.42 -9.88 6.62
-11.32 -5.09 -11.61 -6.83 -10.17 3.81
-11.32 -5.09 -11.61 -10.41 -10.17 1.55
3.77 -5.65 -18.81 -11.21 -8.08 -1.08
3.77 -5.65 -18.81 -10.41 -10.17 1.55
16.29 -7.92 -15.28 -6.69 -4.94 -.76
16.29 -7.92 -15.28 -11.21 -8.08 -1.08
6.71 -8.56 -9.28 -6.69 -4.94 -.76
6.71 -8.56 -9.28 1.32 -.59 -.38
3.02 -2.91 -5.60 1.32 -.59 -.38
3.02 -2.91 -5.60 4.73 1.16 -.48
2.59 -3.24 -1.06 4.73 1.16 -.48
2.59 -3.24 -1.06 4.95 2.02 -.66
2.06 -4.07 1.28 4.13 2.10 -1.37
2.06 -4.07 1.28 4.95 2.02 -.66
3.91 -1.45 3.11 4.13 2.10 -1.37
3.91 -1.45 3.11 3.52 1.65 -1.44
6.41 .96 5.38 3.24 1.22 -1.33
6.41 .96 5.38 3.52 1.65 -1.44
7.34 1.75 6.56 2.83 .97 -1.20
7.34 1.75 6.56 3.24 1.22 -1.33
7.97 2.08 7.07 2.21 .69 -.93
7.97 2.08 7.07 2.83 .97 -1.20
8.26 2.05 6.92 1.29 .47 -.82
8.26 2.05 6.92 2.21 .69 -.93
8.07 2.82 6.88 .65 .29 -.53
8.07 2.82 6.88 1.29 .47 -.82
8.54 1.76 5.71 .07 .14 -.40
8.54 1.76 5.71 .65 .29 -.53
8.92 1.30 5.88 .11 .14 -.22
8.92 1.30 5.88 .07 .14 -.40
7.89 1.27 5.94 .18 .30 -.12
7.89 1.27 5.94 .11 .14 -.22
7.29 .54 6.41 .39 .33 -.17
