7.29 .54 6.41 .18 .30 -.12
-5.80 7.75 19.34 -.47 1.32 .28
-5.80 7.75 19.34 -.01 .78 1.07
-5.07 16.43 23.71 1.30 -.04 2.56
-5.07 16.43 23.71 -.01 .78 1.07
-5.04 23.25 29.36 3.36 -1.17 4.47
-5.04 23.25 29.36 1.30 -.04 2.56
-7.93 24.48 32.20 4.91 -2.90 6.93
-7.93 24.48 32.20 3.36 -1.17 4.47
-15.73 20.29 26.58 3.58 -4.17 8.88
-15.73 20.29 26.58 4.91 -2.90 6.93
-30.97 3.83 22.77 .37 -5.37 9.28
-30.97 3.83 22.77 3.58 -4.17 8.88
-51.59 -6.91 18.89 -3.79 -8.63 9.10
-51.59 -6.91 18.89 .37 -5.37 9.28
-32.46 -5.80 2.20 -8.73 -11.04 4.98
-32.46 -5.80 2.20 -3.79 -8.63 9.10
-19.40 -5.42 -9.10 -12.13 -11.41 2.80
-19.40 -5.42 -9.10 -8.73 -11.04 4.98
-4.40 -2.64 -17.27 -14.23 -10.21 .10
-4.40 -2.64 -17.27 -12.13 -11.41 2.80
11.75 -4.65 -19.55 -11.07 -7.42 -1.26
11.75 -4.65 -19.55 -14.23 -10.21 .10
18.83 -9.90 -15.01 -11.07 -7.42 -1.26
18.83 -9.90 -15.01 -1.61 -3.16 .59
1.42 -4.07 -8.59 -1.61 -3.16 .59
1.42 -4.07 -8.59 4.66 1.00 .29
1.39 -5.32 -2.80 4.66 1.00 .29
1.39 -5.32 -2.80 6.79 1.85 .78
1.18 -5.76 -.13 6.64 2.23 -.15
1.18 -5.76 -.13 6.79 1.85 .78
1.24 -5.00 1.22 6.64 2.23 -.15
1.24 -5.00 1.22 5.65 1.74 -.93
2.71 -1.88 3.66 5.65 1.74 -.93
2.71 -1.88 3.66 4.44 .98 -1.44
4.79 -.17 5.26 2.87 .49 -1.67
4.79 -.17 5.26 4.44 .98 -1.44
6.87 -.12 6.17 1.28 .32 -1.71
6.87 -.12 6.17 2.87 .49 -1.67
7.71 -.77 6.05 .35 .38 -1.57
7.71 -.77 6.05 1.28 .32 -1.71
7.87 -.10 4.90 -.07 .48 -1.35
7.87 -.10 4.90 .35 .38 -1.57
8.55 .42 5.13 -.11 .47 -1.26
8.55 .42 5.13 -.07 .48 -1.35
8.39 -.13 5.83 .42 .45 -1.17
8.39 -.13 5.83 -.11 .47 -1.26
8.08 .14 6.15 .91 .43 -1.06
8.08 .14 6.15 .42 .45 -1.17
8.11 .70 6.68 .78 .44 -.98
