8.11 .70 6.68 .91 .43 -1.06
-9.02 15.71 27.16 2.41 .63 3.23
-9.02 15.71 27.16 3.07 -.64 4.36
-10.45 17.60 26.25 2.74 -2.30 5.43
-10.45 17.60 26.25 3.07 -.64 4.36
-13.51 13.39 22.00 2.74 -2.30 5.43
-13.51 13.39 22.00 2.17 -3.98 6.61
-18.30 4.91 21.11 2.17 -3.98 6.61
-18.30 4.91 21.11 1.79 -5.50 7.23
-27.88 1.81 20.78 1.79 -5.50 7.23
-27.88 1.81 20.78 -2.01 -6.63 7.14
-37.55 2.65 6.66 -2.01 -6.63 7.14
-37.55 2.65 6.66 -9.30 -8.90 5.62
-24.00 .30 -16.55 -9.30 -8.90 5.62
-24.00 .30 -16.55 -16.14 -12.51 1.64
-4.57 -4.43 -21.36 -16.81 -12.65 -.40
-4.57 -4.43 -21.36 -16.14 -12.51 1.64
14.22 -9.36 -21.46 -16.81 -12.65 -.40
14.22 -9.36 -21.46 -11.31 -7.61 -1.47
21.11 -6.83 -12.53 -11.31 -7.61 -1.47
21.11 -6.83 -12.53 .80 -3.03 .43
1.89 -2.33 -8.05 .80 -3.03 .43
1.89 -2.33 -8.05 4.78 .86 .63
-.51 -4.25 -2.05 4.78 .86 .63
-.51 -4.25 -2.05 3.94 1.78 .30
.25 -5.03 .30 2.80 1.37 -.71
.25 -5.03 .30 3.94 1.78 .30
4.31 -3.88 3.05 2.07 1.09 -1.30
4.31 -3.88 3.05 2.80 1.37 -.71
5.26 -2.17 3.96 1.77 1.00 -1.60
5.26 -2.17 3.96 2.07 1.09 -1.30
7.03 -.48 5.36 1.55 1.01 -1.40
7.03 -.48 5.36 1.77 1.00 -1.60
8.03 -.53 6.50 1.26 1.10 -1.10
8.03 -.53 6.50 1.55 1.01 -1.40
7.70 -.50 6.64 1.02 1.04 -.81
7.70 -.50 6.64 1.26 1.10 -1.10
7.66 -.40 6.86 .48 .79 -.76
7.66 -.40 6.86 1.02 1.04 -.81
8.29 -.11 7.43 .14 .47 -.67
8.29 -.11 7.43 .48 .79 -.76
8.93 -.79 6.62 .20 .27 -.59
8.93 -.79 6.62 .14 .47 -.67
8.43 -.99 7.07 .51 .28 -.35
8.43 -.99 7.07 .20 .27 -.59
7.34 -.93 7.06 .37 .36 -.28
7.34 -.93 7.06 .51 .28 -.35
6.87 -1.76 7.20 .10 .47 -.38
6.87 -1.76 7.20 .37 .36 -.28
6.18 -2.01 6.91 .30 .65 -.36
