6.18 -2.01 6.91 .10 .47 -.38
-5.35 16.06 19.82 .33 .81 .88
-5.35 16.06 19.82 .69 .16 1.78
-3.56 24.58 25.27 1.71 -.49 3.51
-3.56 24.58 25.27 .69 .16 1.78
-7.59 30.33 32.32 3.31 -1.88 6.35
-7.59 30.33 32.32 1.71 -.49 3.51
-14.88 28.96 32.99 3.50 -3.87 8.65
-14.88 28.96 32.99 3.31 -1.88 6.35
-25.51 16.75 28.72 1.25 -5.62 10.27
-25.51 16.75 28.72 3.50 -3.87 8.65
-48.61 -3.65 23.13 -2.65 -7.56 10.97
-48.61 -3.65 23.13 1.25 -5.62 10.27
-48.02 -11.58 3.71 -7.63 -10.59 8.35
-48.02 -11.58 3.71 -2.65 -7.56 10.97
-22.66 -11.11 -17.67 -11.84 -11.37 3.60
-22.66 -11.11 -17.67 -7.63 -10.59 8.35
.51 -13.61 -25.53 -11.84 -11.37 3.60
.51 -13.61 -25.53 -12.80 -9.28 .90
21.79 -17.32 -16.66 -12.80 -9.28 .90
21.79 -17.32 -16.66 -6.31 -5.02 .99
.50 -9.47 -9.93 -6.31 -5.02 .99
.50 -9.47 -9.93 4.24 .74 .41
-3.87 -5.30 -6.04 4.24 .74 .41
-3.87 -5.30 -6.04 4.98 .88 -.69
-.51 -3.29 -1.96 4.98 .88 -.69
-.51 -3.29 -1.96 3.44 .91 -1.60
4.40 -1.24 1.82 2.62 .79 -2.27
4.40 -1.24 1.82 3.44 .91 -1.60
4.45 .36 3.81 2.56 .84 -2.06
4.45 .36 3.81 2.62 .79 -2.27
5.99 5.40 3.62 1.99 .67 -1.64
5.99 5.40 3.62 2.56 .84 -2.06
8.41 3.07 5.27 1.99 .67 -1.64
8.41 3.07 5.27 1.71 .68 -1.08
7.17 3.07 5.09 1.71 .68 -1.08
7.17 3.07 5.09 1.21 .61 -.53
6.69 2.85 6.06 1.21 .61 -.53
6.69 2.85 6.06 .10 .24 -.46
7.92 2.65 6.15 .10 .24 -.46
7.92 2.65 6.15 -1.09 .00 -.50
9.25 1.84 6.04 -1.16 .01 -.32
9.25 1.84 6.04 -1.09 .00 -.50
8.93 .70 5.92 -1.16 .01 -.32
8.93 .70 5.92 -.40 .31 -.12
7.62 .37 6.67 .38 .50 .00
7.62 .37 6.67 -.40 .31 -.12
6.82 .42 6.63 .45 .61 -.08
6.82 .42 6.63 .38 .50 .00
6.20 -.49 6.93 .43 .65 -.28
