6.20 -.49 6.93 .45 .61 -.08
-7.93 11.97 22.32 -.48 .75 1.26
-7.93 11.97 22.32 1.07 .31 2.89
-8.36 16.75 27.66 2.76 -.69 3.98
-8.36 16.75 27.66 1.07 .31 2.89
-10.05 22.83 30.02 3.22 -2.36 5.58
-10.05 22.83 30.02 2.76 -.69 3.98
-16.39 19.85 27.64 1.84 -4.35 7.47
-16.39 19.85 27.64 3.22 -2.36 5.58
-23.63 10.17 26.52 -.25 -7.15 7.98
-23.63 10.17 26.52 1.84 -4.35 7.47
-29.35 -1.24 17.89 -2.78 -9.72 7.54
-29.35 -1.24 17.89 -.25 -7.15 7.98
-37.63 -11.05 3.95 -4.16 -11.10 7.23
-37.63 -11.05 3.95 -2.78 -9.72 7.54
-26.19 -9.93 -5.95 -5.39 -11.51 5.47
-26.19 -9.93 -5.95 -4.16 -11.10 7.23
-8.87 -11.73 -21.89 -7.21 -9.43 3.13
-8.87 -11.73 -21.89 -5.39 -11.51 5.47
12.95 -17.46 -17.67 -7.21 -9.43 3.13
12.95 -17.46 -17.67 -5.09 -5.52 .76
16.81 -15.70 -10.89 -5.09 -5.52 .76
16.81 -15.70 -10.89 3.37 -.50 2.41
-3.74 -8.85 -6.58 3.37 -.50 2.41
-3.74 -8.85 -6.58 5.10 2.54 -.12
-5.26 -7.18 -1.61 5.10 2.54 -.12
-5.26 -7.18 -1.61 4.11 1.63 -1.55
.18 -2.73 3.72 4.11 1.63 -1.55
.18 -2.73 3.72 3.29 .73 -2.00
5.37 2.16 4.56 3.29 .73 -2.00
5.37 2.16 4.56 2.44 .49 -2.17
7.22 4.27 4.59 1.36 .62 -1.83
7.22 4.27 4.59 2.44 .49 -2.17
8.22 4.46 5.85 1.01 .69 -1.35
8.22 4.46 5.85 1.36 .62 -1.83
7.17 4.26 7.84 .74 .61 -.59
7.17 4.26 7.84 1.01 .69 -1.35
5.97 3.46 8.06 -.16 .20 -.39
5.97 3.46 8.06 .74 .61 -.59
7.18 3.42 7.11 -.16 .20 -.39
7.18 3.42 7.11 -1.10 -.23 -.40
8.98 2.27 6.69 -1.51 -.35 -.43
8.98 2.27 6.69 -1.10 -.23 -.40
8.88 1.23 6.65 -.95 -.17 -.26
8.88 1.23 6.65 -1.51 -.35 -.43
8.37 1.02 6.68 -.24 .01 -.10
8.37 1.02 6.68 -.95 -.17 -.26
7.67 .54 6.66 .00 .26 -.08
7.67 .54 6.66 -.24 .01 -.10
6.81 -.10 7.05 .20 .49 -.16
