6.81 -.10 7.05 .00 .26 -.08
-9.35 15.37 17.95 .26 .00 1.69
-9.35 15.37 17.95 .60 -.60 2.89
-10.55 22.98 22.56 1.50 -1.53 4.52
-10.55 22.98 22.56 .60 -.60 2.89
-13.25 27.26 28.71 2.41 -2.93 6.62
-13.25 27.26 28.71 1.50 -1.53 4.52
-19.17 27.96 25.64 1.58 -5.36 10.21
-19.17 27.96 25.64 2.41 -2.93 6.62
-33.61 12.96 18.07 -1.69 -7.34 10.90
-33.61 12.96 18.07 1.58 -5.36 10.21
-46.29 -5.36 8.13 -5.76 -9.85 10.20
-46.29 -5.36 8.13 -1.69 -7.34 10.90
-46.31 -17.71 -7.13 -8.66 -11.67 8.35
-46.31 -17.71 -7.13 -5.76 -9.85 10.20
-23.45 -9.68 -14.87 -12.51 -11.93 4.76
-23.45 -9.68 -14.87 -8.66 -11.67 8.35
-7.93 -12.95 -32.67 -13.50 -9.60 -.28
-7.93 -12.95 -32.67 -12.51 -11.93 4.76
20.21 -9.45 -23.86 -8.35 -5.94 -.53
20.21 -9.45 -23.86 -13.50 -9.60 -.28
15.40 -16.63 -15.20 2.92 .69 1.91
15.40 -16.63 -15.20 -8.35 -5.94 -.53
-3.09 -5.93 -6.89 6.37 3.19 -1.34
-3.09 -5.93 -6.89 2.92 .69 1.91
-4.89 -4.24 -.56 6.01 2.59 -.45
-4.89 -4.24 -.56 6.37 3.19 -1.34
2.75 -.56 3.73 3.30 1.75 -1.92
2.75 -.56 3.73 6.01 2.59 -.45
8.57 -.90 6.11 2.03 1.33 -1.76
8.57 -.90 6.11 3.30 1.75 -1.92
7.14 .22 7.72 1.90 1.21 -1.26
7.14 .22 7.72 2.03 1.33 -1.76
6.80 1.92 7.95 .96 .81 -1.02
6.80 1.92 7.95 1.90 1.21 -1.26
9.27 1.29 7.23 .96 .81 -1.02
9.27 1.29 7.23 .26 .51 -.73
8.67 .06 7.00 .35 .61 -.51
8.67 .06 7.00 .26 .51 -.73
7.34 -.16 7.39 .49 .44 -.26
7.34 -.16 7.39 .35 .61 -.51
7.92 -.24 7.15 .13 .28 -.37
7.92 -.24 7.15 .49 .44 -.26
8.05 -.33 7.26 -.25 .36 -.48
8.05 -.33 7.26 .13 .28 -.37
7.42 -1.08 6.72 -.10 .49 -.45
7.42 -1.08 6.72 -.25 .36 -.48
6.56 -1.15 5.94 .36 .70 -.38
6.56 -1.15 5.94 -.10 .49 -.45
5.82 -.85 5.99 .69 .86 -.33
