5.82 -.85 5.99 .36 .70 -.38
-4.69 8.16 23.19 -1.69 -.03 .34
-4.69 8.16 23.19 -1.95 -.33 .93
-4.88 13.10 33.61 -1.95 -.33 .93
-4.88 13.10 33.61 -1.02 -.69 1.73
-8.88 8.15 30.25 -1.87 -1.37 2.30
-8.88 8.15 30.25 -1.02 -.69 1.73
-22.10 -6.90 14.47 -1.71 -2.24 3.29
-22.10 -6.90 14.47 -1.87 -1.37 2.30
-9.44 -5.87 10.16 6.75 -8.07 5.55
-9.44 -5.87 10.16 -1.71 -2.24 3.29
-5.78 .93 7.62 12.15 -8.37 6.94
-5.78 .93 7.62 6.75 -8.07 5.55
-12.28 8.14 17.91 14.47 -6.20 9.55
-12.28 8.14 17.91 12.15 -8.37 6.94
-26.76 29.49 26.56 3.36 -6.35 12.78
-26.76 29.49 26.56 14.47 -6.20 9.55
-35.95 2.39 1.32 -15.20 -6.70 6.41
-35.95 2.39 1.32 3.36 -6.35 12.78
-18.03 -23.38 -23.54 -17.26 -9.49 1.75
-18.03 -23.38 -23.54 -15.20 -6.70 6.41
2.79 -14.98 -15.77 -8.79 -9.87 -1.08
2.79 -14.98 -15.77 -17.26 -9.49 1.75
26.06 -2.87 -12.07 -2.52 -6.94 1.71
26.06 -2.87 -12.07 -8.79 -9.87 -1.08
9.62 -9.40 -10.26 1.71 -.08 -.70
9.62 -9.40 -10.26 -2.52 -6.94 1.71
.72 -4.80 -4.15 1.71 -.08 -.70
.72 -4.80 -4.15 4.04 1.28 -.26
1.22 -4.10 -1.74 4.04 1.28 -.26
1.22 -4.10 -1.74 3.74 1.62 -1.31
1.71 -2.65 -.84 3.74 1.62 -1.31
1.71 -2.65 -.84 4.07 1.96 -1.73
2.56 -1.02 .78 4.07 1.96 -1.73
2.56 -1.02 .78 4.16 1.86 -2.02
4.54 1.55 3.05 4.16 1.86 -2.02
4.54 1.55 3.05 4.09 1.55 -2.08
6.07 4.84 4.83 4.09 1.55 -2.08
6.07 4.84 4.83 3.30 1.32 -1.78
7.15 5.11 5.49 1.97 1.11 -1.46
7.15 5.11 5.49 3.30 1.32 -1.78
7.86 4.18 5.09 .82 .95 -1.13
7.86 4.18 5.09 1.97 1.11 -1.46
7.98 3.96 5.39 .20 .81 -.83
7.98 3.96 5.39 .82 .95 -1.13
8.21 3.27 6.09 .14 .64 -.67
8.21 3.27 6.09 .20 .81 -.83
8.61 4.11 6.34 .38 .58 -.46
