8.61 4.11 6.34 .14 .64 -.67
8.50 3.61 6.72 .59 .61 -.38
8.50 3.61 6.72 .38 .58 -.46
-11.84 3.21 15.51 2.33 -2.53 3.19
-11.84 3.21 15.51 7.00 -3.32 4.23
-6.66 5.23 17.87 7.00 -3.32 4.23
-10.90 29.58 27.11 14.92 -4.96 6.70
-6.66 5.23 17.87 14.92 -4.96 6.70
-10.90 29.58 27.11 19.22 -5.56 11.08
-35.56 25.58 21.24 19.22 -5.56 11.08
-35.56 25.58 21.24 4.72 -2.65 12.77
-35.51 -1.25 -.64 4.72 -2.65 12.77
-35.51 -1.25 -.64 -8.50 -5.13 10.41
-14.61 .07 -18.57 -8.50 -5.13 10.41
-14.61 .07 -18.57 -17.35 -7.10 7.84
-6.52 -19.58 -12.01 -17.35 -7.10 7.84
-6.52 -19.58 -12.01 -12.10 -7.74 3.07
2.70 -9.97 -10.59 -12.10 -7.74 3.07
9.05 -9.12 -12.37 -3.53 -5.26 2.77
2.70 -9.97 -10.59 -3.53 -5.26 2.77
9.05 -9.12 -12.37 -.86 -2.52 .43
4.76 -6.93 -7.49 -.86 -2.52 .43
4.76 -6.93 -7.49 .98 .11 -.56
.82 -6.13 -5.32 .98 .11 -.56
.82 -6.13 -5.32 2.52 1.30 -1.55
2.68 -2.90 -3.33 2.52 1.30 -1.55
2.68 -2.90 -3.33 4.43 1.52 -2.04
4.15 .89 -.14 4.43 1.52 -2.04
4.15 .89 -.14 4.95 1.61 -2.44
5.13 3.95 2.22 4.95 1.61 -2.44
5.13 3.95 2.22 4.39 1.40 -2.28
6.25 6.30 3.96 4.39 1.40 -2.28
6.25 6.30 3.96 3.00 1.12 -2.05
7.45 6.18 4.21 3.00 1.12 -2.05
7.45 6.18 4.21 1.56 .82 -1.69
8.07 5.82 4.49 1.56 .82 -1.69
8.07 5.82 4.49 .60 .64 -1.38
7.85 6.20 4.21 .60 .64 -1.38
7.85 6.20 4.21 .07 .45 -1.08
9.11 6.26 4.02 .07 .45 -1.08
9.11 6.26 4.02 -.20 .25 -.92
8.91 5.86 4.86 -.20 .25 -.92
8.91 5.86 4.86 -.32 .35 -.70
8.02 5.54 5.75 -.32 .35 -.70
8.02 5.54 5.75 -.32 .38 -.49
