7.92 4.77 5.53 -.32 .38 -.49
7.92 4.77 5.53 -.41 .34 -.45
7.78 4.75 5.33 -.41 .34 -.45
7.78 4.75 5.33 -.41 .41 -.40
7.09 4.41 5.59 -.41 .41 -.40
7.09 4.41 5.59 -.32 .49 -.43
6.46 4.18 6.21 -.32 .49 -.43
6.46 4.18 6.21 -.07 .48 -.46
-9.37 8.42 26.88 1.41 -.43 2.43
-9.37 8.42 26.88 -.57 .56 1.09
-11.92 16.58 30.79 1.41 -.43 2.43
-11.92 16.58 30.79 3.61 -2.32 3.88
-11.82 19.76 26.60 3.61 -2.32 3.88
-11.82 19.76 26.60 3.85 -4.66 5.02
-14.02 11.08 19.58 3.85 -4.66 5.02
-14.02 11.08 19.58 4.06 -6.07 6.94
-19.41 7.30 19.59 4.06 -6.07 6.94
-19.41 7.30 19.59 4.53 -6.93 8.36
-30.43 5.11 14.79 4.53 -6.93 8.36
-28.80 -1.81 -.12 -.60 -7.37 9.05
-28.80 -1.81 -.12 -7.80 -9.19 7.11
-30.43 5.11 14.79 -.60 -7.37 9.05
-14.19 -7.86 -12.08 -7.80 -9.19 7.11
-14.19 -7.86 -12.08 -10.48 -9.60 4.10
-3.20 -14.13 -14.46 -10.48 -9.60 4.10
-3.20 -14.13 -14.46 -8.68 -9.08 2.06
10.15 -7.42 -12.34 -8.68 -9.08 2.06
10.15 -7.42 -12.34 -4.48 -7.79 1.39
10.33 -5.42 -9.50 -4.48 -7.79 1.39
10.33 -5.42 -9.50 -1.23 -3.56 .90
3.35 -6.78 -7.20 -1.23 -3.56 .90
3.35 -6.78 -7.20 .70 -1.04 .07
4.79 -5.92 -5.54 .70 -1.04 .07
4.79 -5.92 -5.54 1.80 .05 -.34
4.80 -4.33 -4.46 1.80 .05 -.34
4.80 -4.33 -4.46 2.60 1.31 -.87
4.08 -3.15 -2.81 2.60 1.31 -.87
4.08 -3.15 -2.81 3.02 1.90 -1.31
5.10 -1.93 .08 3.02 1.90 -1.31
5.10 -1.93 .08 2.88 2.03 -1.63
5.03 -.04 3.76 2.88 2.03 -1.63
5.03 -.04 3.76 2.77 2.00 -1.56
5.65 1.62 5.06 2.77 2.00 -1.56
5.65 1.62 5.06 2.11 1.58 -1.35
8.34 2.28 4.92 2.11 1.58 -1.35
8.34 2.28 4.92 1.11 1.13 -1.14
9.33 2.57 4.60 1.11 1.13 -1.14
9.33 2.57 4.60 .11 1.13 -.92
8.54 2.21 5.62 .11 1.13 -.92
8.54 2.21 5.62 -.36 1.09 -.80
7.97 2.01 6.12 -.36 1.09 -.80
7.97 2.01 6.12 -.01 .91 -.61
8.86 2.25 5.97 -.01 .91 -.61
8.86 2.25 5.97 .33 .76 -.51
8.25 1.65 6.51 .33 .76 -.51
8.25 1.65 6.51 .42 .81 -.38
7.54 1.63 7.10 .42 .81 -.38
