7.54 1.63 7.10 .40 .83 -.33
-4.33 1.12 19.53 .24 2.40 -.08
-4.33 1.12 19.53 .99 1.59 .03
-4.34 5.60 27.49 .99 1.59 .03
-4.34 5.60 27.49 2.20 1.12 1.10
-5.68 15.62 35.12 2.20 1.12 1.10
-5.68 15.62 35.12 2.92 .13 2.52
-6.91 22.13 33.75 2.92 .13 2.52
-6.91 22.13 33.75 2.20 -2.03 3.87
-11.42 14.00 29.17 2.20 -2.03 3.87
-11.42 14.00 29.17 1.65 -5.28 5.24
-19.85 5.85 29.87 1.65 -5.28 5.24
-19.85 5.85 29.87 2.03 -8.32 6.16
-34.71 .77 24.13 2.03 -8.32 6.16
-34.71 .77 24.13 -1.88 -10.30 6.00
-47.59 -7.42 -.35 -1.88 -10.30 6.00
-47.59 -7.42 -.35 -8.65 -13.29 4.48
-23.87 -8.25 -11.31 -8.65 -13.29 4.48
-23.87 -8.25 -11.31 -12.07 -14.14 .73
-12.23 -5.93 -13.39 -12.07 -14.14 .73
-12.23 -5.93 -13.39 -12.10 -12.03 -1.93
.37 .02 -19.06 -12.10 -12.03 -1.93
.37 .02 -19.06 -3.93 -6.72 -3.52
10.83 .16 -19.54 -3.93 -6.72 -3.52
10.83 .16 -19.54 .70 -3.44 -1.47
8.56 1.98 -13.53 .70 -3.44 -1.47
8.56 1.98 -13.53 3.39 -.18 -1.56
2.07 1.70 -6.33 3.39 -.18 -1.56
2.07 1.70 -6.33 3.60 1.77 -.95
2.83 -.12 -4.44 3.60 1.77 -.95
2.83 -.12 -4.44 3.23 2.51 -.86
5.54 .03 -3.14 3.23 2.51 -.86
5.54 .03 -3.14 3.16 3.28 -.88
5.38 .16 -.35 3.16 3.28 -.88
5.38 .16 -.35 3.30 3.49 -.79
6.00 .19 3.30 3.30 3.49 -.79
6.00 .19 3.30 3.05 3.13 -.76
6.37 .87 5.91 3.05 3.13 -.76
6.37 .87 5.91 2.38 2.55 -.63
7.37 1.36 7.09 2.38 2.55 -.63
7.37 1.36 7.09 1.33 1.93 -.61
8.97 1.62 6.44 1.33 1.93 -.61
8.97 1.62 6.44 .42 1.40 -.50
9.89 1.21 5.98 .42 1.40 -.50
9.89 1.21 5.98 .08 1.15 -.31
9.49 1.15 5.09 .08 1.15 -.31
9.49 1.15 5.09 -.05 .95 -.24
9.56 .98 6.19 -.05 .95 -.24
9.56 .98 6.19 .00 .79 -.20
9.78 .56 6.05 .00 .79 -.20
