9.17 1.09 4.56 -1.05 .00 -.18
-4.26 1.06 23.55 1.26 -1.25 1.10
-4.26 1.06 23.55 1.29 -1.86 1.60
-5.61 -1.20 22.12 1.29 -1.86 1.60
-5.61 -1.20 22.12 1.44 -2.48 1.91
-9.29 1.85 18.01 1.44 -2.48 1.91
-9.29 1.85 18.01 3.21 -3.66 2.82
-10.12 2.94 12.81 3.21 -3.66 2.82
-10.12 2.94 12.81 5.29 -6.25 3.62
-4.04 .01 14.92 5.29 -6.25 3.62
-4.04 .01 14.92 8.47 -7.79 5.17
-4.19 7.34 28.53 8.47 -7.79 5.17
-4.19 7.34 28.53 10.11 -10.54 8.34
-28.87 6.65 26.31 10.11 -10.54 8.34
-28.87 6.65 26.31 -1.71 -6.41 8.02
-36.95 -18.75 -3.21 -1.71 -6.41 8.02
-36.95 -18.75 -3.21 -8.72 -9.40 5.72
-11.59 -15.44 -15.32 -8.72 -9.40 5.72
-11.59 -15.44 -15.32 -7.51 -10.34 .57
2.94 -10.05 -16.85 -7.51 -10.34 .57
2.94 -10.05 -16.85 -3.66 -8.43 -1.25
11.44 -5.86 -15.28 -3.66 -8.43 -1.25
11.44 -5.86 -15.28 .58 -5.25 -.46
9.88 -3.48 -12.45 .58 -5.25 -.46
9.88 -3.48 -12.45 2.22 -1.25 -1.46
4.90 .00 -7.39 2.22 -1.25 -1.46
4.90 .00 -7.39 2.52 1.01 -1.76
2.69 2.47 -2.77 2.52 1.01 -1.76
2.69 2.47 -2.77 2.20 1.99 -1.77
3.66 1.38 .70 2.20 1.99 -1.77
3.66 1.38 .70 1.57 2.42 -2.18
4.67 1.01 3.26 1.57 2.42 -2.18
4.67 1.01 3.26 1.25 2.39 -1.94
5.51 1.41 4.46 1.25 2.39 -1.94
5.51 1.41 4.46 1.32 2.02 -1.60
6.89 2.55 4.97 1.32 2.02 -1.60
6.89 2.55 4.97 1.44 1.49 -1.24
8.03 3.92 5.55 1.44 1.49 -1.24
8.03 3.92 5.55 .99 1.08 -1.06
7.93 4.61 6.33 .99 1.08 -1.06
7.93 4.61 6.33 .19 .81 -.91
7.85 4.37 5.90 .19 .81 -.91
7.85 4.37 5.90 -.88 .58 -.89
8.59 2.87 5.05 -.88 .58 -.89
8.59 2.87 5.05 -1.68 .34 -.91
9.04 1.96 4.79 -1.68 .34 -.91
9.04 1.96 4.79 -1.38 .31 -.74
8.13 2.25 4.94 -1.38 .31 -.74
8.13 2.25 4.94 -.78 .48 -.57
7.87 2.21 4.95 -.51 .50 -.61
