9.78 .56 6.05 .16 .76 -.23
-4.12 5.10 20.58 -.41 -.18 .68
-4.12 5.10 20.58 .66 -.13 1.34
-6.29 13.19 30.30 .66 -.13 1.34
-6.29 13.19 30.30 3.84 -1.14 3.00
-9.92 17.63 31.42 3.84 -1.14 3.00
-9.92 17.63 31.42 5.50 -3.30 4.05
-14.25 20.29 30.90 5.50 -3.30 4.05
-14.25 20.29 30.90 5.70 -5.68 6.10
-21.09 15.48 29.33 5.70 -5.68 6.10
-21.09 15.48 29.33 2.77 -7.72 7.92
-33.84 -1.12 19.74 2.77 -7.72 7.92
-33.84 -1.12 19.74 -2.97 -9.40 7.89
-33.00 -10.24 1.52 -2.97 -9.40 7.89
-33.00 -10.24 1.52 -7.13 -11.02 6.48
-17.69 -11.01 -9.34 -7.13 -11.02 6.48
-17.69 -11.01 -9.34 -7.43 -10.96 3.51
-2.74 -11.08 -14.24 -7.43 -10.96 3.51
-2.74 -11.08 -14.24 -6.67 -9.50 2.08
7.39 -6.85 -14.19 -6.67 -9.50 2.08
7.39 -6.85 -14.19 -4.27 -6.64 .65
3.57 -5.62 -13.04 -4.27 -6.64 .65
3.57 -5.62 -13.04 -.89 -3.17 .44
2.67 -5.42 -12.04 -.89 -3.17 .44
2.67 -5.42 -12.04 1.00 -.83 -.43
3.28 -4.83 -8.86 1.00 -.83 -.43
3.28 -4.83 -8.86 2.67 .87 -.81
2.92 -3.59 -5.19 2.67 .87 -.81
2.92 -3.59 -5.19 3.57 1.70 -1.34
4.05 -1.78 -2.09 3.57 1.70 -1.34
4.05 -1.78 -2.09 3.45 1.99 -1.60
5.19 .33 .20 3.45 1.99 -1.60
5.19 .33 .20 2.58 2.02 -1.60
7.23 1.93 1.54 2.58 2.02 -1.60
7.23 1.93 1.54 1.70 1.91 -1.36
8.21 1.93 3.00 1.70 1.91 -1.36
8.21 1.93 3.00 1.07 1.84 -1.12
8.70 1.53 4.34 1.07 1.84 -1.12
8.70 1.53 4.34 .55 1.62 -.86
8.89 .90 5.74 .55 1.62 -.86
8.89 .90 5.74 .24 1.39 -.74
9.13 .78 6.64 .11 1.22 -.58
9.13 .78 6.64 .24 1.39 -.74
9.06 .67 6.74 .04 1.14 -.50
9.06 .67 6.74 .11 1.22 -.58
8.95 .54 6.22 -.04 1.09 -.54
8.95 .54 6.22 .04 1.14 -.50
8.19 -.14 6.82 -.18 1.06 -.66
8.19 -.14 6.82 -.04 1.09 -.54
7.29 -.56 7.21 -.18 1.06 -.70
