7.29 -.56 7.21 -.18 1.06 -.66
-6.05 7.18 21.31 .61 -.30 .81
-6.05 7.18 21.31 1.59 -.73 1.43
-6.78 11.89 29.51 2.28 -1.88 2.30
-6.78 11.89 29.51 1.59 -.73 1.43
-10.19 14.67 31.59 2.77 -3.59 3.71
-10.19 14.67 31.59 2.28 -1.88 2.30
-16.23 15.25 25.32 2.31 -5.72 5.37
-16.23 15.25 25.32 2.77 -3.59 3.71
-21.41 5.92 22.62 -.83 -8.62 5.31
-21.41 5.92 22.62 2.31 -5.72 5.37
-27.16 -2.36 13.54 -5.56 -11.53 4.54
-27.16 -2.36 13.54 -.83 -8.62 5.31
-30.22 -7.99 -6.51 -8.86 -13.49 2.92
-30.22 -7.99 -6.51 -5.56 -11.53 4.54
-19.26 -8.38 -12.97 -9.07 -13.39 .87
-19.26 -8.38 -12.97 -8.86 -13.49 2.92
-8.74 -4.76 -18.89 -7.89 -10.40 -.90
-8.74 -4.76 -18.89 -9.07 -13.39 .87
4.07 3.18 -21.45 -2.35 -5.68 -1.54
4.07 3.18 -21.45 -7.89 -10.40 -.90
17.86 .28 -16.94 .36 -1.52 .61
17.86 .28 -16.94 -2.35 -5.68 -1.54
5.91 .64 -10.04 2.20 2.20 -.28
5.91 .64 -10.04 .36 -1.52 .61
2.18 -1.27 -4.63 2.20 2.20 -.28
2.18 -1.27 -4.63 3.01 3.36 .34
4.07 -2.82 -.97 3.01 3.36 .34
4.07 -2.82 -.97 3.50 4.07 .21
4.76 -2.99 3.01 3.50 4.07 .21
4.76 -2.99 3.01 3.96 4.25 .08
4.77 -1.07 5.72 3.82 3.80 -.04
4.77 -1.07 5.72 3.96 4.25 .08
5.37 -.19 8.32 2.84 3.09 -.21
5.37 -.19 8.32 3.82 3.80 -.04
6.30 -.07 9.07 1.71 2.43 -.26
6.30 -.07 9.07 2.84 3.09 -.21
6.71 .34 8.53 .59 1.99 -.33
6.71 .34 8.53 1.71 2.43 -.26
6.79 .20 8.25 -.26 1.71 -.37
6.79 .20 8.25 .59 1.99 -.33
6.80 -1.06 8.19 -.38 1.48 -.47
6.80 -1.06 8.19 -.26 1.71 -.37
6.99 -1.08 8.92 .07 1.35 -.37
6.99 -1.08 8.92 -.38 1.48 -.47
6.72 -.89 9.51 .35 1.34 -.32
6.72 -.89 9.51 .07 1.35 -.37
6.14 -.90 9.10 .26 1.28 -.33
6.14 -.90 9.10 .35 1.34 -.32
