5.63 -.98 8.80 .14 1.17 -.33
5.63 -.98 8.80 .26 1.28 -.33
-5.32 6.29 22.02 .70 -.06 .30
-5.32 6.29 22.02 1.39 -.27 .80
-6.29 9.33 25.11 1.39 -.27 .80
-6.29 9.33 25.11 1.92 -1.20 1.33
-7.98 11.01 29.47 1.92 -1.20 1.33
-7.98 11.01 29.47 2.07 -2.56 1.99
-10.75 11.91 30.77 1.44 -4.77 3.04
-10.75 11.91 30.77 2.07 -2.56 1.99
-13.40 7.01 26.82 -.30 -7.32 3.53
-13.40 7.01 26.82 1.44 -4.77 3.04
-18.27 -1.24 16.13 -2.74 -9.47 3.24
-18.27 -1.24 16.13 -.30 -7.32 3.53
-21.92 -8.55 6.81 -4.20 -11.24 2.09
-21.92 -8.55 6.81 -2.74 -9.47 3.24
-19.57 -10.06 -3.85 -4.51 -11.79 .62
-19.57 -10.06 -3.85 -4.20 -11.24 2.09
-10.95 -2.02 -10.87 -3.33 -11.05 -.11
-10.95 -2.02 -10.87 -4.51 -11.79 .62
-3.06 3.91 -15.85 -2.91 -9.04 -.43
-3.06 3.91 -15.85 -3.33 -11.05 -.11
5.88 6.37 -17.00 -2.27 -6.57 -.86
5.88 6.37 -17.00 -2.91 -9.04 -.43
9.78 3.87 -13.79 -1.51 -3.66 .09
9.78 3.87 -13.79 -2.27 -6.57 -.86
5.84 .94 -10.24 -.35 -.87 .13
5.84 .94 -10.24 -1.51 -3.66 .09
4.28 .19 -8.22 .64 .71 .44
4.28 .19 -8.22 -.35 -.87 .13
6.03 -1.27 -6.57 1.21 1.98 .35
6.03 -1.27 -6.57 .64 .71 .44
5.67 -2.23 -3.82 1.69 2.94 .26
5.67 -2.23 -3.82 1.21 1.98 .35
5.04 -1.37 -.43 1.83 3.36 .17
5.04 -1.37 -.43 1.69 2.94 .26
5.35 -.97 2.88 1.38 3.36 .05
5.35 -.97 2.88 1.83 3.36 .17
6.35 -.80 4.41 1.38 3.36 .05
6.35 -.80 4.41 .82 3.14 -.05
7.46 -.34 4.92 .82 3.14 -.05
7.46 -.34 4.92 .50 2.92 -.12
7.04 -.51 6.89 .44 2.81 -.17
7.04 -.51 6.89 .50 2.92 -.12
6.59 -.66 7.97 .44 2.81 -.17
6.59 -.66 7.97 .60 2.58 -.20
7.50 .34 7.97 .60 2.35 -.17
7.50 .34 7.97 .60 2.58 -.20
7.25 .46 8.77 .29 2.30 -.17
7.25 .46 8.77 .60 2.35 -.17
6.19 .53 8.71 .05 2.13 -.09
