6.19 .53 8.71 .29 2.30 -.17
-5.35 6.10 25.91 1.05 .54 1.21
-5.35 6.10 25.91 1.62 .17 1.65
-8.09 10.73 34.14 1.62 .17 1.65
-8.09 10.73 34.14 2.23 -1.18 2.69
-12.90 15.28 33.95 1.85 -3.74 4.10
-12.90 15.28 33.95 2.23 -1.18 2.69
-18.70 7.42 29.87 -.35 -6.91 4.22
-18.70 7.42 29.87 1.85 -3.74 4.10
-25.11 -4.32 22.62 -4.24 -10.15 3.16
-25.11 -4.32 22.62 -.35 -6.91 4.22
-32.14 -16.78 6.40 -6.79 -12.69 .80
-32.14 -16.78 6.40 -4.24 -10.15 3.16
-21.04 -13.52 -6.44 -4.82 -13.23 -1.01
-21.04 -13.52 -6.44 -6.79 -12.69 .80
-10.27 -5.80 -12.83 -4.82 -13.23 -1.01
-10.27 -5.80 -12.83 -2.27 -10.78 -1.22
-1.73 2.64 -19.45 -1.89 -8.29 -2.05
-1.73 2.64 -19.45 -2.27 -10.78 -1.22
9.24 7.14 -16.32 -1.89 -8.29 -2.05
9.24 7.14 -16.32 -.96 -5.38 -1.71
8.46 3.45 -15.04 -.38 -2.11 -.21
8.46 3.45 -15.04 -.96 -5.38 -1.71
2.31 1.71 -10.49 1.01 .60 -.56
2.31 1.71 -10.49 -.38 -2.11 -.21
2.54 .72 -6.88 1.67 1.73 .04
2.54 .72 -6.88 1.01 .60 -.56
4.58 .01 -3.57 1.59 2.73 -.19
4.58 .01 -3.57 1.67 1.73 .04
4.35 -.72 -.17 1.79 3.27 -.14
4.35 -.72 -.17 1.59 2.73 -.19
4.97 -.40 2.03 1.71 3.08 -.10
4.97 -.40 2.03 1.79 3.27 -.14
6.89 .18 4.19 1.22 2.90 -.16
6.89 .18 4.19 1.71 3.08 -.10
6.52 -.21 5.66 .49 2.90 -.32
6.52 -.21 5.66 1.22 2.90 -.16
5.83 .29 6.34 .02 2.82 -.34
5.83 .29 6.34 .49 2.90 -.32
6.67 .36 5.88 .11 2.69 -.38
6.67 .36 5.88 .02 2.82 -.34
7.05 -.59 5.76 .38 2.68 -.52
7.05 -.59 5.76 .11 2.69 -.38
6.00 -.58 7.12 .62 2.78 -.50
6.00 -.58 7.12 .38 2.68 -.52
5.28 .79 7.83 .59 2.73 -.43
5.28 .79 7.83 .62 2.78 -.50
4.65 1.41 10.14 .17 2.64 -.42
4.65 1.41 10.14 .59 2.73 -.43
4.32 .89 10.59 .17 2.64 -.42
