4.32 .89 10.59 .16 2.44 -.39
.60 5.05 20.42 .07 .81 .70
.60 5.05 20.42 1.26 .73 1.36
.61 10.35 24.20 1.26 .73 1.36
.61 10.35 24.20 3.11 .08 2.53
.29 14.69 23.70 3.36 -1.17 3.67
.29 14.69 23.70 3.11 .08 2.53
-2.42 11.55 22.70 3.22 -2.11 4.98
-2.42 11.55 22.70 3.36 -1.17 3.67
-8.43 5.52 20.63 3.22 -2.11 4.98
-8.43 5.52 20.63 3.89 -2.95 6.18
-15.64 2.13 18.13 2.98 -3.89 6.75
-15.64 2.13 18.13 3.89 -2.95 6.18
-22.94 -.07 12.52 2.98 -3.89 6.75
-22.94 -.07 12.52 -.51 -4.76 6.60
-20.14 -4.06 5.38 -5.24 -6.50 4.46
-20.14 -4.06 5.38 -.51 -4.76 6.60
-9.19 -7.36 .33 -7.61 -6.93 2.22
-9.19 -7.36 .33 -5.24 -6.50 4.46
-1.04 -10.34 -4.34 -6.65 -6.42 .58
-1.04 -10.34 -4.34 -7.61 -6.93 2.22
6.91 -6.47 -7.90 -3.41 -5.08 -.57
6.91 -6.47 -7.90 -6.65 -6.42 .58
8.25 -7.39 -6.95 -.49 -2.38 -.41
8.25 -7.39 -6.95 -3.41 -5.08 -.57
5.45 -5.85 -3.81 1.65 -.33 -1.01
5.45 -5.85 -3.81 -.49 -2.38 -.41
2.35 -2.77 -.62 2.54 .72 -1.21
2.35 -2.77 -.62 1.65 -.33 -1.01
2.35 -1.96 1.27 2.35 1.00 -1.52
2.35 -1.96 1.27 2.54 .72 -1.21
4.00 -1.15 1.74 1.92 1.09 -1.76
4.00 -1.15 1.74 2.35 1.00 -1.52
5.21 -.07 3.32 1.78 1.13 -1.79
5.21 -.07 3.32 1.92 1.09 -1.76
5.91 1.73 5.03 1.61 1.06 -1.74
5.91 1.73 5.03 1.78 1.13 -1.79
7.02 2.88 6.21 1.33 .90 -1.58
7.02 2.88 6.21 1.61 1.06 -1.74
7.23 3.20 7.04 .74 .85 -1.44
7.23 3.20 7.04 1.33 .90 -1.58
6.53 3.22 7.24 .24 .76 -1.32
6.53 3.22 7.24 .74 .85 -1.44
7.07 3.53 6.86 .24 .76 -1.32
7.07 3.53 6.86 -.09 .56 -1.19
7.59 3.64 6.56 -.27 .53 -1.07
7.59 3.64 6.56 -.09 .56 -1.19
7.06 2.98 6.84 -.27 .57 -1.01
7.06 2.98 6.84 -.27 .53 -1.07
6.49 2.92 7.34 -.27 .57 -1.01
