6.49 2.92 7.34 .01 .54 -.88
2.39 10.02 22.35 -1.10 .78 1.40
2.39 10.02 22.35 -.02 .90 2.30
1.79 9.31 31.07 -.02 .90 2.30
1.79 9.31 31.07 2.37 .83 3.71
-4.68 15.12 36.62 2.37 .83 3.71
-4.68 15.12 36.62 5.15 -.62 5.55
-14.96 17.09 34.14 5.15 -.62 5.55
-14.96 17.09 34.14 4.60 -4.80 7.96
-25.62 4.20 36.29 4.60 -4.80 7.96
-25.62 4.20 36.29 .23 -7.79 8.48
-57.44 -12.32 7.73 .23 -7.79 8.48
-57.44 -12.32 7.73 -7.56 -10.98 7.63
-22.40 -13.76 -15.45 -7.56 -10.98 7.63
-22.40 -13.76 -15.45 -10.80 -12.79 .77
-8.83 -9.92 -25.43 -10.80 -12.79 .77
-8.83 -9.92 -25.43 -9.20 -10.68 -1.67
8.04 .12 -26.74 -9.20 -10.68 -1.67
8.04 .12 -26.74 -3.72 -7.18 -2.32
18.89 -.91 -23.65 -3.72 -7.18 -2.32
18.89 -.91 -23.65 1.23 -2.54 -.48
1.71 .88 -13.09 1.23 -2.54 -.48
1.71 .88 -13.09 3.84 2.57 -1.53
-5.09 -.98 -7.06 3.84 2.57 -1.53
-5.09 -.98 -7.06 4.28 3.38 -1.13
-1.64 -.71 -3.34 4.28 3.38 -1.13
-1.64 -.71 -3.34 3.79 3.33 -1.69
3.22 .81 .54 3.79 3.33 -1.69
3.22 .81 .54 3.43 3.13 -1.84
4.80 3.67 4.73 3.43 3.13 -1.84
4.80 3.67 4.73 3.19 2.82 -1.58
5.17 4.69 7.68 3.19 2.82 -1.58
5.17 4.69 7.68 2.19 2.18 -1.43
7.10 5.35 7.95 2.19 2.18 -1.43
7.10 5.35 7.95 .72 1.46 -1.32
7.75 5.13 7.04 .72 1.46 -1.32
7.75 5.13 7.04 -.63 1.20 -1.12
7.42 2.89 6.87 -.63 1.20 -1.12
7.42 2.89 6.87 -1.30 1.04 -1.01
7.97 2.61 7.22 -1.30 1.04 -1.01
7.97 2.61 7.22 -.57 .91 -.61
7.98 3.19 7.43 -.57 .91 -.61
7.98 3.19 7.43 -.19 1.03 -.59
6.68 2.39 8.68 -.19 1.03 -.59
6.68 2.39 8.68 -.03 1.22 -.75
5.81 1.95 8.25 -.03 1.22 -.75
5.81 1.95 8.25 .28 1.25 -.76
5.92 1.73 7.02 .28 1.25 -.76
