5.92 1.73 7.02 .33 1.17 -.66
5.85 1.76 7.63 .33 1.17 -.66
5.85 1.76 7.63 .29 1.24 -.62
-4.11 .19 34.17 1.79 .97 2.53
-4.11 .19 34.17 4.90 .03 3.54
-8.52 5.78 39.27 8.00 -2.22 4.92
-8.52 5.78 39.27 4.90 .03 3.54
-15.77 9.95 34.85 8.00 -2.22 4.92
-15.77 9.95 34.85 6.67 -4.70 5.38
-26.44 4.88 33.27 6.67 -4.70 5.38
-26.44 4.88 33.27 1.77 -7.35 5.96
-37.56 -4.22 18.38 1.77 -7.35 5.96
-37.56 -4.22 18.38 -5.49 -10.82 4.95
-31.41 -10.38 -5.25 -5.49 -10.82 4.95
-31.41 -10.38 -5.25 -8.53 -13.13 1.53
-16.64 -6.25 -9.62 -8.53 -13.13 1.53
-16.64 -6.25 -9.62 -6.93 -12.36 -.48
-10.68 1.75 -18.73 -6.93 -12.36 -.48
-10.68 1.75 -18.73 -5.09 -10.42 -1.17
-1.23 5.50 -21.09 -5.09 -10.42 -1.17
-1.23 5.50 -21.09 -3.09 -7.91 -2.04
7.61 6.56 -19.19 -3.09 -7.91 -2.04
7.61 6.56 -19.19 -1.69 -5.09 -.81
7.23 3.93 -15.23 -1.69 -5.09 -.81
7.23 3.93 -15.23 -.12 -1.29 -1.06
.90 2.37 -11.01 -.12 -1.29 -1.06
.90 2.37 -11.01 2.20 1.25 -.69
1.52 2.18 -8.05 2.20 1.25 -.69
1.52 2.18 -8.05 3.40 2.29 -.76
3.98 1.97 -4.97 3.40 2.29 -.76
3.98 1.97 -4.97 3.73 3.15 -.98
4.16 2.34 -.39 3.73 3.15 -.98
4.16 2.34 -.39 3.70 3.58 -.94
4.62 3.02 3.28 3.70 3.58 -.94
4.62 3.02 3.28 3.13 3.31 -.70
6.46 3.29 5.27 3.13 3.31 -.70
6.46 3.29 5.27 2.15 2.79 -.48
7.72 3.60 5.82 2.15 2.79 -.48
7.72 3.60 5.82 1.02 2.38 -.44
8.22 3.57 6.40 1.02 2.38 -.44
8.22 3.57 6.40 -.02 2.07 -.37
8.40 2.79 6.60 -.02 2.07 -.37
8.40 2.79 6.60 -.72 1.74 -.30
7.83 1.74 6.18 -.72 1.74 -.30
7.83 1.74 6.18 -.84 1.45 -.17
7.87 1.08 6.97 -.84 1.45 -.17
7.87 1.08 6.97 -.75 1.38 -.24
7.36 .30 7.41 -.75 1.38 -.24
7.36 .30 7.41 -.62 1.49 -.33
6.12 -.06 6.35 -.62 1.49 -.33
6.12 -.06 6.35 -.57 1.59 -.44
5.31 -.09 6.44 -.57 1.59 -.44
