5.31 -.09 6.44 -.72 1.65 -.50
-5.31 7.29 27.68 1.48 1.39 1.79
-5.31 7.29 27.68 2.78 .92 2.68
-8.41 7.58 34.61 2.78 .92 2.68
-8.41 7.58 34.61 4.13 -.69 3.83
-18.37 7.64 29.57 4.13 -.69 3.83
-18.37 7.64 29.57 5.53 -2.33 5.29
-23.17 6.97 24.22 5.53 -2.33 5.29
-23.17 6.97 24.22 6.53 -5.70 6.57
-23.75 6.76 26.24 6.53 -5.70 6.57
-23.75 6.76 26.24 3.48 -8.61 7.81
-37.33 1.15 9.94 3.48 -8.61 7.81
-37.33 1.15 9.94 -4.41 -10.32 7.85
-32.18 -8.75 -11.29 -4.41 -10.32 7.85
-32.18 -8.75 -11.29 -9.29 -12.74 5.07
-15.42 -5.99 -17.84 -9.29 -12.74 5.07
-15.42 -5.99 -17.84 -10.12 -11.87 2.73
-7.91 -1.72 -28.18 -10.12 -11.87 2.73
-7.91 -1.72 -28.18 -7.90 -9.79 .28
6.80 -.01 -26.81 -7.90 -9.79 .28
6.80 -.01 -26.81 -4.33 -6.97 .09
13.50 -1.34 -23.38 -4.33 -6.97 .09
13.50 -1.34 -23.38 -1.60 -2.68 .00
6.00 -.89 -14.84 -1.60 -2.68 .00
6.00 -.89 -14.84 1.57 1.80 -.48
-1.73 -1.35 -8.07 1.57 1.80 -.48
-1.73 -1.35 -8.07 3.44 3.54 -.71
1.29 -1.33 -3.40 3.44 3.54 -.71
1.29 -1.33 -3.40 4.10 3.91 -1.35
3.96 .31 .23 4.10 3.91 -1.35
3.96 .31 .23 4.05 4.15 -1.66
4.26 .64 2.99 4.05 4.15 -1.66
4.26 .64 2.99 3.52 3.89 -1.67
5.78 1.74 6.53 3.52 3.89 -1.67
5.78 1.74 6.53 3.04 3.21 -1.49
7.01 3.73 8.93 3.04 3.21 -1.49
7.01 3.73 8.93 2.27 2.52 -1.36
7.10 3.44 9.28 2.27 2.52 -1.36
7.10 3.44 9.28 .87 1.94 -1.33
7.75 3.61 8.71 .87 1.94 -1.33
7.75 3.61 8.71 -.10 1.47 -1.21
9.18 4.05 6.61 -.10 1.47 -1.21
9.18 4.05 6.61 -.93 1.17 -1.11
8.56 1.78 6.10 -.93 1.17 -1.11
8.56 1.78 6.10 -1.20 1.14 -.97
7.44 1.32 7.29 -1.20 1.14 -.97
