7.44 1.32 7.29 -.55 1.10 -.79
7.00 2.71 8.56 -.55 1.10 -.79
7.00 2.71 8.56 -.16 1.03 -.65
6.71 2.48 8.88 -.16 1.03 -.65
6.71 2.48 8.88 -.83 .96 -.80
-.40 9.57 25.99 -.79 .61 .31
-.40 9.57 25.99 .78 .55 1.32
-1.14 8.46 35.16 .78 .55 1.32
-1.14 8.46 35.16 3.15 .20 2.54
-8.84 22.93 34.77 3.15 .20 2.54
-8.84 22.93 34.77 4.68 -1.45 4.61
-18.44 20.22 31.14 4.68 -1.45 4.61
-18.44 20.22 31.14 2.58 -4.13 6.95
-26.00 1.82 30.30 -2.99 -7.79 5.71
-26.00 1.82 30.30 2.58 -4.13 6.95
-35.66 -14.96 13.36 -7.27 -11.59 3.81
-35.66 -14.96 13.36 -2.99 -7.79 5.71
-33.53 -21.34 -.39 -6.59 -13.68 1.34
-33.53 -21.34 -.39 -7.27 -11.59 3.81
-15.04 -9.16 -8.07 -4.24 -12.00 -.29
-15.04 -9.16 -8.07 -6.59 -13.68 1.34
-9.51 -3.40 -16.94 -4.39 -9.79 -1.42
-9.51 -3.40 -16.94 -4.24 -12.00 -.29
3.67 2.71 -16.33 -2.87 -7.29 -2.32
3.67 2.71 -16.33 -4.39 -9.79 -1.42
11.75 2.57 -15.42 -1.41 -4.22 -1.07
11.75 2.57 -15.42 -2.87 -7.29 -2.32
5.19 -.55 -11.05 .97 -.64 -1.15
5.19 -.55 -11.05 -1.41 -4.22 -1.07
-.54 .61 -6.20 2.39 .97 -.91
-.54 .61 -6.20 .97 -.64 -1.15
1.86 .55 -3.37 2.39 .97 -.91
1.86 .55 -3.37 2.75 1.58 -.88
4.19 .56 -2.17 2.75 1.58 -.88
4.19 .56 -2.17 2.83 2.31 -.95
4.20 .39 .04 2.83 2.31 -.95
4.20 .39 .04 2.90 2.62 -.92
5.03 .66 2.08 2.90 2.62 -.92
5.03 .66 2.08 2.56 2.49 -.96
6.27 1.88 4.64 1.81 2.22 -.93
6.27 1.88 4.64 2.56 2.49 -.96
7.38 2.44 5.78 .70 1.97 -.97
7.38 2.44 5.78 1.81 2.22 -.93
7.90 1.60 6.16 -.05 1.78 -.87
7.90 1.60 6.16 .70 1.97 -.97
7.95 1.17 5.19 -.21 1.72 -.72
7.95 1.17 5.19 -.05 1.78 -.87
8.55 1.60 5.03 -.22 1.67 -.68
8.55 1.60 5.03 -.21 1.72 -.72
8.97 1.91 6.04 -.52 1.71 -.76
8.97 1.91 6.04 -.22 1.67 -.68
7.87 .25 7.41 -.55 1.92 -.88
7.87 .25 7.41 -.52 1.71 -.76
6.73 -.07 7.42 .13 1.97 -.67
