6.73 -.07 7.42 -.55 1.92 -.88
-1.22 9.63 20.85 -.20 .35 1.18
-1.22 9.63 20.85 .58 .51 2.01
-3.53 23.07 30.86 2.01 .07 3.85
-3.53 23.07 30.86 .58 .51 2.01
-4.60 24.50 37.79 1.71 -2.37 5.78
-4.60 24.50 37.79 2.01 .07 3.85
-14.09 15.91 33.30 1.07 -3.73 7.80
-14.09 15.91 33.30 1.71 -2.37 5.78
-30.47 .17 25.44 2.02 -5.77 9.52
-30.47 .17 25.44 1.07 -3.73 7.80
-50.41 -2.72 25.16 -2.88 -8.98 8.07
-50.41 -2.72 25.16 2.02 -5.77 9.52
-48.36 -11.30 -5.53 -12.92 -15.01 3.73
-48.36 -11.30 -5.53 -2.88 -8.98 8.07
-19.56 -11.68 -18.84 -15.02 -14.55 -.72
-19.56 -11.68 -18.84 -12.92 -15.01 3.73
-4.81 -7.35 -23.93 -12.47 -11.18 -2.75
-4.81 -7.35 -23.93 -15.02 -14.55 -.72
13.67 .16 -22.64 -6.47 -7.56 -3.57
13.67 .16 -22.64 -12.47 -11.18 -2.75
17.67 -.91 -21.78 2.25 -1.77 -.60
17.67 -.91 -21.78 -6.47 -7.56 -3.57
-.17 .40 -10.03 4.31 2.63 -1.44
-.17 .40 -10.03 2.25 -1.77 -.60
-4.76 -1.47 -5.75 4.91 3.13 -1.30
-4.76 -1.47 -5.75 4.31 2.63 -1.44
-1.17 -1.97 -3.34 5.15 3.46 -2.06
-1.17 -1.97 -3.34 4.91 3.13 -1.30
2.87 -1.97 -1.29 4.98 3.36 -2.31
2.87 -1.97 -1.29 5.15 3.46 -2.06
3.99 .69 1.75 4.77 2.50 -2.10
3.99 .69 1.75 4.98 3.36 -2.31
4.47 3.97 5.85 2.69 1.69 -2.07
4.47 3.97 5.85 4.77 2.50 -2.10
7.80 3.61 6.43 .41 1.10 -1.99
7.80 3.61 6.43 2.69 1.69 -2.07
9.16 3.00 6.23 -.64 .92 -1.87
9.16 3.00 6.23 .41 1.10 -1.99
8.25 1.63 5.94 -.68 .93 -1.56
8.25 1.63 5.94 -.64 .92 -1.87
8.76 2.48 5.65 -.01 .80 -1.25
