7.87 2.21 4.95 -.78 .48 -.57
-23.37 -12.70 14.59 2.39 -8.85 7.09
-23.37 -12.70 14.59 -4.00 -9.09 5.88
-32.56 -26.39 .95 -4.00 -9.09 5.88
-32.56 -26.39 .95 -4.35 -11.06 4.13
-9.36 -14.14 -2.09 -4.35 -11.06 4.13
-9.36 -14.14 -2.09 -2.04 -11.31 1.13
-3.25 -10.32 -7.33 -2.04 -11.31 1.13
-3.25 -10.32 -7.33 -1.38 -8.87 .57
2.62 -4.56 -12.00 -1.38 -8.87 .57
2.62 -4.56 -12.00 1.16 -6.99 -1.17
7.78 -2.82 -11.72 1.16 -6.99 -1.17
7.78 -2.82 -11.72 2.02 -4.82 -.45
9.31 -2.45 -10.46 2.02 -4.82 -.45
9.31 -2.45 -10.46 1.05 -2.57 -.88
7.52 -.03 -8.10 1.05 -2.57 -.88
7.52 -.03 -8.10 .47 -.48 -1.36
5.92 .94 -4.69 .47 -.48 -1.36
5.92 .94 -4.69 .16 .94 -1.32
6.31 -.04 -2.57 .16 .94 -1.32
6.31 -.04 -2.57 -.19 2.02 -1.37
6.40 -.18 -.30 -.19 2.02 -1.37
6.40 -.18 -.30 -.01 2.71 -1.25
6.15 .30 1.10 -.01 2.71 -1.25
6.15 .30 1.10 .32 2.96 -1.11
6.73 .96 2.47 .32 2.96 -1.11
6.73 .96 2.47 .63 2.87 -.91
7.41 1.51 4.15 .63 2.87 -.91
7.41 1.51 4.15 .91 2.55 -.78
8.10 1.70 5.44 .91 2.55 -.78
8.10 1.70 5.44 1.04 2.12 -.81
8.28 2.17 6.11 1.04 2.12 -.81
8.28 2.17 6.11 1.16 1.77 -.74
8.42 2.53 6.65 1.16 1.77 -.74
8.42 2.53 6.65 1.05 1.31 -.69
8.73 2.99 5.76 1.05 1.31 -.69
8.73 2.99 5.76 .63 1.00 -.67
9.11 3.34 4.90 .63 1.00 -.67
9.11 3.34 4.90 .31 .73 -.63
8.94 3.51 5.68 .31 .73 -.63
8.94 3.51 5.68 .01 .62 -.66
8.36 3.00 6.38 .01 .62 -.66
8.36 3.00 6.38 -.29 .50 -.68
8.10 2.79 5.85 -.29 .50 -.68
8.10 2.79 5.85 -.46 .44 -.64
8.01 2.70 5.45 -.46 .44 -.64
8.01 2.70 5.45 -.67 .42 -.62
8.09 2.35 5.38 -.69 .49 -.67
8.09 2.35 5.38 -.67 .42 -.62
7.80 2.51 5.19 -.69 .49 -.67
