8.76 2.48 5.65 -.68 .93 -1.56
9.82 3.96 6.22 .08 .87 -1.17
9.82 3.96 6.22 -.01 .80 -1.25
8.54 2.66 6.62 -.29 1.08 -1.23
8.54 2.66 6.62 .08 .87 -1.17
7.18 2.09 6.13 -.31 1.20 -1.20
7.18 2.09 6.13 -.29 1.08 -1.23
6.92 1.69 5.70 -.13 1.17 -1.14
6.92 1.69 5.70 -.31 1.20 -1.20
-5.46 16.31 31.55 .53 -.08 2.43
-5.46 16.31 31.55 2.01 -1.63 4.46
-9.78 14.70 33.05 2.01 -1.63 4.46
-9.78 14.70 33.05 3.57 -4.07 5.59
-16.16 14.70 35.63 3.57 -4.07 5.59
-16.16 14.70 35.63 5.83 -7.27 7.86
-29.08 8.95 32.45 5.83 -7.27 7.86
-29.08 8.95 32.45 1.77 -9.00 8.42
-62.21 -10.64 10.85 1.77 -9.00 8.42
-62.21 -10.64 10.85 -6.18 -10.88 9.74
-31.72 -13.10 -6.81 -6.18 -10.88 9.74
-31.72 -13.10 -6.81 -11.07 -13.49 3.91
-15.23 -10.54 -20.16 -11.07 -13.49 3.91
-15.23 -10.54 -20.16 -12.03 -11.77 -.09
7.55 -4.18 -25.46 -12.03 -11.77 -.09
7.55 -4.18 -25.46 -7.60 -8.46 -2.02
20.63 -5.34 -21.45 -7.60 -8.46 -2.02
20.63 -5.34 -21.45 -.83 -4.04 .24
-.43 -2.27 -11.02 -.83 -4.04 .24
-.43 -2.27 -11.02 3.62 1.47 -1.37
-2.67 -3.51 -6.96 3.62 1.47 -1.37
-2.67 -3.51 -6.96 4.85 2.18 -.86
.33 -2.95 -3.94 4.85 2.18 -.86
.33 -2.95 -3.94 5.38 2.70 -1.81
1.52 -1.73 .58 5.38 2.70 -1.81
1.52 -1.73 .58 5.42 2.49 -2.18
3.51 2.74 4.35 5.42 2.49 -2.18
3.51 2.74 4.35 4.75 1.68 -1.93
5.46 4.52 6.01 4.75 1.68 -1.93
5.46 4.52 6.01 2.67 .96 -1.73
7.45 4.42 4.98 2.67 .96 -1.73
7.45 4.42 4.98 .56 .42 -1.38
8.84 3.96 4.83 .56 .42 -1.38
8.84 3.96 4.83 -.83 .23 -1.11
8.92 2.54 3.87 -.83 .23 -1.11
8.92 2.54 3.87 -1.51 .19 -.76
9.07 1.74 4.60 -1.51 .19 -.76
9.07 1.74 4.60 -1.36 .17 -.66
9.58 2.23 5.19 -1.36 .17 -.66
9.58 2.23 5.19 -.89 .27 -.55
9.52 .90 5.30 -.89 .27 -.55
9.52 .90 5.30 -.22 .48 -.60
8.54 .70 6.03 .77 .68 -.49
8.54 .70 6.03 -.22 .48 -.60
7.63 1.10 6.57 .77 .68 -.49
7.63 1.10 6.57 1.28 .80 -.45
7.07 1.37 6.72 1.28 .80 -.45
7.07 1.37 6.72 1.03 .76 -.47
