6.86 1.33 7.11 .73 .68 -.48
6.86 1.33 7.11 1.03 .76 -.47
-3.64 14.00 25.06 .64 .41 1.62
-3.64 14.00 25.06 1.82 .26 2.75
-4.70 28.78 32.07 1.82 .26 2.75
-4.70 28.78 32.07 3.39 -1.01 5.57
-10.03 28.19 36.22 3.39 -1.01 5.57
-10.03 28.19 36.22 2.76 -2.89 7.78
-22.69 16.28 33.30 2.76 -2.89 7.78
-22.69 16.28 33.30 1.47 -5.21 9.96
-45.25 1.72 29.22 1.47 -5.21 9.96
-45.25 1.72 29.22 -1.73 -7.58 9.67
-48.69 -9.06 8.15 -1.73 -7.58 9.67
-48.69 -9.06 8.15 -6.27 -11.71 7.41
-28.98 -9.49 -5.02 -6.27 -11.71 7.41
-28.98 -9.49 -5.02 -8.35 -11.60 4.08
-18.56 -7.34 -14.39 -8.35 -11.60 4.08
-18.56 -7.34 -14.39 -10.58 -10.93 2.33
-3.10 -5.20 -23.48 -10.58 -10.93 2.33
-3.10 -5.20 -23.48 -9.95 -8.55 -2.27
10.71 -8.14 -18.15 -9.95 -8.55 -2.27
10.71 -8.14 -18.15 -5.02 -5.47 -1.48
9.12 -4.25 -17.13 -5.02 -5.47 -1.48
9.12 -4.25 -17.13 1.57 -1.61 -1.08
.89 -1.38 -9.68 1.57 -1.61 -1.08
.89 -1.38 -9.68 4.54 1.06 -1.37
-.34 -2.22 -5.64 4.54 1.06 -1.37
-.34 -2.22 -5.64 4.78 1.85 -1.51
1.94 -1.45 -2.86 4.78 1.85 -1.51
1.94 -1.45 -2.86 4.66 2.26 -1.93
3.61 .41 -.03 4.66 2.26 -1.93
3.61 .41 -.03 4.20 2.28 -1.88
5.54 2.06 2.22 4.20 2.28 -1.88
5.54 2.06 2.22 3.39 1.97 -1.74
6.96 2.46 4.78 3.39 1.97 -1.74
6.96 2.46 4.78 2.28 1.59 -1.51
8.20 2.89 5.87 2.28 1.59 -1.51
8.20 2.89 5.87 1.00 1.12 -1.33
9.44 2.81 6.21 1.00 1.12 -1.33
9.44 2.81 6.21 -.16 .77 -1.22
9.72 2.50 6.41 -.16 .77 -1.22
9.72 2.50 6.41 -.57 .60 -1.07
10.19 1.97 5.76 -.57 .60 -1.07
10.19 1.97 5.76 -.58 .50 -.98
9.98 1.75 6.41 -.58 .50 -.98
9.98 1.75 6.41 -.22 .54 -.94
9.85 2.90 6.07 -.22 .54 -.94
9.85 2.90 6.07 .22 .60 -.82
9.40 2.20 5.90 .22 .60 -.82
9.40 2.20 5.90 .51 .64 -.78
8.24 1.76 6.62 .51 .64 -.78
