8.24 1.76 6.62 1.06 .69 -.61
-4.92 17.51 26.58 .59 -.33 .94
-4.92 17.51 26.58 1.84 -.86 2.53
-3.60 29.84 28.41 1.84 -.86 2.53
-3.60 29.84 28.41 1.18 -3.32 5.30
-7.97 25.77 25.73 1.18 -3.32 5.30
-7.97 25.77 25.73 -.11 -4.13 7.67
-27.75 4.63 25.38 -.11 -4.13 7.67
-27.75 4.63 25.38 .22 -7.04 7.94
-39.19 -1.98 24.65 .22 -7.04 7.94
-39.19 -1.98 24.65 -3.52 -10.14 7.00
-37.30 -10.09 2.50 -3.52 -10.14 7.00
-37.30 -10.09 2.50 -9.42 -12.64 4.59
-18.48 -12.22 -7.58 -9.42 -12.64 4.59
-18.48 -12.22 -7.58 -9.45 -12.33 1.27
-5.27 -8.31 -11.49 -9.45 -12.33 1.27
-5.27 -8.31 -11.49 -8.44 -10.18 -.15
7.19 -5.42 -16.51 -8.44 -10.18 -.15
7.19 -5.42 -16.51 -4.05 -7.40 -2.16
10.83 -4.52 -14.35 -4.05 -7.40 -2.16
10.83 -4.52 -14.35 1.49 -3.97 -.72
3.33 -3.18 -10.44 1.49 -3.97 -.72
3.33 -3.18 -10.44 2.56 -1.13 -1.26
2.84 -3.28 -7.53 2.56 -1.13 -1.26
2.84 -3.28 -7.53 2.96 .36 -1.30
3.68 -2.73 -6.33 2.96 .36 -1.30
3.68 -2.73 -6.33 3.57 1.40 -1.48
4.44 -1.59 -4.96 3.57 1.40 -1.48
4.44 -1.59 -4.96 3.77 2.00 -1.59
5.58 .25 -2.00 3.67 2.24 -1.62
5.58 .25 -2.00 3.77 2.00 -1.59
5.76 1.94 1.14 3.01 2.26 -1.48
5.76 1.94 1.14 3.67 2.24 -1.62
6.52 2.39 3.34 1.93 1.99 -1.27
6.52 2.39 3.34 3.01 2.26 -1.48
8.24 3.30 4.23 .79 1.66 -1.10
8.24 3.30 4.23 1.93 1.99 -1.27
9.64 3.17 4.41 .02 1.38 -.88
9.64 3.17 4.41 .79 1.66 -1.10
10.14 2.46 4.86 .09 1.26 -.65
10.14 2.46 4.86 .02 1.38 -.88
9.85 2.82 5.95 .57 1.12 -.46
9.85 2.82 5.95 .09 1.26 -.65
9.31 2.37 6.71 .57 .93 -.49
9.31 2.37 6.71 .57 1.12 -.46
8.64 1.79 6.91 .49 .81 -.46
8.64 1.79 6.91 .57 .93 -.49
8.05 1.88 6.93 .35 .68 -.40
8.05 1.88 6.93 .49 .81 -.46
7.77 1.50 6.28 .18 .58 -.39
