7.77 1.50 6.28 .35 .68 -.40
-6.37 10.97 24.21 .70 .54 1.09
-6.37 10.97 24.21 1.54 .00 2.02
-6.21 16.69 27.12 3.38 -.83 3.62
-6.21 16.69 27.12 1.54 .00 2.02
-10.04 24.21 34.35 4.08 -2.44 5.23
-10.04 24.21 34.35 3.38 -.83 3.62
-17.58 20.52 32.16 2.54 -5.09 7.14
-17.58 20.52 32.16 4.08 -2.44 5.23
-27.03 9.79 27.77 -1.15 -8.02 7.56
-27.03 9.79 27.77 2.54 -5.09 7.14
-39.50 -4.69 16.75 -6.55 -10.68 7.01
-39.50 -4.69 16.75 -1.15 -8.02 7.56
-35.61 -10.52 -6.30 -11.96 -12.72 3.22
-35.61 -10.52 -6.30 -6.55 -10.68 7.01
-16.82 -10.89 -12.07 -10.55 -12.37 -.25
-16.82 -10.89 -12.07 -11.96 -12.72 3.22
-7.95 -5.96 -18.14 -6.40 -9.41 -1.70
-7.95 -5.96 -18.14 -10.55 -12.37 -.25
3.57 .63 -21.89 -1.70 -6.60 -2.52
3.57 .63 -21.89 -6.40 -9.41 -1.70
12.67 2.50 -16.22 .64 -3.46 -1.17
12.67 2.50 -16.22 -1.70 -6.60 -2.52
7.09 .28 -10.53 1.31 -.65 -.67
7.09 .28 -10.53 .64 -3.46 -1.17
3.16 -.31 -6.83 1.68 .91 -.77
3.16 -.31 -6.83 1.31 -.65 -.67
5.68 -.70 -5.94 2.07 1.77 -.45
5.68 -.70 -5.94 1.68 .91 -.77
5.94 -.94 -2.42 2.07 1.77 -.45
5.94 -.94 -2.42 2.34 2.48 -.69
5.07 -.74 1.67 2.55 2.49 -.74
5.07 -.74 1.67 2.34 2.48 -.69
6.34 1.05 4.29 2.55 2.49 -.74
6.34 1.05 4.29 2.76 2.14 -.69
8.03 2.48 5.19 2.44 1.77 -.61
8.03 2.48 5.19 2.76 2.14 -.69
9.00 2.50 5.96 1.72 1.47 -.49
9.00 2.50 5.96 2.44 1.77 -.61
9.13 2.47 6.20 .96 1.25 -.43
9.13 2.47 6.20 1.72 1.47 -.49
9.34 2.33 6.21 .45 1.03 -.35
9.34 2.33 6.21 .96 1.25 -.43
9.82 2.30 6.02 .32 .87 -.27
9.82 2.30 6.02 .45 1.03 -.35
9.44 1.75 6.25 .65 .80 -.23
9.44 1.75 6.25 .32 .87 -.27
8.48 1.64 6.94 .91 .74 -.20
8.48 1.64 6.94 .65 .80 -.23
7.86 1.65 7.07 .91 .74 -.20
