7.86 1.65 7.07 .74 .64 -.20
-7.89 9.36 28.00 .70 .96 1.01
-7.89 9.36 28.00 2.68 .38 2.16
-9.73 15.55 33.72 3.51 -1.42 3.38
-9.73 15.55 33.72 2.68 .38 2.16
-13.04 14.76 30.18 2.89 -3.65 4.40
-13.04 14.76 30.18 3.51 -1.42 3.38
-15.57 10.08 26.91 2.16 -6.45 5.49
-15.57 10.08 26.91 2.89 -3.65 4.40
-17.20 3.28 23.86 .05 -8.77 5.37
-17.20 3.28 23.86 2.16 -6.45 5.49
-21.66 -5.21 11.59 -2.96 -10.04 5.03
-21.66 -5.21 11.59 .05 -8.77 5.37
-21.70 -10.89 .87 -3.43 -10.38 4.26
-21.70 -10.89 .87 -2.96 -10.04 5.03
-13.95 -10.86 -1.49 -2.76 -9.68 3.65
-13.95 -10.86 -1.49 -3.43 -10.38 4.26
-9.22 -8.65 -8.12 -4.11 -7.93 .87
-9.22 -8.65 -8.12 -2.76 -9.68 3.65
3.93 -3.46 -13.74 -4.23 -6.19 -.04
3.93 -3.46 -13.74 -4.11 -7.93 .87
9.14 -4.68 -11.57 -3.55 -3.73 -.05
9.14 -4.68 -11.57 -4.23 -6.19 -.04
7.99 -3.79 -7.13 -1.27 -1.11 -.88
7.99 -3.79 -7.13 -3.55 -3.73 -.05
2.23 -2.24 -4.02 .74 .68 -.77
2.23 -2.24 -4.02 -1.27 -1.11 -.88
4.18 -1.03 -3.70 1.52 1.45 -.85
4.18 -1.03 -3.70 .74 .68 -.77
6.41 -.53 -1.67 1.93 2.12 -.97
6.41 -.53 -1.67 1.52 1.45 -.85
5.77 -.66 1.39 2.61 2.37 -.97
5.77 -.66 1.39 1.93 2.12 -.97
5.82 .92 3.94 3.19 2.08 -.78
5.82 .92 3.94 2.61 2.37 -.97
7.80 3.11 5.97 2.84 1.66 -.71
7.80 3.11 5.97 3.19 2.08 -.78
8.95 3.35 6.16 1.64 1.32 -.71
8.95 3.35 6.16 2.84 1.66 -.71
8.71 2.58 6.19 .87 1.05 -.49
8.71 2.58 6.19 1.64 1.32 -.71
8.73 2.63 6.60 .61 .79 -.28
8.73 2.63 6.60 .87 1.05 -.49
