8.45 2.01 6.99 .61 .79 -.28
8.45 2.01 6.99 .34 .60 -.21
8.25 2.08 7.33 .34 .60 -.21
8.25 2.08 7.33 .23 .44 -.16
7.99 1.65 7.14 .23 .44 -.16
7.99 1.65 7.14 .28 .38 -.16
7.93 1.37 6.78 .28 .38 -.16
7.93 1.37 6.78 .53 .34 -.08
-7.33 6.96 22.32 -.05 1.12 .79
-7.33 6.96 22.32 .95 .46 1.52
-6.76 14.15 30.75 .95 .46 1.52
-6.76 14.15 30.75 2.30 -.68 2.68
-10.22 19.31 35.99 2.30 -.68 2.68
-10.22 19.31 35.99 2.98 -2.35 4.09
-17.25 18.37 28.37 2.98 -2.35 4.09
-17.25 18.37 28.37 2.65 -4.58 6.14
-22.23 8.50 25.32 2.65 -4.58 6.14
-22.23 8.50 25.32 1.47 -7.60 6.48
-27.19 1.01 22.07 1.47 -7.60 6.48
-27.19 1.01 22.07 -3.18 -10.32 6.27
-35.06 -6.32 1.12 -3.18 -10.32 6.27
-35.06 -6.32 1.12 -10.43 -12.53 4.67
-22.72 -14.18 -7.97 -10.79 -13.50 1.39
-22.72 -14.18 -7.97 -10.43 -12.53 4.67
-10.35 -12.04 -13.01 -10.79 -13.50 1.39
-10.35 -12.04 -13.01 -7.63 -11.06 -.28
2.50 -4.07 -20.45 -4.12 -8.83 -2.00
2.50 -4.07 -20.45 -7.63 -11.06 -.28
12.80 -1.04 -16.59 -1.37 -4.80 -.94
12.80 -1.04 -16.59 -4.12 -8.83 -2.00
8.49 -4.43 -12.69 .43 -1.22 -.99
8.49 -4.43 -12.69 -1.37 -4.80 -.94
1.11 -2.04 -8.39 1.90 1.01 -1.39
1.11 -2.04 -8.39 .43 -1.22 -.99
2.40 -1.21 -6.42 3.10 1.79 -1.08
2.40 -1.21 -6.42 1.90 1.01 -1.39
5.81 -.62 -3.82 3.66 2.60 -1.25
5.81 -.62 -3.82 3.10 1.79 -1.08
4.66 -.19 -.07 3.73 3.05 -1.31
4.66 -.19 -.07 3.66 2.60 -1.25
5.05 1.79 2.48 3.10 2.64 -1.25
5.05 1.79 2.48 3.73 3.05 -1.31
7.43 3.36 4.19 2.10 2.16 -1.00
7.43 3.36 4.19 3.10 2.64 -1.25
8.55 2.77 5.38 1.41 1.81 -.76
8.55 2.77 5.38 2.10 2.16 -1.00
8.82 2.81 6.18 .90 1.45 -.53
8.82 2.81 6.18 1.41 1.81 -.76
8.66 3.21 6.54 .25 1.09 -.36
8.66 3.21 6.54 .90 1.45 -.53
8.94 2.53 6.58 -.14 .74 -.32
8.94 2.53 6.58 .25 1.09 -.36
8.92 1.35 6.35 -.05 .60 -.21
8.92 1.35 6.35 -.14 .74 -.32
8.31 1.39 7.31 .20 .53 -.09
8.31 1.39 7.31 -.05 .60 -.21
7.81 1.19 7.17 .14 .48 -.06
