7.81 1.19 7.17 .20 .53 -.09
-6.95 15.61 25.71 .53 1.04 .68
-6.95 15.61 25.71 1.23 .43 1.70
-7.69 19.70 30.71 1.30 -1.22 2.91
-7.69 19.70 30.71 1.23 .43 1.70
-12.48 21.84 29.94 .96 -2.86 5.24
-12.48 21.84 29.94 1.30 -1.22 2.91
-18.99 16.37 24.26 .77 -5.71 6.99
-18.99 16.37 24.26 .96 -2.86 5.24
-22.83 2.80 24.18 -1.17 -8.89 6.30
-22.83 2.80 24.18 .77 -5.71 6.99
-30.56 -4.96 15.12 -5.64 -11.62 5.72
-30.56 -4.96 15.12 -1.17 -8.89 6.30
-34.41 -11.59 -1.26 -8.49 -13.02 4.62
-34.41 -11.59 -1.26 -5.64 -11.62 5.72
-17.28 -12.95 -6.70 -7.12 -10.70 1.29
-17.28 -12.95 -6.70 -8.49 -13.02 4.62
.64 -5.98 -19.70 -5.30 -8.28 -1.44
.64 -5.98 -19.70 -7.12 -10.70 1.29
15.66 -5.22 -14.49 -1.83 -4.88 -.06
15.66 -5.22 -14.49 -5.30 -8.28 -1.44
9.76 -8.85 -10.85 1.45 -1.00 .12
9.76 -8.85 -10.85 -1.83 -4.88 -.06
1.22 -4.14 -5.73 3.04 1.21 -.65
1.22 -4.14 -5.73 1.45 -1.00 .12
.06 -4.36 -2.41 3.53 1.75 -.39
.06 -4.36 -2.41 3.04 1.21 -.65
3.30 -3.61 -.60 3.53 1.75 -.39
3.30 -3.61 -.60 3.33 1.90 -.87
4.99 -2.30 1.82 3.27 1.91 -.99
4.99 -2.30 1.82 3.33 1.90 -.87
6.02 -.09 3.80 2.89 1.57 -.95
6.02 -.09 3.80 3.27 1.91 -.99
6.84 1.08 6.11 1.92 1.14 -.67
6.84 1.08 6.11 2.89 1.57 -.95
7.92 1.17 6.26 .85 .67 -.50
7.92 1.17 6.26 1.92 1.14 -.67
8.61 .28 6.24 .04 .41 -.37
8.61 .28 6.24 .85 .67 -.50
8.76 .12 5.81 -.38 .24 -.20
8.76 .12 5.81 .04 .41 -.37
9.16 -.35 4.72 -.83 .16 -.22
9.16 -.35 4.72 -.38 .24 -.20
9.81 -1.43 5.21 -.71 .14 -.25
9.81 -1.43 5.21 -.83 .16 -.22
9.53 -1.71 5.49 .10 .27 -.19
9.53 -1.71 5.49 -.71 .14 -.25
9.04 -1.31 6.24 .86 .33 -.11
9.04 -1.31 6.24 .10 .27 -.19
