8.24 -1.02 6.40 1.09 .42 -.09
8.24 -1.02 6.40 .86 .33 -.11
-6.54 7.33 18.97 .98 2.62 -.44
-6.54 7.33 18.97 .91 2.05 -.10
-7.07 6.72 19.10 .90 1.61 .32
-7.07 6.72 19.10 .91 2.05 -.10
-8.75 12.77 26.01 2.26 .61 1.40
-8.75 12.77 26.01 .90 1.61 .32
-8.94 25.82 33.37 3.53 -1.58 2.76
-8.94 25.82 33.37 2.26 .61 1.40
-9.79 24.27 31.78 3.22 -3.71 4.70
-9.79 24.27 31.78 3.53 -1.58 2.76
-16.43 20.77 26.51 2.46 -5.93 7.45
-16.43 20.77 26.51 3.22 -3.71 4.70
-23.03 8.10 21.98 -1.94 -8.32 7.73
-23.03 8.10 21.98 2.46 -5.93 7.45
-31.00 -4.88 11.30 -7.70 -11.18 6.81
-31.00 -4.88 11.30 -1.94 -8.32 7.73
-31.52 -8.66 -1.95 -12.01 -13.03 4.27
-31.52 -8.66 -1.95 -7.70 -11.18 6.81
-23.42 -7.59 -10.50 -12.47 -13.15 2.28
-23.42 -7.59 -10.50 -12.01 -13.03 4.27
-12.44 -2.72 -25.05 -11.18 -10.94 -.95
-12.44 -2.72 -25.05 -12.47 -13.15 2.28
8.46 4.72 -23.05 -8.45 -7.35 -2.65
8.46 4.72 -23.05 -11.18 -10.94 -.95
25.33 .05 -21.28 -2.62 -2.92 -.74
25.33 .05 -21.28 -8.45 -7.35 -2.65
3.55 -.84 -14.26 2.81 2.38 .38
3.55 -.84 -14.26 -2.62 -2.92 -.74
-2.14 -1.08 -6.82 4.72 3.86 .25
-2.14 -1.08 -6.82 2.81 2.38 .38
-2.24 -2.10 -.79 5.01 4.42 -.01
-2.24 -2.10 -.79 4.72 3.86 .25
1.57 -4.16 4.30 4.91 3.94 -.78
1.57 -4.16 4.30 5.01 4.42 -.01
7.11 -2.25 6.23 4.65 3.09 -1.14
7.11 -2.25 6.23 4.91 3.94 -.78
8.49 1.42 9.39 4.02 2.24 -.99
8.49 1.42 9.39 4.65 3.09 -1.14
7.33 1.92 10.30 1.48 1.33 -.93
7.33 1.92 10.30 4.02 2.24 -.99
9.15 1.10 9.80 -.56 .60 -.81
9.15 1.10 9.80 1.48 1.33 -.93
10.49 .55 7.96 -.92 .31 -.57
10.49 .55 7.96 -.56 .60 -.81
10.17 .32 7.89 -.37 .15 -.33
10.17 .32 7.89 -.92 .31 -.57
9.77 .24 7.20 .17 .08 -.23
9.77 .24 7.20 -.37 .15 -.33
9.26 -.20 6.90 .17 .08 -.23
