9.26 -.20 6.90 .38 .06 -.13
-5.81 14.99 25.32 .75 -.06 1.18
-5.81 14.99 25.32 1.54 -.57 2.20
-9.03 17.31 34.97 2.09 -1.80 3.59
-9.03 17.31 34.97 1.54 -.57 2.20
-15.87 21.17 28.53 2.46 -3.94 6.00
-15.87 21.17 28.53 2.09 -1.80 3.59
-20.08 17.23 14.00 2.44 -6.35 7.61
-20.08 17.23 14.00 2.46 -3.94 6.00
-19.49 4.76 16.22 .96 -9.15 7.57
-19.49 4.76 16.22 2.44 -6.35 7.61
-25.68 -2.74 12.05 -5.59 -10.53 7.04
-25.68 -2.74 12.05 .96 -9.15 7.57
-32.30 -14.04 -1.43 -10.31 -11.30 4.99
-32.30 -14.04 -1.43 -5.59 -10.53 7.04
-19.04 -13.40 -11.26 -9.25 -11.71 2.26
-19.04 -13.40 -11.26 -10.31 -11.30 4.99
-6.30 -7.81 -23.58 -7.31 -10.35 .15
-6.30 -7.81 -23.58 -9.25 -11.71 2.26
13.20 -1.48 -20.37 -2.71 -5.33 .48
13.20 -1.48 -20.37 -7.31 -10.35 .15
19.12 -5.12 -17.77 -2.71 -5.33 .48
19.12 -5.12 -17.77 .70 -.25 -.04
1.46 -3.82 -7.36 .70 -.25 -.04
1.46 -3.82 -7.36 2.52 1.99 -.29
2.51 -3.87 -5.37 2.52 1.99 -.29
2.51 -3.87 -5.37 3.46 2.72 -.43
5.31 -3.91 -2.64 3.46 2.72 -.43
5.31 -3.91 -2.64 4.02 3.33 -.67
5.56 -2.83 1.05 3.87 3.55 -1.11
5.56 -2.83 1.05 4.02 3.33 -.67
5.81 -.98 4.38 3.87 3.55 -1.11
5.81 -.98 4.38 3.66 3.13 -1.05
7.52 .58 6.40 3.66 3.13 -1.05
7.52 .58 6.40 3.00 2.48 -.99
7.93 1.38 7.44 1.96 1.95 -.92
7.93 1.38 7.44 3.00 2.48 -.99
8.27 1.26 7.35 1.96 1.95 -.92
8.27 1.26 7.35 .93 1.37 -.78
8.45 2.17 7.93 .93 1.37 -.78
8.45 2.17 7.93 .42 .96 -.55
9.02 1.64 6.66 .42 .96 -.55
9.02 1.64 6.66 .01 .63 -.35
8.83 .92 7.08 .01 .63 -.35
8.83 .92 7.08 -.03 .54 -.20
8.45 .64 7.45 -.03 .54 -.20
8.45 .64 7.45 .01 .47 -.10
7.93 -.03 7.11 .01 .47 -.10
