7.93 -.03 7.11 -.02 .47 -.07
7.30 -.53 6.80 .19 .53 -.05
7.30 -.53 6.80 -.02 .47 -.07
-3.50 4.89 20.24 -.29 .29 .67
-3.50 4.89 20.24 .81 .50 1.25
-6.22 13.12 28.84 .81 .50 1.25
-6.22 13.12 28.84 2.35 .20 2.22
-6.61 24.43 31.54 2.35 .20 2.22
-6.61 24.43 31.54 1.92 -1.65 3.25
-8.54 21.64 28.64 1.92 -1.65 3.25
-8.54 21.64 28.64 .69 -3.30 5.30
-17.21 12.43 24.93 .69 -3.30 5.30
-17.21 12.43 24.93 1.77 -5.41 7.91
-23.10 4.65 23.42 1.77 -5.41 7.91
-23.10 4.65 23.42 2.18 -8.04 7.66
-33.63 1.14 16.17 2.18 -8.04 7.66
-33.63 1.14 16.17 -2.70 -9.65 8.51
-40.30 -7.03 -3.37 -2.70 -9.65 8.51
-40.30 -7.03 -3.37 -9.70 -11.37 6.76
-20.03 -8.30 -9.91 -9.70 -11.37 6.76
-20.03 -8.30 -9.91 -12.13 -11.87 3.33
-9.76 -10.15 -19.09 -12.13 -11.87 3.33
-9.76 -10.15 -19.09 -11.78 -9.95 .72
7.50 -6.11 -18.48 -11.78 -9.95 .72
7.50 -6.11 -18.48 -7.53 -7.53 -1.95
15.57 -5.87 -16.84 -7.53 -7.53 -1.95
15.57 -5.87 -16.84 -1.08 -3.54 .15
5.79 -4.28 -11.15 -1.08 -3.54 .15
5.79 -4.28 -11.15 3.16 .71 -1.11
-.39 -4.67 -6.17 3.16 .71 -1.11
-.39 -4.67 -6.17 5.21 2.33 -.75
.90 -3.37 -4.26 5.21 2.33 -.75
.90 -3.37 -4.26 5.86 2.76 -1.36
2.56 -2.80 -3.22 5.86 2.76 -1.36
2.56 -2.80 -3.22 5.76 3.12 -1.90
3.71 -.96 -.65 5.76 3.12 -1.90
3.71 -.96 -.65 5.33 3.03 -2.17
5.79 1.99 3.50 4.48 2.67 -2.03
5.79 1.99 3.50 5.33 3.03 -2.17
8.12 3.68 5.60 3.17 2.22 -1.70
8.12 3.68 5.60 4.48 2.67 -2.03
8.77 2.74 6.52 1.70 1.89 -1.51
8.77 2.74 6.52 3.17 2.22 -1.70
8.31 3.23 6.79 .96 1.42 -1.14
8.31 3.23 6.79 1.70 1.89 -1.51
9.12 3.12 6.56 .96 1.42 -1.14
9.12 3.12 6.56 .46 .96 -.96
9.79 2.95 6.95 .46 .96 -.96
9.79 2.95 6.95 .37 .60 -.72
9.38 3.06 7.05 .24 .38 -.53
9.38 3.06 7.05 .37 .60 -.72
