7.80 2.51 5.19 -.65 .61 -.68
-5.25 -.20 21.80 -.55 2.54 .03
-5.25 -.20 21.80 1.46 2.21 .75
-8.66 9.42 26.66 1.46 2.21 .75
-8.66 9.42 26.66 2.86 .78 1.87
-11.61 20.38 29.14 2.86 .78 1.87
-11.61 20.38 29.14 .87 -2.64 4.56
-16.32 12.61 24.09 .87 -2.64 4.56
-16.32 12.61 24.09 1.45 -5.52 6.04
-14.76 2.52 15.56 1.45 -5.52 6.04
-14.76 2.52 15.56 4.35 -8.34 6.16
-11.83 -2.39 17.61 4.35 -8.34 6.16
-11.83 -2.39 17.61 3.13 -10.15 7.03
-20.69 -18.80 18.53 3.13 -10.15 7.03
-20.69 -18.80 18.53 -.72 -8.97 6.35
-32.06 -15.75 4.33 -.72 -8.97 6.35
-32.06 -15.75 4.33 -3.15 -10.18 5.60
-17.18 -22.80 -4.17 -3.15 -10.18 5.60
-17.18 -22.80 -4.17 -4.51 -10.91 1.79
-4.10 -12.56 -12.24 -4.51 -10.91 1.79
-4.10 -12.56 -12.24 -3.69 -10.36 -1.31
7.12 -2.59 -13.49 -3.69 -10.36 -1.31
7.12 -2.59 -13.49 -2.13 -8.18 -1.33
9.72 -2.94 -15.06 -2.13 -8.18 -1.33
9.72 -2.94 -15.06 -1.31 -5.02 -.97
10.65 -1.56 -12.99 -1.31 -5.02 -.97
10.65 -1.56 -12.99 -.63 -2.10 -2.06
8.28 2.98 -7.92 -.63 -2.10 -2.06
8.28 2.98 -7.92 .11 .45 -1.99
4.59 2.57 -3.53 .11 .45 -1.99
4.59 2.57 -3.53 .52 1.97 -1.47
4.84 .53 -1.78 .52 1.97 -1.47
4.84 .53 -1.78 .34 2.80 -1.46
5.83 .03 .27 .34 2.80 -1.46
5.83 .03 .27 .94 3.39 -1.19
5.26 .39 1.23 .94 3.39 -1.19
5.26 .39 1.23 1.52 3.51 -1.01
5.77 .60 2.74 1.52 3.51 -1.01
5.77 .60 2.74 1.99 3.16 -.93
6.49 1.89 5.52 1.99 3.16 -.93
6.49 1.89 5.52 2.07 2.71 -.90
6.66 2.68 7.60 2.07 2.71 -.90
6.66 2.68 7.60 1.49 2.27 -.91
7.24 2.83 8.21 1.49 2.27 -.91
7.24 2.83 8.21 .59 1.75 -.87
8.40 2.55 6.38 .59 1.75 -.87
8.40 2.55 6.38 .03 1.29 -.78
9.21 2.46 5.16 .03 1.29 -.78
9.21 2.46 5.16 .01 1.01 -.70
8.90 3.07 6.16 .01 1.01 -.70
