9.08 2.41 6.99 .03 .25 -.41
9.08 2.41 6.99 .24 .38 -.53
-4.00 10.90 22.96 .29 .01 .89
-4.00 10.90 22.96 1.74 -.26 1.89
-5.68 24.32 33.34 3.24 -1.28 3.39
-5.68 24.32 33.34 1.74 -.26 1.89
-9.38 29.55 31.57 3.10 -3.80 6.14
-9.38 29.55 31.57 3.24 -1.28 3.39
-15.80 20.91 25.18 2.06 -6.01 8.36
-15.80 20.91 25.18 3.10 -3.80 6.14
-21.97 9.39 28.10 -.16 -9.30 8.85
-21.97 9.39 28.10 2.06 -6.01 8.36
-40.15 -2.81 14.78 -6.82 -10.81 9.08
-40.15 -2.81 14.78 -.16 -9.30 8.85
-47.54 -15.84 -10.05 -10.81 -13.00 7.40
-47.54 -15.84 -10.05 -6.82 -10.81 9.08
-17.29 -14.59 -20.19 -11.33 -11.97 2.79
-17.29 -14.59 -20.19 -10.81 -13.00 7.40
.43 -12.54 -23.50 -10.04 -8.32 -.46
.43 -12.54 -23.50 -11.33 -11.97 2.79
19.70 -10.15 -18.53 -10.04 -8.32 -.46
19.70 -10.15 -18.53 -3.51 -4.62 -.63
3.94 -7.01 -11.98 -3.51 -4.62 -.63
3.94 -7.01 -11.98 3.24 1.46 -.56
-4.63 -5.42 -6.73 3.24 1.46 -.56
-4.63 -5.42 -6.73 5.23 2.78 -1.59
-3.13 -4.00 -2.11 5.80 3.22 -1.67
-3.13 -4.00 -2.11 5.23 2.78 -1.59
.42 -.78 1.17 5.17 2.99 -2.40
.42 -.78 1.17 5.80 3.22 -1.67
3.26 .30 3.82 3.88 2.44 -2.33
3.26 .30 3.82 5.17 2.99 -2.40
5.40 2.90 6.22 2.42 1.81 -2.01
5.40 2.90 6.22 3.88 2.44 -2.33
7.54 3.94 7.42 .79 1.24 -1.63
7.54 3.94 7.42 2.42 1.81 -2.01
8.05 2.46 7.05 -.35 .89 -1.15
8.05 2.46 7.05 .79 1.24 -1.63
8.59 1.97 6.16 -.64 .67 -.90
8.59 1.97 6.16 -.35 .89 -1.15
8.98 2.12 6.39 -.61 .50 -.68
8.98 2.12 6.39 -.64 .67 -.90
9.53 1.47 7.33 -.24 .40 -.62
9.53 1.47 7.33 -.61 .50 -.68
9.14 1.10 7.89 .17 .44 -.52
9.14 1.10 7.89 -.24 .40 -.62
8.42 .71 7.77 .38 .51 -.42
8.42 .71 7.77 .17 .44 -.52
8.31 .81 7.56 .43 .56 -.38
8.31 .81 7.56 .38 .51 -.42
8.03 .45 7.30 .29 .62 -.37
