8.03 .45 7.30 .43 .56 -.38
-5.20 9.71 21.79 -.09 -.41 1.16
-5.20 9.71 21.79 .74 -.74 1.79
-5.30 17.50 28.57 .74 -.74 1.79
-5.30 17.50 28.57 1.38 -1.66 3.11
-7.53 19.02 32.33 1.38 -1.66 3.11
-7.53 19.02 32.33 2.14 -3.11 4.88
-14.73 18.45 29.64 2.66 -5.22 7.00
-14.73 18.45 29.64 2.14 -3.11 4.88
-22.25 8.02 26.23 2.66 -5.22 7.00
-22.25 8.02 26.23 1.56 -7.86 7.83
-34.12 -.88 22.40 1.56 -7.86 7.83
-34.12 -.88 22.40 -2.46 -10.36 7.93
-45.09 -5.80 -4.94 -2.46 -10.36 7.93
-45.09 -5.80 -4.94 -9.50 -12.86 6.90
-18.45 -10.30 -17.96 -11.60 -13.44 3.09
-18.45 -10.30 -17.96 -9.50 -12.86 6.90
-1.59 -9.74 -19.08 -11.60 -13.44 3.09
-1.59 -9.74 -19.08 -11.24 -9.60 1.88
13.93 -5.48 -17.56 -11.24 -9.60 1.88
13.93 -5.48 -17.56 -6.27 -5.70 -.33
5.55 -6.63 -13.79 -6.27 -5.70 -.33
5.55 -6.63 -13.79 .80 -1.06 1.01
-1.37 -6.96 -10.15 .80 -1.06 1.01
-1.37 -6.96 -10.15 3.71 .93 -.28
-.33 -6.91 -5.87 3.71 .93 -.28
-.33 -6.91 -5.87 5.42 1.92 -.59
1.65 -4.24 -1.33 5.60 2.08 -1.45
1.65 -4.24 -1.33 5.42 1.92 -.59
3.29 -1.69 1.27 5.60 2.08 -1.45
3.29 -1.69 1.27 4.04 1.88 -1.99
5.72 -.66 2.86 2.29 1.60 -2.06
5.72 -.66 2.86 4.04 1.88 -1.99
7.53 1.50 3.58 2.29 1.60 -2.06
7.53 1.50 3.58 1.40 1.43 -1.67
8.76 1.40 5.17 .97 1.13 -1.18
8.76 1.40 5.17 1.40 1.43 -1.67
8.47 .66 6.12 .64 .89 -.83
8.47 .66 6.12 .97 1.13 -1.18
8.81 .55 5.79 -.29 .62 -.78
8.81 .55 5.79 .64 .89 -.83
9.53 .48 5.55 -1.00 .50 -.77
9.53 .48 5.55 -.29 .62 -.78
9.44 -.65 6.15 -.81 .57 -.78
9.44 -.65 6.15 -1.00 .50 -.77
8.53 -1.50 6.25 .12 .66 -.65
8.53 -1.50 6.25 -.81 .57 -.78
7.92 -.77 6.48 .88 .71 -.52
7.92 -.77 6.48 .12 .66 -.65
7.46 -.50 6.88 .76 .79 -.60
