7.46 -.50 6.88 .88 .71 -.52
-2.66 3.78 21.39 -1.95 -.27 1.16
-2.66 3.78 21.39 -1.36 -.88 2.48
-1.22 8.24 31.21 -1.36 -.88 2.48
-7.22 1.07 32.81 -1.14 -1.78 3.62
-1.22 8.24 31.21 -1.14 -1.78 3.62
-7.22 1.07 32.81 .53 -2.32 4.33
-21.90 -.59 27.86 .53 -2.32 4.33
-21.90 -.59 27.86 3.68 -5.01 5.89
-20.70 -6.33 17.87 3.68 -5.01 5.89
-20.70 -6.33 17.87 6.84 -9.67 5.91
-25.53 .32 26.39 6.84 -9.67 5.91
-25.53 .32 26.39 4.93 -11.94 7.36
-57.18 16.03 5.87 4.93 -11.94 7.36
-57.18 16.03 5.87 -9.58 -10.45 8.03
-27.19 -4.18 -47.37 -9.58 -10.45 8.03
-27.19 -4.18 -47.37 -22.25 -16.40 1.01
22.31 -4.17 -32.70 -22.25 -16.40 1.01
22.31 -4.17 -32.70 -18.88 -10.06 -.88
29.80 -23.87 -18.98 -18.88 -10.06 -.88
29.80 -23.87 -18.98 1.50 -1.62 2.20
-9.12 -9.04 -13.12 1.50 -1.62 2.20
-9.12 -9.04 -13.12 11.17 3.59 .91
-13.72 -4.65 -.12 11.17 3.59 .91
-13.72 -4.65 -.12 10.33 2.50 -.98
-7.74 1.24 .26 10.33 2.50 -.98
5.06 1.16 2.43 4.75 .69 -3.07
-7.74 1.24 .26 4.75 .69 -3.07
5.06 1.16 2.43 .08 .11 -4.03
5.66 -1.21 3.59 .08 .11 -4.03
5.66 -1.21 3.59 -.97 .81 -3.05
4.26 -.06 4.46 -.97 .81 -3.05
4.26 -.06 4.46 -.41 1.08 -2.59
7.07 .67 5.22 -.41 1.08 -2.59
7.07 .67 5.22 .02 .97 -2.02
8.94 1.26 5.49 .02 .97 -2.02
8.72 .74 6.19 .30 .92 -1.38
8.94 1.26 5.49 .30 .92 -1.38
8.72 .74 6.19 .10 .82 -.99
8.55 -.10 6.80 .10 .82 -.99
8.55 -.10 6.80 -.60 .69 -.85
8.95 -1.27 7.57 -.60 .69 -.85
8.95 -1.27 7.57 -.91 .70 -.78
9.09 -2.27 7.58 -.91 .70 -.78
9.09 -2.27 7.58 -.56 .84 -.74
8.19 -2.89 7.76 -.56 .84 -.74
8.19 -2.89 7.76 .35 1.06 -.64
6.37 -1.98 7.30 .35 1.06 -.64
6.37 -1.98 7.30 1.02 1.25 -.62
5.36 -1.63 7.74 1.02 1.25 -.62
