5.36 -1.63 7.74 .87 1.28 -.79
-2.65 14.43 21.94 -.44 -.30 1.12
-2.65 14.43 21.94 -.13 -.66 2.20
-4.28 16.01 27.85 -.13 -.66 2.20
-4.28 16.01 27.85 .14 -1.30 3.76
-9.00 5.06 26.03 .14 -1.30 3.76
-12.65 7.84 19.02 1.12 -1.96 5.13
-9.00 5.06 26.03 1.12 -1.96 5.13
-12.65 7.84 19.02 5.81 -3.17 7.57
-13.96 11.87 20.17 5.81 -3.17 7.57
-13.96 11.87 20.17 7.57 -4.87 8.00
-19.36 7.25 26.55 7.57 -4.87 8.00
-19.36 7.25 26.55 3.58 -5.56 8.57
-32.78 -1.44 18.90 3.58 -5.56 8.57
-32.78 -1.44 18.90 -4.71 -6.37 8.44
-33.77 -11.76 -1.18 -4.71 -6.37 8.44
-33.77 -11.76 -1.18 -10.40 -9.85 6.07
-15.39 -20.69 -3.21 -10.40 -9.85 6.07
-15.39 -20.69 -3.21 -9.23 -9.80 2.78
-2.86 -7.78 -13.26 -9.23 -9.80 2.78
-2.86 -7.78 -13.26 -6.91 -9.26 .45
8.51 -9.39 -11.81 -6.91 -9.26 .45
8.51 -9.39 -11.81 -4.17 -6.22 .16
12.20 -11.18 -7.90 -4.17 -6.22 .16
12.20 -11.18 -7.90 -.73 -3.09 -.24
2.22 -5.58 -3.41 -.73 -3.09 -.24
2.22 -5.58 -3.41 1.91 .28 -1.00
-1.99 -4.76 -1.93 1.91 .28 -1.00
-1.99 -4.76 -1.93 3.39 .80 -1.31
1.82 -3.67 -1.80 3.39 .80 -1.31
1.82 -3.67 -1.80 4.02 .86 -1.90
3.51 -1.67 -.62 4.02 .86 -1.90
3.51 -1.67 -.62 3.72 1.24 -2.09
3.47 .01 1.71 3.72 1.24 -2.09
3.47 .01 1.71 3.02 1.32 -2.10
4.48 1.65 3.26 3.02 1.32 -2.10
4.48 1.65 3.26 2.16 1.12 -1.82
6.16 2.20 4.15 2.16 1.12 -1.82
6.16 2.20 4.15 1.27 .93 -1.55
7.15 2.29 5.09 1.27 .93 -1.55
7.15 2.29 5.09 .47 .84 -1.35
8.13 2.09 5.57 .47 .84 -1.35
8.13 2.09 5.57 -.12 .69 -1.22
8.34 1.86 5.63 -.12 .69 -1.22
8.34 1.86 5.63 -.27 .68 -1.07
8.21 2.14 6.04 -.27 .68 -1.07
8.21 2.14 6.04 -.08 .69 -.94
