8.58 1.86 6.74 -.08 .69 -.94
8.58 1.86 6.74 .13 .74 -.93
8.08 1.54 7.49 .13 .74 -.93
8.08 1.54 7.49 .29 .92 -.89
-8.67 6.06 19.14 .07 1.72 2.00
-8.67 6.06 19.14 2.48 1.62 3.30
-11.11 11.65 26.13 2.48 1.62 3.30
-11.11 11.65 26.13 3.47 1.00 4.66
-14.75 16.29 32.36 3.47 1.00 4.66
-14.75 16.29 32.36 3.96 -.17 6.48
-21.05 18.48 31.62 3.96 -.17 6.48
-21.05 18.48 31.62 4.97 -2.13 8.40
-24.59 13.74 25.47 4.97 -2.13 8.40
-24.59 13.74 25.47 5.49 -4.82 9.99
-26.61 3.52 18.87 5.49 -4.82 9.99
-26.61 3.52 18.87 5.98 -6.35 10.90
-39.49 3.29 18.73 5.98 -6.35 10.90
-39.49 3.29 18.73 1.94 -6.52 12.08
-59.98 1.76 1.83 1.94 -6.52 12.08
-59.98 1.76 1.83 -14.86 -12.26 6.91
-20.22 -13.25 -22.06 -14.86 -12.26 6.91
-20.22 -13.25 -22.06 -18.51 -13.60 2.54
-2.89 -10.51 -25.26 -18.51 -13.60 2.54
-2.89 -10.51 -25.26 -15.91 -11.58 -2.88
16.69 -1.93 -21.17 -15.91 -11.58 -2.88
16.69 -1.93 -21.17 -8.19 -9.44 -1.50
15.71 -4.29 -13.27 -8.19 -9.44 -1.50
15.71 -4.29 -13.27 -.88 -3.13 -.47
-.33 -2.37 -6.81 -.88 -3.13 -.47
-.33 -2.37 -6.81 2.30 .49 -.95
.59 .05 -3.18 2.30 .49 -.95
.59 .05 -3.18 3.48 1.16 -.65
3.86 -.18 -3.86 3.48 1.16 -.65
3.86 -.18 -3.86 3.30 2.21 -1.15
5.42 -2.48 -4.29 3.30 2.21 -1.15
5.42 -2.48 -4.29 3.86 2.79 -1.55
5.73 -2.58 -2.09 3.86 2.79 -1.55
5.73 -2.58 -2.09 4.82 2.94 -1.56
5.16 .74 1.81 4.82 2.94 -1.56
5.16 .74 1.81 4.80 2.78 -1.40
7.07 4.13 4.73 4.80 2.78 -1.40
7.07 4.13 4.73 3.25 2.22 -1.41
9.41 3.62 4.88 3.25 2.22 -1.41
9.41 3.62 4.88 1.59 1.70 -1.27
10.15 1.67 3.78 1.59 1.70 -1.27
10.15 1.67 3.78 .85 1.42 -.96
9.48 1.49 4.12 .85 1.42 -.96
