9.48 1.49 4.12 .69 1.20 -.69
9.30 2.78 5.58 .69 1.20 -.69
9.30 2.78 5.58 .47 .92 -.61
9.53 2.62 6.00 .47 .92 -.61
9.53 2.62 6.00 .26 .75 -.55
8.73 1.15 6.03 .26 .75 -.55
8.73 1.15 6.03 .28 .77 -.43
-11.09 .99 26.10 -.65 -.10 2.65
-11.09 .99 26.10 .45 -.97 3.57
-13.35 2.36 29.16 2.50 -2.15 4.79
-13.35 2.36 29.16 .45 -.97 3.57
-15.26 5.62 25.67 4.86 -4.30 6.12
-15.26 5.62 25.67 2.50 -2.15 4.79
-17.75 3.48 18.89 6.96 -5.64 6.83
-17.75 3.48 18.89 4.86 -4.30 6.12
-20.97 4.99 21.33 9.95 -8.28 8.33
-20.97 4.99 21.33 6.96 -5.64 6.83
-26.06 12.87 26.97 5.57 -9.20 8.81
-26.06 12.87 26.97 9.95 -8.28 8.33
-49.93 -6.11 10.46 5.57 -9.20 8.81
-49.93 -6.11 10.46 -4.48 -10.24 9.23
-27.99 -7.94 -7.09 -9.14 -11.94 5.74
-27.99 -7.94 -7.09 -4.48 -10.24 9.23
-9.32 -4.89 -21.72 -11.82 -10.84 3.62
-9.32 -4.89 -21.72 -9.14 -11.94 5.74
10.67 -4.24 -13.37 -11.09 -7.83 1.61
10.67 -4.24 -13.37 -11.82 -10.84 3.62
6.32 -13.90 -9.64 -.16 -3.48 1.58
6.32 -13.90 -9.64 -11.09 -7.83 1.61
-.52 -3.95 -9.83 -.16 -3.48 1.58
-.52 -3.95 -9.83 3.93 -1.60 1.88
4.77 -4.55 -5.10 3.93 -1.60 1.88
4.77 -4.55 -5.10 2.16 .22 .78
1.36 -8.45 -2.56 2.16 .22 .78
1.36 -8.45 -2.56 2.02 .96 -.11
2.96 -5.00 -1.74 2.02 .96 -.11
2.96 -5.00 -1.74 2.33 .86 -1.08
4.84 -2.61 -.06 1.78 .87 -1.89
4.84 -2.61 -.06 2.33 .86 -1.08
6.22 -1.52 2.06 1.47 .96 -2.06
6.22 -1.52 2.06 1.78 .87 -1.89
7.44 -.56 3.93 1.10 1.05 -1.91
7.44 -.56 3.93 1.47 .96 -2.06
8.17 .49 4.34 .70 1.07 -1.59
8.17 .49 4.34 1.10 1.05 -1.91
8.99 .65 4.81 .33 .99 -1.38
8.99 .65 4.81 .70 1.07 -1.59
8.89 1.41 5.26 -.06 .94 -1.13
8.89 1.41 5.26 .33 .99 -1.38
9.95 1.35 5.15 -.27 .79 -.98
9.95 1.35 5.15 -.06 .94 -1.13
10.06 .17 6.48 -.08 .86 -.81
10.06 .17 6.48 -.27 .79 -.98
