8.25 -.43 6.93 .17 1.02 -.73
8.25 -.43 6.93 -.08 .86 -.81
7.41 -1.12 6.53 .17 .94 -.87
7.41 -1.12 6.53 .17 1.02 -.73
-12.65 1.75 23.86 -.41 -.04 3.13
-12.65 1.75 23.86 .50 -1.31 3.95
-15.51 1.20 27.25 .50 -1.31 3.95
-15.51 1.20 27.25 2.00 -2.68 5.14
-19.91 1.18 26.31 2.00 -2.68 5.14
-19.91 1.18 26.31 4.72 -4.13 6.03
-20.79 5.43 23.69 4.72 -4.13 6.03
-20.79 5.43 23.69 7.44 -6.89 7.39
-20.59 7.11 20.02 7.44 -6.89 7.39
-20.59 7.11 20.02 7.91 -8.75 8.12
-29.34 5.42 19.06 7.91 -8.75 8.12
-29.34 5.42 19.06 3.57 -8.87 9.43
-48.08 -1.64 6.60 3.57 -8.87 9.43
-48.08 -1.64 6.60 -6.16 -9.76 9.31
-38.33 -10.92 -11.82 -6.16 -9.76 9.31
-38.33 -10.92 -11.82 -12.46 -13.12 4.76
-14.00 -9.01 -16.35 -12.46 -13.12 4.76
-14.00 -9.01 -16.35 -13.68 -13.04 .64
.04 -5.54 -21.57 -13.68 -13.04 .64
.04 -5.54 -21.57 -10.33 -10.26 -1.97
16.91 -4.31 -15.61 -10.33 -10.26 -1.97
16.91 -4.31 -15.61 -4.44 -7.39 -.89
11.61 -3.74 -10.78 -4.44 -7.39 -.89
1.81 -.46 -7.10 .38 -2.57 -.27
11.61 -3.74 -10.78 .38 -2.57 -.27
1.81 -.46 -7.10 1.79 -.05 -.69
3.46 -2.60 -5.46 1.79 -.05 -.69
3.46 -2.60 -5.46 2.42 .87 -.41
5.18 -3.29 -4.40 2.42 .87 -.41
5.18 -3.29 -4.40 3.05 2.00 -.79
3.65 -3.22 -2.47 3.05 2.00 -.79
3.65 -3.22 -2.47 3.43 2.62 -1.15
4.71 -1.44 1.10 3.56 2.58 -1.28
4.71 -1.44 1.10 3.43 2.62 -1.15
6.20 .27 4.73 3.56 2.58 -1.28
6.20 .27 4.73 3.15 2.41 -1.23
6.60 .91 5.88 3.15 2.41 -1.23
6.60 .91 5.88 2.26 2.06 -1.16
8.51 1.41 5.18 2.26 2.06 -1.16
8.51 1.41 5.18 1.44 1.59 -1.05
8.68 1.50 6.52 1.44 1.59 -1.05
8.68 1.50 6.52 .78 1.32 -.92
8.99 1.53 6.16 .78 1.32 -.92
8.99 1.53 6.16 .43 .92 -.75
9.17 1.17 6.34 .43 .92 -.75
9.17 1.17 6.34 .32 .74 -.66
9.16 1.54 7.45 .32 .74 -.66
9.16 1.54 7.45 .46 .69 -.49
8.81 .97 7.06 .46 .69 -.49
