8.81 .97 7.06 .49 .67 -.41
-12.35 9.56 25.29 -.90 1.37 .96
-12.35 9.56 25.29 -.61 .32 2.08
-13.83 10.38 25.67 -.61 .32 2.08
-13.83 10.38 25.67 .71 -1.07 3.41
-16.67 13.66 31.19 .71 -1.07 3.41
-16.67 13.66 31.19 3.10 -2.99 4.81
-18.55 17.95 30.05 3.10 -2.99 4.81
-18.55 17.95 30.05 4.48 -5.58 6.45
-23.07 14.98 25.55 4.48 -5.58 6.45
-23.07 14.98 25.55 2.88 -7.81 7.69
-29.16 3.71 18.49 2.88 -7.81 7.69
-29.16 3.71 18.49 -.93 -10.34 8.02
-32.14 -9.14 6.54 -.93 -10.34 8.02
-32.14 -9.14 6.54 -3.55 -12.05 7.20
-35.05 -16.79 3.03 -3.55 -12.05 7.20
-35.05 -16.79 3.03 -4.62 -11.79 5.90
-25.53 -13.54 -4.48 -4.62 -11.79 5.90
-25.53 -13.54 -4.48 -6.64 -11.31 3.31
-16.65 -8.07 -8.25 -6.64 -11.31 3.31
-16.65 -8.07 -8.25 -7.57 -10.24 .03
-7.17 -2.20 -13.53 -7.57 -10.24 .03
-7.17 -2.20 -13.53 -7.08 -8.92 -1.58
3.22 -.06 -14.57 -7.08 -8.92 -1.58
3.22 -.06 -14.57 -5.89 -7.06 -2.26
12.13 .79 -12.64 -5.89 -7.06 -2.26
12.13 .79 -12.64 -3.84 -4.37 -1.90
11.32 .12 -10.55 -3.84 -4.37 -1.90
11.32 .12 -10.55 -.42 -1.73 -1.46
5.90 2.29 -8.68 -.42 -1.73 -1.46
5.90 2.29 -8.68 1.73 .06 -.50
7.69 2.46 -6.94 1.73 .06 -.50
7.69 2.46 -6.94 1.83 1.09 -.26
8.06 .94 -6.14 1.83 1.09 -.26
8.06 .94 -6.14 1.69 2.15 .13
7.23 .25 -4.35 1.69 2.15 .13
7.23 .25 -4.35 1.95 2.84 .47
7.38 .33 -2.14 1.95 2.84 .47
7.38 .33 -2.14 1.90 3.25 .71
8.05 -.14 .85 1.90 3.25 .71
8.05 -.14 .85 1.85 3.51 .90
8.25 -.82 2.99 1.85 3.51 .90
8.25 -.82 2.99 2.02 3.64 .99
7.46 -1.89 4.88 2.02 3.64 .99
7.46 -1.89 4.88 2.00 3.50 .83
7.47 -2.69 5.13 2.00 3.50 .83
7.47 -2.69 5.13 1.96 3.08 .57
7.50 -2.58 6.47 1.96 3.08 .57
7.50 -2.58 6.47 1.84 2.61 .31
7.31 -1.95 8.31 1.84 2.61 .31
