7.31 -1.95 8.31 1.42 2.11 .10
-9.15 10.52 26.40 .20 .77 1.79
-9.15 10.52 26.40 1.87 .00 2.99
-10.02 17.76 32.11 1.87 .00 2.99
-10.02 17.76 32.11 3.47 -1.83 4.50
-13.26 20.32 31.21 3.47 -1.83 4.50
-13.26 20.32 31.21 3.61 -3.57 6.27
-18.94 15.15 23.76 3.61 -3.57 6.27
-18.94 15.15 23.76 2.94 -5.65 8.06
-24.37 3.34 20.86 2.94 -5.65 8.06
-24.37 3.34 20.86 1.34 -7.73 8.17
-34.12 -1.91 15.63 1.34 -7.73 8.17
-34.12 -1.91 15.63 -2.47 -9.31 8.31
-43.05 -3.58 1.11 -2.47 -9.31 8.31
-43.05 -3.58 1.11 -8.58 -10.69 6.97
-25.95 -3.55 -12.84 -8.58 -10.69 6.97
-25.95 -3.55 -12.84 -13.58 -11.90 3.32
-14.37 -.38 -22.52 -13.58 -11.90 3.32
-14.37 -.38 -22.52 -16.68 -11.24 -.30
.28 5.93 -25.84 -16.68 -11.24 -.30
.28 5.93 -25.84 -15.70 -8.80 -3.76
14.89 -1.10 -21.79 -15.70 -8.80 -3.76
14.89 -1.10 -21.79 -9.72 -4.54 -3.07
14.51 -8.87 -15.77 -9.72 -4.54 -3.07
14.51 -8.87 -15.77 .77 -.20 -.51
2.27 2.49 -9.38 .77 -.20 -.51
2.27 2.49 -9.38 7.46 3.42 .50
-.26 4.74 -1.48 7.46 3.42 .50
-.26 4.74 -1.48 6.11 3.85 .30
2.67 .35 4.11 6.11 3.85 .30
2.67 .35 4.11 3.43 3.75 -.58
7.02 -3.79 3.95 3.43 3.75 -.58
7.02 -3.79 3.95 3.20 3.35 -.46
7.56 -3.48 6.25 3.20 3.35 -.46
7.56 -3.48 6.25 3.79 2.87 -.11
7.31 .96 8.51 3.79 2.87 -.11
7.31 .96 8.51 3.06 2.13 -.29
6.94 .55 9.72 3.06 2.13 -.29
6.94 .55 9.72 .63 1.49 -.44
8.64 -.75 8.89 .63 1.49 -.44
8.64 -.75 8.89 -.79 1.10 -.51
9.41 -2.22 7.74 -.79 1.10 -.51
9.41 -2.22 7.74 -.32 1.13 -.35
8.67 -1.93 6.92 -.32 1.13 -.35
8.67 -1.93 6.92 .59 1.13 -.26
7.51 -1.60 7.11 .59 1.13 -.26
7.51 -1.60 7.11 1.11 1.16 -.36
6.90 -1.70 7.67 1.11 1.16 -.36
6.90 -1.70 7.67 1.05 1.13 -.49
6.15 -2.01 8.30 1.05 1.13 -.49
