6.15 -2.01 8.30 .62 1.18 -.61
-10.32 14.52 25.14 -.24 .33 1.69
-10.32 14.52 25.14 .82 -.35 2.95
-12.20 22.77 34.71 2.47 -1.84 4.90
-12.20 22.77 34.71 .82 -.35 2.95
-18.08 22.68 27.52 2.88 -3.84 7.71
-18.08 22.68 27.52 2.47 -1.84 4.90
-24.33 15.47 21.64 3.24 -6.77 9.15
-24.33 15.47 21.64 2.88 -3.84 7.71
-29.14 6.78 24.35 1.23 -10.23 9.15
-29.14 6.78 24.35 3.24 -6.77 9.15
-32.38 -8.00 16.08 -1.76 -11.45 8.77
-32.38 -8.00 16.08 1.23 -10.23 9.15
-34.64 -11.91 4.96 -2.85 -11.02 8.69
-34.64 -11.91 4.96 -1.76 -11.45 8.77
-31.16 -14.10 -1.76 -6.13 -10.25 7.59
-31.16 -14.10 -1.76 -2.85 -11.02 8.69
-18.04 -10.46 -15.86 -9.03 -9.74 3.16
-18.04 -10.46 -15.86 -6.13 -10.25 7.59
-.52 -7.60 -19.64 -9.76 -7.92 .18
-.52 -7.60 -19.64 -9.03 -9.74 3.16
12.41 -8.13 -16.60 -7.59 -5.27 -.26
12.41 -8.13 -16.60 -9.76 -7.92 .18
9.70 -5.20 -10.51 -2.49 -1.52 -.81
9.70 -5.20 -10.51 -7.59 -5.27 -.26
-.07 -2.72 -6.87 1.37 .84 -.69
-.07 -2.72 -6.87 -2.49 -1.52 -.81
3.90 -2.56 -5.99 3.27 2.07 -.40
3.90 -2.56 -5.99 1.37 .84 -.69
4.07 -3.14 -4.91 4.13 3.02 -.88
4.07 -3.14 -4.91 3.27 2.07 -.40
4.07 -2.80 -1.58 4.51 3.24 -1.08
4.07 -2.80 -1.58 4.13 3.02 -.88
4.80 -1.26 2.16 4.42 3.20 -1.07
4.80 -1.26 2.16 4.51 3.24 -1.08
5.96 -.10 5.10 3.75 2.90 -1.03
5.96 -.10 5.10 4.42 3.20 -1.07
7.01 .40 5.97 2.35 2.55 -1.16
7.01 .40 5.97 3.75 2.90 -1.03
7.52 .94 5.51 .89 2.23 -1.19
7.52 .94 5.51 2.35 2.55 -1.16
8.62 -.33 5.61 .37 1.84 -1.18
8.62 -.33 5.61 .89 2.23 -1.19
8.41 -.88 6.66 .64 1.66 -1.11
8.41 -.88 6.66 .37 1.84 -1.18
7.00 .10 8.07 .94 1.49 -1.02
7.00 .10 8.07 .64 1.66 -1.11
