8.90 3.07 6.16 .29 .85 -.55
-7.08 5.11 17.97 2.27 -4.38 4.40
-7.08 5.11 17.97 4.04 -5.37 5.97
-10.00 -.14 11.04 4.04 -5.37 5.97
-10.00 -.14 11.04 7.37 -5.95 7.47
-13.90 -2.88 16.41 7.37 -5.95 7.47
-13.90 -2.88 16.41 9.67 -5.86 9.77
-29.95 3.05 20.49 9.67 -5.86 9.77
-29.95 3.05 20.49 4.92 -4.63 10.98
-35.13 -6.32 7.96 4.92 -4.63 10.98
-35.13 -6.32 7.96 -4.61 -6.41 8.20
-16.71 -14.52 -8.32 -4.61 -6.41 8.20
-16.71 -14.52 -8.32 -10.40 -8.59 3.36
-1.24 -19.92 -13.06 -10.40 -8.59 3.36
-1.24 -19.92 -13.06 -9.43 -8.39 -.56
12.22 -11.70 -9.12 -9.43 -8.39 -.56
12.22 -11.70 -9.12 -4.14 -6.68 -.63
8.81 -4.77 -8.50 -4.14 -6.68 -.63
8.81 -4.77 -8.50 .25 -2.16 -1.46
2.38 -2.67 -5.40 .25 -2.16 -1.46
2.38 -2.67 -5.40 2.26 -.15 -2.10
4.22 .50 -2.43 2.26 -.15 -2.10
4.22 .50 -2.43 2.37 .48 -2.38
4.30 .15 -.43 2.37 .48 -2.38
4.30 .15 -.43 1.54 1.25 -2.62
3.76 .65 1.30 1.54 1.25 -2.62
3.76 .65 1.30 .95 1.56 -2.41
4.40 1.24 2.38 .95 1.56 -2.41
4.40 1.24 2.38 .69 1.48 -2.09
7.24 2.55 3.54 .69 1.48 -2.09
7.24 2.55 3.54 .82 1.10 -1.69
8.84 3.50 4.33 .82 1.10 -1.69
8.84 3.50 4.33 .91 .95 -1.23
8.99 4.05 5.04 .91 .95 -1.23
8.99 4.05 5.04 .71 .92 -.93
8.69 4.15 4.92 .71 .92 -.93
