6.49 .42 8.56 .45 1.38 -1.18
6.49 .42 8.56 .94 1.49 -1.02
7.58 .76 7.88 .11 1.34 -1.21
7.58 .76 7.88 .45 1.38 -1.18
-9.24 10.01 20.05 -.45 .71 .77
-9.24 10.01 20.05 .12 .62 1.87
-11.43 18.71 27.27 .88 -.03 3.39
-11.43 18.71 27.27 .12 .62 1.87
-14.64 20.75 26.85 1.56 -1.48 5.47
-14.64 20.75 26.85 .88 -.03 3.39
-18.89 20.07 23.96 1.56 -1.48 5.47
-18.89 20.07 23.96 2.17 -3.75 7.19
-21.21 15.54 25.72 2.17 -3.75 7.19
-21.21 15.54 25.72 1.97 -6.82 8.04
-26.51 5.13 23.78 1.97 -6.82 8.04
-26.51 5.13 23.78 -.53 -8.99 8.50
-32.61 -4.59 10.60 -.53 -8.99 8.50
-32.61 -4.59 10.60 -3.34 -10.44 8.24
-33.56 -15.33 -.10 -4.07 -10.78 7.18
-33.56 -15.33 -.10 -3.34 -10.44 8.24
-23.80 -12.91 -.83 -4.71 -10.60 5.58
-23.80 -12.91 -.83 -4.07 -10.78 7.18
-17.37 -9.89 -6.64 -5.85 -9.60 2.90
-17.37 -9.89 -6.64 -4.71 -10.60 5.58
-7.03 -7.76 -15.87 -6.26 -8.37 .56
-7.03 -7.76 -15.87 -5.85 -9.60 2.90
6.16 -6.82 -15.87 -5.69 -6.40 .02
6.16 -6.82 -15.87 -6.26 -8.37 .56
13.47 -5.94 -11.80 -3.82 -3.66 -.40
13.47 -5.94 -11.80 -5.69 -6.40 .02
3.62 -3.74 -7.12 .23 -.15 -.84
3.62 -3.74 -7.12 -3.82 -3.66 -.40
3.30 -1.53 -5.91 2.18 .90 -.37
3.30 -1.53 -5.91 .23 -.15 -.84
6.65 -1.91 -5.29 1.95 2.17 -.67
6.65 -1.91 -5.29 2.18 .90 -.37
5.28 -2.88 -3.26 1.97 2.88 -.75
5.28 -2.88 -3.26 1.95 2.17 -.67
5.37 -2.46 .32 2.27 3.03 -.69
5.37 -2.46 .32 1.97 2.88 -.75
6.33 -1.59 3.39 2.27 2.90 -.64
6.33 -1.59 3.39 2.27 3.03 -.69
7.68 -.76 5.14 2.06 2.65 -.66
7.68 -.76 5.14 2.27 2.90 -.64
7.96 -.43 6.07 1.29 2.34 -.82
7.96 -.43 6.07 2.06 2.65 -.66
7.31 -1.07 6.16 .79 2.03 -.89
7.31 -1.07 6.16 1.29 2.34 -.82
8.10 -.66 6.50 .67 1.82 -.89
8.10 -.66 6.50 .79 2.03 -.89
7.53 -.32 7.66 .50 1.72 -.95
7.53 -.32 7.66 .67 1.82 -.89
7.01 -.54 7.76 .13 1.63 -1.03
