7.01 -.54 7.76 .50 1.72 -.95
-11.49 20.07 22.98 2.48 -.70 3.76
-11.49 20.07 22.98 4.21 -1.92 5.20
-12.65 26.08 26.06 2.09 -3.16 6.43
-12.65 26.08 26.06 4.21 -1.92 5.20
-17.83 21.87 26.76 -.15 -5.24 8.17
-17.83 21.87 26.76 2.09 -3.16 6.43
-20.91 12.28 21.31 -.27 -7.53 9.49
-20.91 12.28 21.31 -.15 -5.24 8.17
-31.70 2.85 17.36 -2.56 -8.73 10.28
-31.70 2.85 17.36 -.27 -7.53 9.49
-61.65 -9.43 3.84 -8.75 -10.29 10.15
-61.65 -9.43 3.84 -2.56 -8.73 10.28
-38.92 -14.36 -22.56 -15.37 -13.50 1.83
-38.92 -14.36 -22.56 -8.75 -10.29 10.15
11.20 -12.83 -27.64 -14.01 -8.46 -1.37
11.20 -12.83 -27.64 -15.37 -13.50 1.83
30.61 -20.70 -15.44 .08 -1.84 1.21
30.61 -20.70 -15.44 -14.01 -8.46 -1.37
-6.99 -5.02 -9.76 7.11 3.10 -1.15
-6.99 -5.02 -9.76 .08 -1.84 1.21
-6.02 -6.51 -7.27 6.86 3.60 -.82
-6.02 -6.51 -7.27 7.11 3.10 -1.15
-3.53 -3.95 .65 4.83 2.80 -2.64
-3.53 -3.95 .65 6.86 3.60 -.82
3.05 1.21 6.23 3.48 1.59 -2.43
3.05 1.21 6.23 4.83 2.80 -2.64
8.18 4.44 7.66 2.04 .83 -1.66
8.18 4.44 7.66 3.48 1.59 -2.43
8.15 2.30 7.61 -.29 .53 -1.11
8.15 2.30 7.61 2.04 .83 -1.66
9.15 .35 6.56 -1.22 .23 -.74
9.15 .35 6.56 -.29 .53 -1.11
9.38 -.72 5.94 -.87 .33 -.31
9.38 -.72 5.94 -1.22 .23 -.74
8.37 -2.48 6.55 -.10 .37 -.23
8.37 -2.48 6.55 -.87 .33 -.31
9.14 -2.52 7.18 .57 .38 -.34
9.14 -2.52 7.18 -.10 .37 -.23
8.43 -2.38 7.32 .87 .54 -.37
8.43 -2.38 7.32 .57 .38 -.34
7.86 -2.38 7.45 .80 .65 -.41
7.86 -2.38 7.45 .87 .54 -.37
7.09 -2.98 7.59 .73 .71 -.47
7.09 -2.98 7.59 .80 .65 -.41
6.47 -2.68 7.09 .79 .77 -.53
6.47 -2.68 7.09 .73 .71 -.47
