5.53 -2.45 7.49 .75 .78 -.71
5.53 -2.45 7.49 .79 .77 -.53
4.75 -2.80 7.81 .73 .76 -.91
4.75 -2.80 7.81 .75 .78 -.71
-9.63 2.39 21.65 -1.96 -.38 .64
-9.63 2.39 21.65 -.34 -.72 1.46
-12.80 4.86 30.97 -.34 -.72 1.46
-12.80 4.86 30.97 1.58 -1.68 2.79
-18.28 .60 30.96 1.58 -1.68 2.79
-18.28 .60 30.96 3.50 -3.20 3.87
-19.45 7.20 24.84 3.50 -3.20 3.87
-19.45 7.20 24.84 5.50 -6.02 4.87
-17.76 6.61 21.51 5.50 -6.02 4.87
-17.76 6.61 21.51 4.54 -8.26 5.46
-21.97 1.27 20.15 4.54 -8.26 5.46
-21.97 1.27 20.15 2.53 -9.90 6.53
-28.34 -5.50 9.49 2.53 -9.90 6.53
-28.34 -5.50 9.49 .37 -10.86 6.49
-25.69 -9.50 -3.38 .37 -10.86 6.49
-25.69 -9.50 -3.38 -1.84 -11.75 5.48
-16.68 -10.23 -8.17 -1.84 -11.75 5.48
-16.68 -10.23 -8.17 -3.19 -11.20 4.05
-10.13 -7.08 -13.57 -3.19 -11.20 4.05
-10.13 -7.08 -13.57 -4.63 -9.99 2.06
-.11 -4.43 -17.53 -4.63 -9.99 2.06
-.11 -4.43 -17.53 -4.83 -8.39 .96
8.53 -4.90 -13.57 -4.83 -8.39 .96
8.53 -4.90 -13.57 -4.09 -5.71 .39
9.32 -3.25 -10.31 -4.09 -5.71 .39
9.32 -3.25 -10.31 -2.22 -2.55 -.07
4.08 -1.15 -7.19 -2.22 -2.55 -.07
4.08 -1.15 -7.19 -.54 -.12 -.10
4.09 -1.31 -5.58 -.54 -.12 -.10
4.09 -1.31 -5.58 -.11 .98 -.34
6.21 -2.28 -3.93 -.11 .98 -.34
6.21 -2.28 -3.93 .25 2.08 -.54
6.20 -3.04 -.44 .25 2.08 -.54
6.20 -3.04 -.44 1.44 2.78 -.51
6.06 -2.24 1.95 1.44 2.78 -.51
6.06 -2.24 1.95 2.53 2.93 -.53
6.67 -.99 3.14 2.53 2.93 -.53
6.67 -.99 3.14 2.57 2.83 -.75
7.51 -.31 3.30 2.57 2.83 -.75
7.51 -.31 3.30 1.91 2.71 -.99
7.32 -.33 4.81 1.91 2.71 -.99
7.32 -.33 4.81 1.16 2.73 -1.18
6.76 -.38 5.99 1.16 2.73 -1.18
6.76 -.38 5.99 .90 2.64 -1.19
6.79 .61 6.29 .90 2.64 -1.19
6.79 .61 6.29 1.05 2.55 -1.15
6.84 1.33 6.45 1.05 2.55 -1.15
6.84 1.33 6.45 .73 2.51 -1.17
6.75 .93 7.04 .73 2.51 -1.17
