6.75 .93 7.04 .28 2.47 -1.25
-3.06 6.21 19.07 -.88 .67 .28
-3.06 6.21 19.07 -.29 .67 .96
-3.72 10.40 25.59 -.29 .67 .96
-3.72 10.40 25.59 .97 .47 1.96
-6.59 17.08 33.20 .97 .47 1.96
-6.59 17.08 33.20 2.82 -.26 3.64
-13.32 19.53 24.00 2.82 -.26 3.64
-13.32 19.53 24.00 4.63 -1.80 6.08
-13.15 15.21 24.83 4.63 -1.80 6.08
-13.15 15.21 24.83 7.35 -4.59 7.01
-9.82 17.91 31.15 8.97 -6.31 9.30
-9.82 17.91 31.15 7.35 -4.59 7.01
-26.07 9.98 20.66 8.97 -6.31 9.30
-26.07 9.98 20.66 2.08 -5.33 11.19
-34.44 -5.27 4.48 2.08 -5.33 11.19
-34.44 -5.27 4.48 -3.69 -5.93 10.96
-22.45 -12.04 -3.10 -3.69 -5.93 10.96
-22.45 -12.04 -3.10 -7.10 -6.44 8.57
-17.08 -12.37 -4.72 -7.10 -6.44 8.57
-17.08 -12.37 -4.72 -7.70 -6.38 5.98
-8.97 -13.93 -10.47 -7.70 -6.38 5.98
-8.97 -13.93 -10.47 -6.58 -5.90 4.14
2.65 -13.96 -11.06 -6.58 -5.90 4.14
2.65 -13.96 -11.06 -5.91 -4.58 1.81
7.77 -9.59 -6.77 -5.91 -4.58 1.81
7.77 -9.59 -6.77 -3.87 -2.33 -.09
2.15 -8.44 -4.90 -3.87 -2.33 -.09
2.15 -8.44 -4.90 -.77 .25 -.64
1.75 -7.94 -4.72 -.77 .25 -.64
1.75 -7.94 -4.72 3.34 1.38 -1.07
3.85 -3.18 -1.49 3.34 1.38 -1.07
3.85 -3.18 -1.49 5.34 1.82 -1.60
3.82 -1.39 3.02 5.34 1.82 -1.60
3.82 -1.39 3.02 5.04 1.85 -1.94
5.01 .26 4.44 5.04 1.85 -1.94
5.01 .26 4.44 3.43 1.39 -1.85
7.52 .66 5.93 3.43 1.39 -1.85
7.52 .66 5.93 1.67 1.08 -1.69
8.17 .83 6.03 1.67 1.08 -1.69
8.17 .83 6.03 .48 .97 -1.61
8.63 1.07 6.97 .48 .97 -1.61
8.63 1.07 6.97 .07 .90 -1.50
8.78 1.06 6.56 .07 .90 -1.50
8.78 1.06 6.56 .06 .95 -1.27
9.06 -.02 6.13 .06 .95 -1.27
9.06 -.02 6.13 .34 .92 -1.20
8.53 .62 7.13 .34 .92 -1.20
