8.53 .62 7.13 .84 .99 -1.07
7.98 .77 7.71 .84 .99 -1.07
7.98 .77 7.71 .63 .97 -1.19
-6.56 15.19 21.60 -.67 .36 .83
-6.56 15.19 21.60 .36 .32 2.16
-7.71 19.06 24.05 .36 .32 2.16
-7.71 19.06 24.05 1.82 -.68 4.00
-11.29 16.71 22.91 1.82 -.68 4.00
-11.29 16.71 22.91 2.73 -.95 5.77
-15.95 17.80 19.72 2.73 -.95 5.77
-15.95 17.80 19.72 3.83 -2.36 7.81
-17.41 12.59 19.74 3.83 -2.36 7.81
-17.41 12.59 19.74 3.31 -4.00 8.02
-20.19 7.12 18.94 3.31 -4.00 8.02
-20.19 7.12 18.94 2.13 -5.34 8.71
-23.96 4.96 13.68 2.13 -5.34 8.71
-23.96 4.96 13.68 -.59 -6.72 9.31
-26.42 -1.77 5.38 -.59 -6.72 9.31
-26.42 -1.77 5.38 -6.17 -7.55 8.72
-26.66 -11.54 -.69 -6.17 -7.55 8.72
-26.66 -11.54 -.69 -8.72 -8.23 7.20
-20.12 -12.02 -7.19 -8.72 -8.23 7.20
-20.12 -12.02 -7.19 -9.17 -8.82 4.66
-8.18 -9.80 -17.06 -9.17 -8.82 4.66
-8.18 -9.80 -17.06 -7.83 -8.50 1.42
8.88 -14.26 -16.03 -7.83 -8.50 1.42
8.88 -14.26 -16.03 -5.58 -6.74 .47
20.71 -9.38 -14.84 -5.58 -6.74 .47
20.71 -9.38 -14.84 -1.31 -2.55 -.30
5.07 -6.99 -9.14 -1.31 -2.55 -.30
5.07 -6.99 -9.14 2.90 1.77 -.46
.35 -5.92 -5.82 2.90 1.77 -.46
.35 -5.92 -5.82 3.84 2.63 -1.40
2.88 -3.88 -3.10 3.84 2.63 -1.40
2.88 -3.88 -3.10 3.60 2.97 -1.67
3.48 -2.77 2.13 3.60 2.97 -1.67
3.48 -2.77 2.13 3.34 2.96 -1.85
5.59 -.75 4.28 3.34 2.96 -1.85
5.59 -.75 4.28 3.05 2.38 -1.79
8.39 .68 6.42 3.05 2.38 -1.79
8.39 .68 6.42 2.69 2.04 -1.77
7.72 1.15 7.08 2.69 2.04 -1.77
7.72 1.15 7.08 2.01 1.92 -1.59
7.39 1.00 8.44 2.01 1.92 -1.59
7.39 1.00 8.44 1.53 1.55 -1.54
7.73 2.20 9.32 1.53 1.55 -1.54
7.73 2.20 9.32 1.40 1.24 -1.47
7.90 2.79 7.78 1.40 1.24 -1.47
7.90 2.79 7.78 .97 .94 -1.37
7.68 2.56 7.88 .97 .94 -1.37
7.68 2.56 7.88 .66 .72 -1.36
7.56 2.90 8.20 .66 .72 -1.36
