7.56 2.90 8.20 .31 .53 -1.25
-8.63 11.57 22.02 -1.80 2.65 1.78
-8.63 11.57 22.02 -.08 2.29 3.45
-9.94 12.87 25.28 -.08 2.29 3.45
-9.94 12.87 25.28 .82 1.56 4.47
-13.31 13.60 26.42 .82 1.56 4.47
-13.31 13.60 26.42 2.12 .16 6.17
-17.30 11.88 26.33 3.79 -2.28 7.53
-17.30 11.88 26.33 2.12 .16 6.17
-20.24 5.97 24.69 3.79 -2.28 7.53
-20.24 5.97 24.69 3.96 -4.60 7.72
-26.86 2.94 22.96 3.96 -4.60 7.72
-26.86 2.94 22.96 1.08 -6.69 7.95
-33.19 -7.82 10.62 1.08 -6.69 7.95
-33.19 -7.82 10.62 -3.76 -8.85 7.00
-29.32 -15.02 .89 -3.76 -8.85 7.00
-29.32 -15.02 .89 -4.77 -9.86 4.90
-15.61 -9.03 -4.24 -4.77 -9.86 4.90
-15.61 -9.03 -4.24 -6.25 -10.01 2.57
-2.45 -8.26 -8.27 -6.25 -10.01 2.57
-2.45 -8.26 -8.27 -6.88 -8.38 -.02
9.66 -7.57 -8.58 -6.88 -8.38 -.02
9.66 -7.57 -8.58 -4.31 -5.87 -1.11
8.84 -5.65 -7.46 -4.31 -5.87 -1.11
8.84 -5.65 -7.46 -.36 -3.43 .02
2.77 -1.93 -5.25 -.36 -3.43 .02
2.77 -1.93 -5.25 .27 -1.83 -.65
5.21 -2.06 -3.35 .27 -1.83 -.65
5.21 -2.06 -3.35 .16 -1.10 -.68
6.61 -2.55 -2.29 .16 -1.10 -.68
6.61 -2.55 -2.29 .56 -.23 -.54
5.09 -1.91 -.95 .56 -.23 -.54
5.09 -1.91 -.95 .99 .35 -.59
5.00 -.99 .16 .99 .35 -.59
5.00 -.99 .16 .83 .60 -.72
6.19 -.70 1.49 .83 .60 -.72
6.19 -.70 1.49 .71 .74 -.73
7.10 -.28 3.21 .71 .74 -.73
7.10 -.28 3.21 .66 .80 -.68
7.48 .07 4.18 .66 .80 -.68
7.48 .07 4.18 .40 .74 -.66
7.87 .50 4.93 .40 .74 -.66
7.87 .50 4.93 -.08 .67 -.67
8.63 1.11 4.97 -.08 .67 -.67
8.63 1.11 4.97 -.37 .58 -.62
9.45 .71 5.09 -.37 .58 -.62
9.45 .71 5.09 -.26 .56 -.58
9.38 .61 5.24 -.01 .66 -.54
9.38 .61 5.24 -.26 .56 -.58
8.62 -.01 6.20 -.01 .66 -.54
