8.62 -.01 6.20 .10 .80 -.56
-5.72 9.52 20.13 -1.59 .84 -.22
-5.72 9.52 20.13 -1.43 .54 .61
-4.56 19.88 26.09 -1.43 .54 .61
-4.56 19.88 26.09 -.69 -.41 2.05
-5.87 15.43 33.29 -.69 -.41 2.05
-5.87 15.43 33.29 .14 -1.15 3.15
-12.93 18.86 25.59 .14 -1.15 3.15
-12.93 18.86 25.59 2.86 -2.89 6.46
-17.60 12.87 21.69 2.86 -2.89 6.46
-17.60 12.87 21.69 3.84 -5.46 7.15
-19.91 -3.46 24.56 3.84 -5.46 7.15
-19.91 -3.46 24.56 .77 -7.83 7.02
-29.98 -9.49 16.59 .77 -7.83 7.02
-29.98 -9.49 16.59 -3.44 -9.04 6.79
-30.17 -14.88 -.24 -4.27 -9.98 5.31
-30.17 -14.88 -.24 -3.44 -9.04 6.79
-14.92 -14.76 -6.68 -4.75 -9.90 2.91
-14.92 -14.76 -6.68 -4.27 -9.98 5.31
-2.62 -7.76 -13.25 -4.75 -9.90 2.91
-2.62 -7.76 -13.25 -5.71 -8.74 1.01
10.81 -5.45 -11.65 -5.71 -8.74 1.01
10.81 -5.45 -11.65 -5.05 -6.10 -.49
11.43 -7.49 -8.58 -5.05 -6.10 -.49
11.43 -7.49 -8.58 -2.27 -2.82 .12
3.03 -3.56 -4.48 -2.27 -2.82 .12
3.03 -3.56 -4.48 .43 .14 -1.18
1.48 -3.16 -2.65 .43 .14 -1.18
1.48 -3.16 -2.65 1.91 1.01 -.89
3.40 -2.24 -1.24 1.91 1.01 -.89
3.40 -2.24 -1.24 2.27 1.66 -1.10
4.00 -1.10 1.53 2.27 1.66 -1.10
4.00 -1.10 1.53 2.25 2.07 -1.17
4.14 -.36 4.48 2.25 2.07 -1.17
4.14 -.36 4.48 2.13 1.99 -1.21
5.22 .35 6.48 2.13 1.99 -1.21
5.22 .35 6.48 1.95 1.65 -1.09
6.56 1.21 8.10 1.95 1.65 -1.09
6.56 1.21 8.10 1.39 1.30 -1.08
7.01 1.73 8.03 1.39 1.30 -1.08
7.01 1.73 8.03 .56 1.04 -1.04
7.19 .96 7.38 .56 1.04 -1.04
7.19 .96 7.38 -.02 .85 -1.06
7.59 1.33 6.57 -.02 .85 -1.06
7.59 1.33 6.57 -.14 .80 -1.00
6.87 .15 7.67 -.14 .80 -1.00
6.87 .15 7.67 .15 .86 -1.08
6.20 .19 7.92 .15 .86 -1.08
6.20 .19 7.92 .45 .94 -1.16
6.11 .86 8.00 .45 .94 -1.16
