6.11 .86 8.00 .69 1.02 -1.23
-6.18 11.65 22.37 1.83 -.38 3.13
-6.18 11.65 22.37 .71 .20 1.94
-7.59 16.75 28.42 1.83 -.38 3.13
-7.59 16.75 28.42 2.06 -1.57 4.06
-12.51 23.17 28.44 2.06 -1.57 4.06
-12.51 23.17 28.44 1.44 -3.27 6.18
-19.22 15.22 26.49 1.44 -3.27 6.18
-19.22 15.22 26.49 -.20 -5.72 7.13
-24.98 4.31 24.32 -.20 -5.72 7.13
-24.98 4.31 24.32 -1.60 -8.76 7.38
-31.09 -7.34 11.42 -1.60 -8.76 7.38
-31.09 -7.34 11.42 -3.87 -10.76 6.51
-35.29 -14.66 2.53 -3.87 -10.76 6.51
-35.29 -14.66 2.53 -5.47 -12.02 5.53
-21.67 -12.58 -7.07 -5.47 -12.02 5.53
-21.67 -12.58 -7.07 -7.58 -11.50 2.84
-9.25 -9.69 -19.75 -7.58 -11.50 2.84
-9.25 -9.69 -19.75 -7.26 -9.37 -1.04
6.93 -4.89 -19.03 -7.26 -9.37 -1.04
6.93 -4.89 -19.03 -4.25 -6.55 -1.42
17.14 -5.94 -14.28 -4.25 -6.55 -1.42
17.14 -5.94 -14.28 .69 -2.96 -.42
1.07 -2.31 -6.43 .69 -2.96 -.42
1.07 -2.31 -6.43 4.04 1.16 -.79
-2.06 -2.54 -3.67 4.04 1.16 -.79
-2.06 -2.54 -3.67 4.30 1.44 -.81
4.46 -2.14 -2.73 4.30 1.44 -.81
4.46 -2.14 -2.73 3.49 1.97 -1.10
5.64 -1.44 -1.20 3.49 1.97 -1.10
5.64 -1.44 -1.20 3.15 2.50 -1.23
4.97 -.95 1.25 3.15 2.50 -1.23
4.97 -.95 1.25 2.87 2.45 -1.26
5.82 .64 4.68 2.87 2.45 -1.26
5.82 .64 4.68 2.43 2.09 -1.17
6.46 .96 6.18 2.43 2.09 -1.17
6.46 .96 6.18 1.47 1.71 -1.13
7.65 .76 7.12 1.47 1.71 -1.13
7.65 .76 7.12 .50 1.39 -1.14
8.10 1.18 6.04 .50 1.39 -1.14
8.10 1.18 6.04 -.08 1.25 -1.05
8.15 .75 5.75 -.08 1.25 -1.05
8.15 .75 5.75 -.59 1.22 -1.15
7.88 .64 7.19 -.59 1.22 -1.15
7.88 .64 7.19 -.48 1.26 -1.23
7.59 .50 7.87 -.48 1.26 -1.23
7.59 .50 7.87 .30 1.37 -1.22
7.15 .95 7.88 .30 1.37 -1.22
7.15 .95 7.88 1.01 1.38 -1.25
6.51 1.03 7.64 1.01 1.38 -1.25
