6.51 1.03 7.64 1.45 1.40 -1.25
-8.25 9.54 20.97 .43 .80 1.75
-8.25 9.54 20.97 1.42 .56 2.73
-9.41 12.88 23.00 1.42 .56 2.73
-9.41 12.88 23.00 2.68 -.64 3.81
-11.70 14.62 23.78 2.68 -.64 3.81
-11.70 14.62 23.78 3.31 -1.80 4.97
-14.88 18.47 23.90 3.31 -1.80 4.97
-14.88 18.47 23.90 2.92 -3.57 6.56
-18.16 12.85 21.55 2.92 -3.57 6.56
-18.16 12.85 21.55 .74 -5.52 7.16
-22.99 3.24 15.10 .74 -5.52 7.16
-22.99 3.24 15.10 -1.88 -7.52 7.35
-26.05 -5.97 8.21 -1.88 -7.52 7.35
-26.05 -5.97 8.21 -3.90 -9.32 6.52
-25.20 -11.94 2.98 -3.90 -9.32 6.52
-25.20 -11.94 2.98 -4.97 -9.55 5.64
-18.58 -11.94 -4.76 -4.97 -9.55 5.64
-18.58 -11.94 -4.76 -4.48 -9.11 3.11
-9.71 -7.64 -9.49 -4.48 -9.11 3.11
-9.71 -7.64 -9.49 -4.50 -8.59 1.31
-1.05 -5.55 -10.39 -4.50 -8.59 1.31
-1.05 -5.55 -10.39 -5.13 -7.56 .21
