4.96 -5.58 -9.70 -5.13 -7.56 .21
4.96 -5.58 -9.70 -4.34 -5.67 -.50
7.73 -4.34 -9.61 -4.34 -5.67 -.50
7.73 -4.34 -9.61 -2.32 -3.73 -.32
10.42 -1.54 -8.79 -2.32 -3.73 -.32
10.42 -1.54 -8.79 -.93 -1.73 -.50
9.15 -1.24 -5.54 -.93 -1.73 -.50
9.15 -1.24 -5.54 .20 .11 -.62
5.32 -2.22 -2.22 .20 .11 -.62
5.32 -2.22 -2.22 .90 1.27 -.11
6.89 -2.20 -1.58 .90 1.27 -.11
6.89 -2.20 -1.58 1.22 1.85 -.02
7.72 -2.02 -.30 1.22 1.85 -.02
7.72 -2.02 -.30 1.20 2.47 .05
7.12 -2.78 1.45 1.20 2.47 .05
7.12 -2.78 1.45 1.29 2.71 .07
7.56 -3.58 3.35 1.29 2.71 .07
7.56 -3.58 3.35 1.73 2.65 -.02
7.90 -3.33 5.68 1.73 2.65 -.02
7.90 -3.33 5.68 2.22 2.45 -.21
7.33 -2.41 7.89 2.22 2.45 -.21
7.33 -2.41 7.89 2.03 2.19 -.46
7.28 -1.60 8.30 2.03 2.19 -.46
7.28 -1.60 8.30 1.26 1.88 -.58
8.43 -1.29 6.78 1.26 1.88 -.58
8.43 -1.29 6.78 .65 1.72 -.62
8.77 -1.95 5.36 .65 1.72 -.62
8.77 -1.95 5.36 .44 1.64 -.73
-6.93 10.09 20.12 -.09 .75 .60
-6.93 10.09 20.12 .65 .71 1.29
-7.81 18.90 29.21 .65 .71 1.29
-7.81 18.90 29.21 1.96 -.30 2.70
-11.74 24.86 33.03 1.96 -.30 2.70
-11.74 24.86 33.03 3.20 -1.94 5.09
-17.71 24.95 22.60 3.20 -1.94 5.09
-17.71 24.95 22.60 3.68 -4.38 7.97
-23.60 14.62 26.61 3.68 -4.38 7.97
-23.60 14.62 26.61 1.94 -7.18 8.60
-35.34 1.04 19.68 1.94 -7.18 8.60
-35.34 1.04 19.68 -9.14 -10.71 7.65
-32.22 -18.43 -7.65 -9.14 -10.71 7.65
-32.22 -18.43 -7.65 -10.40 -13.18 3.59
-15.75 -16.00 -10.05 -10.40 -13.18 3.59
-15.75 -16.00 -10.05 -6.56 -11.31 1.82
-7.38 -7.65 -19.30 -6.56 -11.31 1.82
-7.38 -7.65 -19.30 -3.98 -9.38 -.45
6.48 -2.54 -16.46 -3.98 -9.38 -.45
6.48 -2.54 -16.46 -2.44 -6.52 -.84
12.57 -4.78 -14.75 -2.44 -6.52 -.84
12.57 -4.78 -14.75 -1.25 -3.05 .05
8.41 -3.37 -9.71 -1.25 -3.05 .05
8.41 -3.37 -9.71 1.44 .06 -.92
1.85 -2.58 -4.69 1.44 .06 -.92
1.85 -2.58 -4.69 2.90 1.64 -.41
4.14 -2.45 -1.72 2.90 1.64 -.41
4.14 -2.45 -1.72 2.85 2.12 -.78
5.97 -1.81 .72 2.85 2.12 -.78
5.97 -1.81 .72 2.51 2.57 -.86
5.60 -1.29 2.69 2.51 2.57 -.86
5.60 -1.29 2.69 2.20 2.54 -.95
6.16 -.84 4.77 2.20 2.54 -.95
6.16 -.84 4.77 1.74 2.21 -.94
7.15 .08 6.03 1.74 2.21 -.94
7.15 .08 6.03 1.13 1.79 -.93
