8.69 4.15 4.92 -.10 .90 -.81
8.48 3.35 4.25 -.10 .90 -.81
8.48 3.35 4.25 -1.34 .91 -.81
9.03 2.09 4.83 -1.34 .91 -.81
9.03 2.09 4.83 -1.90 .83 -.77
8.61 2.02 5.39 -1.66 .97 -.53
8.61 2.02 5.39 -1.90 .83 -.77
8.45 1.77 5.19 -1.66 .97 -.53
8.45 1.77 5.19 -1.64 1.06 -.51
8.67 1.24 5.49 -1.64 1.06 -.51
7.84 .72 6.64 -1.65 1.22 -.54
8.67 1.24 5.49 -1.65 1.22 -.54
7.84 .72 6.64 -1.50 1.51 -.57
7.13 .19 6.79 -1.50 1.51 -.57
7.13 .19 6.79 -1.41 1.67 -.68
-4.73 -2.10 19.32 .68 .82 -.30
-4.73 -2.10 19.32 2.01 .80 -.02
-7.07 3.53 22.43 2.01 .80 -.02
-7.07 3.53 22.43 2.90 .21 1.03
-7.12 9.35 21.43 2.90 .21 1.03
-7.12 9.35 21.43 3.35 -.86 1.51
-7.48 14.69 23.42 3.35 -.86 1.51
-7.48 14.69 23.42 3.56 -2.17 2.93
-8.18 14.16 23.71 3.56 -2.17 2.93
-8.18 14.16 23.71 3.07 -4.13 4.83
-11.76 9.96 21.20 3.07 -4.13 4.83
-11.76 9.96 21.20 2.99 -6.03 6.16
-15.06 3.05 17.26 2.99 -6.03 6.16
-15.06 3.05 17.26 1.15 -7.54 6.94
-22.43 -9.61 14.63 1.15 -7.54 6.94
-22.43 -9.61 14.63 -1.81 -9.02 6.34
-27.83 -19.07 3.70 -1.81 -9.02 6.34
-27.83 -19.07 3.70 -4.55 -10.77 4.72
-21.81 -24.16 -6.74 -4.55 -10.77 4.72
-21.81 -24.16 -6.74 -4.02 -11.75 2.37
-5.14 -11.50 -13.49 -4.02 -11.75 2.37
-5.14 -11.50 -13.49 -2.91 -10.68 .84
5.14 -4.88 -15.99 -2.91 -10.68 .84
5.14 -4.88 -15.99 -2.23 -7.80 -.64
9.09 .76 -20.74 -2.23 -7.80 -.64
9.09 .76 -20.74 -.74 -4.47 -1.13
7.69 2.18 -16.54 -.74 -4.47 -1.13
7.69 2.18 -16.54 -.04 -.64 -.97
5.57 1.40 -10.41 -.04 -.64 -.97
5.57 1.40 -10.41 .33 2.07 -1.02
4.45 1.94 -3.69 .33 2.07 -1.02
4.45 1.94 -3.69 1.32 3.76 -.86
3.00 1.93 1.68 1.32 3.76 -.86
3.00 1.93 1.68 1.62 4.39 -.84
4.01 .81 4.13 1.63 4.13 -.91
4.01 .81 4.13 1.62 4.39 -.84
5.53 -.19 5.68 1.63 4.13 -.91
5.53 -.19 5.68 1.81 3.61 -.85
5.79 1.50 7.84 1.81 3.61 -.85
5.79 1.50 7.84 1.75 2.96 -.72
6.15 3.15 11.17 1.75 2.96 -.72
6.15 3.15 11.17 .92 2.20 -.78
6.69 2.70 11.76 .92 2.20 -.78
6.69 2.70 11.76 .04 1.55 -.78
