7.81 .18 7.12 1.13 1.79 -.93
7.81 .18 7.12 .43 1.49 -1.02
8.17 .55 7.85 .43 1.49 -1.02
8.17 .55 7.85 .13 1.27 -.98
8.32 .80 7.87 .13 1.27 -.98
8.32 .80 7.87 .16 1.14 -.89
8.35 .73 6.55 .16 1.14 -.89
8.35 .73 6.55 .01 1.10 -.82
8.39 .54 6.32 .01 1.10 -.82
8.39 .54 6.32 -.12 1.11 -.83
7.74 .60 7.00 -.12 1.11 -.83
7.74 .60 7.00 -.25 1.12 -.86
7.00 -.12 7.38 -.25 1.12 -.86
7.00 -.12 7.38 -.34 1.15 -.99
-14.01 1.46 25.49 .28 -1.38 3.67
-14.01 1.46 25.49 1.33 -2.46 5.16
-19.15 .22 18.09 1.33 -2.46 5.16
-19.15 .22 18.09 4.02 -4.75 6.63
-20.41 1.29 15.01 4.02 -4.75 6.63
-20.41 1.29 15.01 7.09 -7.31 7.94
-22.95 -6.88 11.75 7.09 -7.31 7.94
-22.95 -6.88 11.75 7.08 -7.81 8.62
-32.74 7.03 13.07 7.08 -7.81 8.62
-32.74 7.03 13.07 1.90 -7.97 9.63
-25.96 1.28 -1.71 1.90 -7.97 9.63
-25.96 1.28 -1.71 -11.11 -9.98 6.20
-11.03 -19.49 -17.92 -11.11 -9.98 6.20
-11.03 -19.49 -17.92 -13.41 -8.44 2.17
5.63 -13.46 -15.91 -13.41 -8.44 2.17
5.63 -13.46 -15.91 -6.72 -8.46 .40
17.74 -6.56 -12.35 -6.72 -8.46 .40
17.74 -6.56 -12.35 -.22 -4.89 1.25
5.53 -7.33 -7.33 -.22 -4.89 1.25
5.53 -7.33 -7.33 3.08 .34 -.55
-2.78 -4.76 -1.71 3.08 .34 -.55
-2.78 -4.76 -1.71 4.66 1.14 -.88
.27 -3.56 -1.14 4.66 1.14 -.88
.27 -3.56 -1.14 4.18 .59 -1.89
5.14 -3.24 -.64 4.18 .59 -1.89
5.14 -3.24 -.64 3.76 .72 -2.30
4.22 -.19 2.87 3.76 .72 -2.30
4.22 -.19 2.87 3.25 .92 -2.06
3.95 3.06 4.92 3.25 .92 -2.06
3.95 3.06 4.92 1.75 .49 -1.93
8.29 4.03 5.27 1.75 .49 -1.93
8.29 4.03 5.27 .10 -.01 -1.78
