9.38 1.56 5.14 .10 -.01 -1.78
9.38 1.56 5.14 -.78 .28 -1.45
7.78 .78 5.99 -.78 .28 -1.45
7.78 .78 5.99 -.40 .47 -.98
7.70 1.31 7.06 -.40 .47 -.98
7.70 1.31 7.06 -.29 .36 -.90
8.62 1.85 6.60 -.29 .36 -.90
8.62 1.85 6.60 -.51 .34 -.93
8.82 1.98 6.43 -.51 .34 -.93
8.82 1.98 6.43 -.75 .52 -.99
8.05 .53 5.88 -.75 .52 -.99
8.05 .53 5.88 -.88 .77 -1.05
7.67 -1.24 5.83 -.88 .77 -1.05
7.67 -1.24 5.83 -.01 .90 -1.05
6.81 .31 7.73 -.01 .90 -1.05
6.81 .31 7.73 .88 1.08 -.90
5.12 .50 9.00 .88 1.08 -.90
5.12 .50 9.00 .75 1.22 -1.17
3.39 7.47 4.35 5.60 1.05 -1.81
3.39 7.47 4.35 5.43 .95 -1.92
2.07 10.01 5.93 5.43 .95 -1.92
2.07 10.01 5.93 3.26 .85 -2.52
1.36 9.43 6.54 3.26 .85 -2.52
1.36 9.43 6.54 .96 .59 -2.92
1.78 7.51 5.26 .96 .59 -2.92
1.78 7.51 5.26 -1.03 .56 -3.04
2.25 7.63 5.81 -1.03 .56 -3.04
2.25 7.63 5.81 -2.10 .73 -2.71
1.23 8.47 6.82 -2.10 .73 -2.71
1.23 8.47 6.82 -1.80 1.06 -2.13
.08 9.16 7.15 -1.80 1.06 -2.13
.08 9.16 7.15 -1.60 1.14 -1.99
.11 9.19 5.80 -1.60 1.14 -1.99
.11 9.19 5.80 -1.97 1.09 -1.87
.35 7.75 6.73 -1.97 1.09 -1.87
.35 7.75 6.73 -2.31 1.23 -1.87
-.62 7.32 8.47 -2.31 1.23 -1.87
-.62 7.32 8.47 -2.06 1.44 -1.62
-2.17 6.59 9.86 -2.06 1.44 -1.62
-2.17 6.59 9.86 -1.82 1.45 -1.59
-2.66 6.78 9.56 -1.82 1.45 -1.59
-2.66 6.78 9.56 -1.85 1.22 -1.45
-2.11 6.22 8.95 -1.85 1.22 -1.45
-2.11 6.22 8.95 -1.88 1.04 -1.35
-1.49 5.23 10.29 -1.88 1.04 -1.35
-1.80 4.83 10.69 -1.82 .96 -1.41
-1.49 5.23 10.29 -1.82 .96 -1.41
-1.80 4.83 10.69 -1.60 .97 -1.27
-2.29 5.32 10.63 -1.60 .97 -1.27
-2.29 5.32 10.63 -1.62 .80 -1.04
-2.09 5.23 10.27 -1.62 .80 -1.04
-2.09 5.23 10.27 -2.01 .63 -.95
-2.02 4.00 10.86 -2.01 .63 -.95
-2.38 3.54 10.69 -2.13 .57 -.93
-2.02 4.00 10.86 -2.13 .57 -.93
-2.38 3.54 10.69 -2.02 .49 -.78
-2.53 3.02 10.31 -2.07 .30 -.67
-2.53 3.02 10.31 -2.02 .49 -.78
-2.43 1.68 9.78 -2.07 .30 -.67
-2.43 1.68 9.78 -2.03 .26 -.63
-2.47 1.57 10.18 -2.03 .26 -.63
-2.47 1.57 10.18 -1.64 .26 -.46
-3.06 2.45 10.77 -1.64 .26 -.46
-3.06 2.45 10.77 -1.30 .27 -.32
-3.30 2.56 10.89 -1.30 .27 -.32
-3.30 2.56 10.89 -1.39 .22 -.36
-3.12 2.25 10.65 -1.72 .16 -.43
