-3.12 2.25 10.65 -1.39 .22 -.36
-4.88 4.94 29.42 -.86 .36 1.86
-4.88 4.94 29.42 1.95 .31 3.22
-8.92 13.58 33.80 1.95 .31 3.22
-8.92 13.58 33.80 4.84 -.74 5.07
-11.84 15.90 26.78 4.84 -.74 5.07
-11.84 15.90 26.78 5.56 -2.85 6.41
-20.04 12.88 17.75 5.56 -2.85 6.41
-20.04 12.88 17.75 6.71 -3.92 8.95
-25.81 5.48 16.89 6.71 -3.92 8.95
-25.81 5.48 16.89 6.75 -5.77 10.77
-35.90 1.35 15.37 6.75 -5.77 10.77
-35.90 1.35 15.37 3.17 -5.99 11.03
-38.92 -2.88 5.37 3.17 -5.99 11.03
-38.92 -2.88 5.37 -2.75 -7.31 9.19
-21.74 -7.23 -8.15 -2.75 -7.31 9.19
-21.74 -7.23 -8.15 -8.62 -8.20 5.85
-11.03 -13.81 -18.72 -11.76 -8.45 2.41
-11.03 -13.81 -18.72 -8.62 -8.20 5.85
6.04 -16.90 -13.65 -11.76 -8.45 2.41
6.04 -16.90 -13.65 -4.92 -7.10 .59
8.96 -4.71 -8.28 -4.92 -7.10 .59
8.96 -4.71 -8.28 -.36 -2.61 -.53
1.90 -5.14 -6.43 -.36 -2.61 -.53
1.90 -5.14 -6.43 1.90 -.76 -1.06
6.90 -4.01 -5.54 1.90 -.76 -1.06
6.79 -2.56 -4.37 2.46 -.07 -1.60
6.79 -2.56 -4.37 2.07 1.30 -2.08
6.90 -4.01 -5.54 2.46 -.07 -1.60
5.95 -1.85 -2.38 2.07 1.30 -2.08
5.95 -1.85 -2.38 1.53 1.92 -2.27
7.12 -1.35 .20 1.53 1.92 -2.27
7.12 -1.35 .20 1.93 2.32 -2.24
6.45 .99 3.76 1.93 2.32 -2.24
6.45 .99 3.76 2.80 2.53 -1.98
6.19 2.94 5.65 2.80 2.53 -1.98
7.63 3.02 6.41 2.63 2.22 -1.96
6.19 2.94 5.65 2.63 2.22 -1.96
7.63 3.02 6.41 1.88 1.81 -2.02
7.81 3.93 6.44 1.88 1.81 -2.02
7.81 3.93 6.44 .95 1.54 -1.90
8.22 3.79 6.76 .95 1.54 -1.90
8.22 3.79 6.76 .54 1.22 -1.68
7.41 4.11 7.65 .54 .99 -1.46
