8.08 3.34 7.01 .54 .99 -1.46
8.08 3.34 7.01 .54 1.22 -1.68
7.41 4.11 7.65 .31 .84 -1.27
6.62 3.65 7.97 .31 .84 -1.27
6.62 3.65 7.97 -.72 .71 -1.33
6.32 3.22 7.19 -1.47 .57 -1.41
6.32 3.22 7.19 -.72 .71 -1.33
-12.60 4.47 17.67 3.86 -3.57 5.45
-12.60 4.47 17.67 1.50 -2.42 4.16
-13.56 .75 18.00 3.86 -3.57 5.45
-13.56 .75 18.00 8.19 -5.94 6.72
-12.18 7.01 23.30 8.19 -5.94 6.72
-12.18 7.01 23.30 10.13 -7.31 8.19
-28.04 10.94 20.09 10.13 -7.31 8.19
-28.04 10.94 20.09 2.19 -6.40 9.50
-32.03 -8.62 3.02 2.19 -6.40 9.50
-32.03 -8.62 3.02 -6.94 -8.02 7.48
-14.69 -11.44 -4.93 -6.94 -8.02 7.48
-14.69 -11.44 -4.93 -9.78 -7.88 3.72
-3.40 -9.27 -13.01 -9.78 -7.88 3.72
-3.40 -9.27 -13.01 -9.19 -8.10 2.11
7.89 -8.12 -11.06 -9.19 -8.10 2.11
7.89 -8.12 -11.06 -5.53 -6.19 .07
7.26 -6.83 -8.85 -5.53 -6.19 .07
7.26 -6.83 -8.85 -.67 -3.32 -.09
4.50 -4.75 -7.14 -.67 -3.32 -.09
4.50 -4.75 -7.14 1.62 -1.16 -.86
5.05 -3.31 -4.51 1.62 -1.16 -.86
5.05 -3.31 -4.51 2.53 .41 -1.07
4.29 -2.55 -3.04 2.53 .41 -1.07
4.29 -2.55 -3.04 2.74 1.51 -1.36
5.63 -1.12 -1.67 2.74 1.51 -1.36
5.63 -1.12 -1.67 2.68 1.96 -1.60
6.09 -.06 1.08 2.68 1.96 -1.60
6.09 -.06 1.08 2.60 2.18 -1.61
6.28 .37 3.85 2.60 2.18 -1.61
6.28 .37 3.85 2.33 2.06 -1.57
7.02 .56 5.09 2.33 2.06 -1.57
7.02 .56 5.09 1.81 1.82 -1.49
7.73 2.14 5.75 1.81 1.82 -1.49
7.73 2.14 5.75 1.31 1.54 -1.36
8.37 3.58 6.01 1.31 1.54 -1.36
8.37 3.58 6.01 .81 1.30 -1.18
8.00 3.28 6.52 .81 1.30 -1.18
8.00 3.28 6.52 .18 1.22 -1.19
7.47 2.35 6.65 .18 1.22 -1.19
7.47 2.35 6.65 -.43 1.11 -1.13
7.54 .79 6.07 -.43 1.11 -1.13
7.54 .79 6.07 -.90 1.00 -1.13
7.07 .39 5.98 -.90 1.00 -1.13
7.07 .39 5.98 -.75 1.01 -1.10
6.06 1.83 7.82 -.75 1.01 -1.10
6.06 1.83 7.82 -.45 1.00 -1.08
5.84 2.30 8.48 -.45 1.00 -1.08
5.84 2.30 8.48 -.60 .93 -1.12
