5.92 1.39 7.83 -.60 .93 -1.12
5.92 1.39 7.83 -.76 .96 -1.28
-5.27 .54 20.81 -.50 .64 1.86
-5.27 .54 20.81 .85 .38 2.63
-6.04 .40 27.89 .85 .38 2.63
-6.04 .40 27.89 1.85 -.49 3.21
-6.98 -.42 34.26 1.85 -.49 3.21
-6.98 -.42 34.26 3.68 -1.69 3.86
-9.95 5.31 33.15 3.68 -1.69 3.86
-9.95 5.31 33.15 5.76 -3.60 5.13
-14.38 5.83 26.91 5.76 -3.60 5.13
-14.38 5.83 26.91 7.00 -5.54 6.24
-18.56 5.99 21.39 7.00 -5.54 6.24
-18.56 5.99 21.39 7.19 -7.48 7.74
-30.59 4.72 17.72 7.19 -7.48 7.74
-30.59 4.72 17.72 .93 -8.23 8.67
-41.31 -9.72 -.17 .93 -8.23 8.67
-41.31 -9.72 -.17 -7.24 -10.57 6.77
-18.82 -12.79 -8.59 -7.24 -10.57 6.77
-18.82 -12.79 -8.59 -9.35 -10.87 2.05
-9.71 -7.55 -18.48 -9.35 -10.87 2.05
-9.71 -7.55 -18.48 -8.06 -9.56 -.11
3.08 -2.57 -21.03 -8.06 -9.56 -.11
3.08 -2.57 -21.03 -4.39 -7.33 -1.19
12.87 -2.32 -18.83 -4.39 -7.33 -1.19
12.87 -2.32 -18.83 -.68 -4.09 -.70
7.40 -1.71 -11.90 -.68 -4.09 -.70
7.40 -1.71 -11.90 2.74 1.29 -.91
-.11 -.82 -5.00 2.74 1.29 -.91
-.11 -.82 -5.00 2.80 1.92 -1.04
5.13 -.08 -3.45 2.80 1.92 -1.04
5.13 -.08 -3.45 2.35 2.44 -1.41
6.14 -.29 -.17 2.35 2.44 -1.41
4.97 -.06 4.17 2.04 3.12 -1.56
6.14 -.29 -.17 2.04 3.12 -1.56
4.97 -.06 4.17 2.09 3.11 -1.38
5.52 .73 6.28 2.09 3.11 -1.38
5.52 .73 6.28 1.77 2.59 -1.27
7.02 1.10 6.56 1.77 2.59 -1.27
7.02 1.10 6.56 1.13 2.08 -1.23
8.58 2.52 6.96 1.13 2.08 -1.23
8.58 2.52 6.96 .74 1.70 -1.20
8.84 2.86 7.86 .74 1.70 -1.20
