8.84 2.86 7.86 .42 1.53 -1.13
7.23 1.96 8.12 .42 1.53 -1.13
7.23 1.96 8.12 .23 1.46 -1.12
6.77 1.39 7.31 .23 1.46 -1.12
6.77 1.39 7.31 .01 1.31 -1.16
6.95 2.22 7.18 .01 1.31 -1.16
6.95 2.22 7.18 -.42 1.27 -1.22
6.75 1.84 7.74 -.42 1.27 -1.22
6.75 1.84 7.74 -.73 1.29 -1.33
-5.53 2.55 26.35 -2.35 -.83 2.27
-5.53 2.55 26.35 -.92 -1.99 3.29
-13.26 -.60 18.60 -.92 -1.99 3.29
-13.26 -.60 18.60 4.34 -3.69 5.01
-9.96 2.28 7.74 4.34 -3.69 5.01
-9.96 2.28 7.74 10.86 -6.07 6.29
-5.77 9.19 24.83 10.86 -6.07 6.29
-5.77 9.19 24.83 10.86 -8.49 9.13
-38.36 1.70 27.57 10.86 -8.49 9.13
-38.36 1.70 27.57 -4.02 -4.61 8.32
-27.35 -16.76 2.23 -4.02 -4.61 8.32
-27.35 -16.76 2.23 -9.47 -8.28 6.21
-9.27 -9.32 -10.31 -9.47 -8.28 6.21
-9.27 -9.32 -10.31 -8.59 -7.94 2.40
.75 -12.33 -13.81 -8.59 -7.94 2.40
.75 -12.33 -13.81 -5.40 -6.69 .81
8.11 -9.32 -10.55 .03 -4.52 .37
8.11 -9.32 -10.55 -5.40 -6.69 .81
5.25 -5.26 -6.13 .03 -4.52 .37
5.25 -5.26 -6.13 2.26 -2.00 .06
3.48 -2.27 -2.78 2.26 -2.00 .06
3.48 -2.27 -2.78 1.85 -.69 -.74
3.70 -3.25 -.80 1.85 -.69 -.74
3.70 -3.25 -.80 1.39 .38 -1.04
4.89 -2.91 .25 1.39 .38 -1.04
4.89 -2.91 .25 1.21 1.08 -1.26
5.64 -2.01 1.05 1.21 1.08 -1.26
5.64 -2.01 1.05 1.09 1.40 -1.24
6.21 -.99 2.18 1.09 1.40 -1.24
6.21 -.99 2.18 .95 1.38 -1.21
6.63 -.47 3.91 .95 1.38 -1.21
6.63 -.47 3.91 .63 1.24 -1.20
7.37 .01 5.28 .63 1.24 -1.20
7.37 .01 5.28 .16 1.05 -1.19
7.99 .51 5.90 .16 1.05 -1.19
