7.99 .51 5.90 -.03 .96 -1.14
8.94 1.06 5.57 -.03 .96 -1.14
8.94 1.06 5.57 .09 .93 -1.00
9.36 .99 5.24 .09 .93 -1.00
9.36 .99 5.24 .15 .99 -.95
8.44 1.26 6.06 .15 .99 -.95
8.44 1.26 6.06 .17 1.04 -.92
7.75 1.20 6.67 .17 1.04 -.92
7.75 1.20 6.67 -.02 1.01 -1.00
7.71 .41 7.05 -.02 1.01 -1.00
7.71 .41 7.05 -.16 1.04 -1.12
7.07 .51 7.33 -.16 1.04 -1.12
7.07 .51 7.33 -.04 1.15 -1.12
6.65 .92 7.38 -.04 1.15 -1.12
6.65 .92 7.38 .32 1.18 -1.11
-3.96 9.61 25.09 .00 -.02 .82
-3.96 9.61 25.09 1.59 -.34 2.26
-4.47 16.80 30.37 1.59 -.34 2.26
-4.47 16.80 30.37 2.49 -1.38 3.35
-7.38 19.40 32.23 2.49 -1.38 3.35
-7.38 19.40 32.23 2.26 -2.88 5.12
-12.33 12.77 21.59 2.26 -2.88 5.12
-12.33 12.77 21.59 1.83 -4.38 7.10
-18.43 1.15 14.84 1.83 -4.38 7.10
-18.43 1.15 14.84 3.48 -5.65 7.93
-22.04 -3.61 17.92 3.48 -5.65 7.93
-22.04 -3.61 17.92 3.90 -7.13 7.45
-28.22 -7.12 14.07 3.90 -7.13 7.45
-28.22 -7.12 14.07 1.05 -7.62 7.45
-24.18 -10.60 6.00 1.05 -7.62 7.45
-24.18 -10.60 6.00 -1.44 -7.95 6.07
-15.85 -9.83 .19 -1.44 -7.95 6.07
-15.85 -9.83 .19 -3.87 -7.51 4.21
-7.53 -8.72 -7.32 -3.87 -7.51 4.21
-7.53 -8.72 -7.32 -5.81 -7.31 2.11
2.51 -8.87 -9.88 -5.81 -7.31 2.11
2.51 -8.87 -9.88 -5.37 -6.28 .37
7.64 -8.21 -8.97 -5.37 -6.28 .37
7.64 -8.21 -8.97 -2.95 -4.56 .12
6.80 -5.82 -7.00 -2.95 -4.56 .12
6.80 -5.82 -7.00 -.78 -2.23 -.46
4.62 -3.87 -5.43 -.78 -2.23 -.46
4.62 -3.87 -5.43 .75 -.47 -.93
4.86 -3.15 -4.37 .75 -.47 -.93
4.86 -3.15 -4.37 1.39 .71 -1.05
5.62 -2.70 -3.20 1.39 .71 -1.05
5.62 -2.70 -3.20 1.36 1.58 -1.20
6.17 -1.45 -1.01 1.36 1.58 -1.20
6.17 -1.45 -1.01 1.11 2.13 -1.20
6.53 -.68 1.97 1.11 2.13 -1.20
6.53 -.68 1.97 1.14 2.46 -1.10
6.70 -.52 3.66 1.14 2.46 -1.10
6.70 -.52 3.66 1.23 2.55 -1.03
7.55 -.22 4.42 1.23 2.55 -1.03
7.55 -.22 4.42 1.25 2.43 -1.06
8.10 .59 4.73 1.25 2.43 -1.06
8.10 .59 4.73 1.20 2.27 -1.09
7.65 1.47 6.47 1.20 2.27 -1.09
7.65 1.47 6.47 1.19 2.14 -1.07
7.66 1.31 7.35 1.19 2.14 -1.07
7.66 1.31 7.35 1.02 2.01 -1.08
7.91 1.07 8.56 1.02 2.01 -1.08
7.91 1.07 8.56 .82 1.96 -.96
7.12 1.16 8.33 .82 1.96 -.96
