7.12 1.16 8.33 .57 1.98 -.85
-6.04 8.87 24.39 .39 .36 2.37
-6.04 8.87 24.39 2.10 -.45 3.54
-7.21 15.52 27.36 2.10 -.45 3.54
-7.21 15.52 27.36 2.80 -1.91 4.66
-10.16 12.75 27.34 2.80 -1.91 4.66
-10.16 12.75 27.34 2.66 -3.77 5.66
-15.45 7.74 21.09 2.66 -3.77 5.66
-15.45 7.74 21.09 3.42 -5.82 7.28
-21.81 4.04 20.08 3.42 -5.82 7.28
-21.81 4.04 20.08 1.91 -7.78 7.63
-35.62 -5.74 9.37 1.91 -7.78 7.63
-35.62 -5.74 9.37 -4.38 -9.21 7.21
-31.98 -17.12 .79 -4.38 -9.21 7.21
-31.98 -17.12 .79 -6.90 -10.53 3.12
-11.63 -8.83 -10.98 -6.90 -10.53 3.12
-11.63 -8.83 -10.98 -6.48 -9.05 1.11
.25 -5.74 -19.24 -6.48 -9.05 1.11
.25 -5.74 -19.24 -5.55 -7.26 -1.08
13.97 -4.97 -16.01 -5.55 -7.26 -1.08
13.97 -4.97 -16.01 -2.65 -4.60 -.79
12.24 -4.96 -10.91 -2.65 -4.60 -.79
12.24 -4.96 -10.91 1.36 -.82 -.42
1.09 -1.66 -5.16 1.36 -.82 -.42
1.09 -1.66 -5.16 3.23 1.60 -.80
3.56 -1.83 -3.11 3.30 2.00 -.81
3.56 -1.83 -3.11 3.23 1.60 -.80
6.13 -1.64 -.06 3.30 2.00 -.81
6.13 -1.64 -.06 2.50 2.73 -1.11
5.60 -1.34 2.86 2.50 2.73 -1.11
5.60 -1.34 2.86 1.97 2.74 -1.18
7.50 -.55 5.01 1.97 2.74 -1.18
7.50 -.55 5.01 1.70 2.30 -1.06
8.34 .18 6.35 1.70 2.30 -1.06
8.34 .18 6.35 1.42 1.84 -.87
8.49 .61 6.41 1.42 1.84 -.87
8.49 .61 6.41 .63 1.37 -.87
7.68 -.78 7.91 .63 1.37 -.87
7.68 -.78 7.91 -.41 1.01 -.95
7.65 -.92 7.63 -.41 1.01 -.95
7.65 -.92 7.63 -.78 .67 -.94
9.23 -.46 7.31 -.78 .67 -.94
9.23 -.46 7.31 -.79 .49 -.90
9.13 -1.21 6.65 -.79 .49 -.90
9.13 -1.21 6.65 -.40 .61 -.83
8.08 -1.15 6.91 -.40 .61 -.83
8.08 -1.15 6.91 .27 .68 -.73
7.23 -.32 6.94 .27 .68 -.73
7.23 -.32 6.94 .69 .76 -.67
6.67 .33 6.46 .69 .76 -.67
