6.67 .33 6.46 .26 .84 -.81
-4.36 8.82 21.26 -.21 .66 .92
-4.36 8.82 21.26 1.36 .54 2.14
-4.90 12.67 22.12 2.76 -.26 3.31
-4.90 12.67 22.12 1.36 .54 2.14
-6.82 16.08 16.51 3.97 -.84 4.93
-6.82 16.08 16.51 2.76 -.26 3.31
-10.58 13.79 26.26 5.66 -3.26 5.69
-10.58 13.79 26.26 3.97 -.84 4.93
-11.43 20.37 35.15 6.11 -4.94 6.50
-11.43 20.37 35.15 5.66 -3.26 5.69
-21.14 7.33 24.69 1.63 -5.81 8.33
-21.14 7.33 24.69 6.11 -4.94 6.50
-25.02 -5.08 15.46 -1.67 -6.73 8.23
-25.02 -5.08 15.46 1.63 -5.81 8.33
-23.51 -8.02 4.27 -4.53 -7.77 7.11
-23.51 -8.02 4.27 -1.67 -6.73 8.23
-17.25 -8.59 1.56 -4.44 -7.74 5.00
-17.25 -8.59 1.56 -4.53 -7.77 7.11
-10.56 -8.41 -3.46 -3.80 -6.95 3.50
-10.56 -8.41 -3.46 -4.44 -7.74 5.00
-2.79 -7.52 -9.25 -3.94 -6.26 2.11
-2.79 -7.52 -9.25 -3.80 -6.95 3.50
3.99 -4.42 -7.99 -4.27 -4.98 1.13
3.99 -4.42 -7.99 -3.94 -6.26 2.11
6.12 -4.33 -7.11 -3.38 -3.33 .30
6.12 -4.33 -7.11 -4.27 -4.98 1.13
5.44 -4.77 -6.48 -1.62 -1.64 .02
5.44 -4.77 -6.48 -3.38 -3.33 .30
5.73 -4.25 -5.52 -.48 -.32 -.10
5.73 -4.25 -5.52 -1.62 -1.64 .02
5.86 -4.22 -4.48 .36 .70 -.37
5.86 -4.22 -4.48 -.48 -.32 -.10
6.24 -4.06 -2.22 1.82 1.43 -.54
6.24 -4.06 -2.22 .36 .70 -.37
6.63 -3.33 .42 2.99 1.95 -.67
6.63 -3.33 .42 1.82 1.43 -.54
6.93 -2.34 3.11 3.40 2.14 -.78
6.93 -2.34 3.11 2.99 1.95 -.67
7.54 -.79 4.90 2.83 2.00 -.91
7.54 -.79 4.90 3.40 2.14 -.78
8.11 -.26 5.36 1.77 1.78 -1.03
8.11 -.26 5.36 2.83 2.00 -.91
8.00 .02 6.47 1.01 1.61 -1.02
8.00 .02 6.47 1.77 1.78 -1.03
7.97 .45 7.24 .69 1.39 -.97
7.97 .45 7.24 1.01 1.61 -1.02
8.23 .65 7.29 .62 1.25 -.91
8.23 .65 7.29 .69 1.39 -.97
8.27 .40 6.92 .54 1.17 -.92
