8.27 .40 6.92 .62 1.25 -.91
-6.81 8.98 24.50 -.05 .74 3.05
-6.81 8.98 24.50 .97 .63 3.83
-11.36 14.43 31.27 .97 .63 3.83
-11.36 14.43 31.27 3.40 -.41 6.13
-13.93 14.32 33.50 4.10 -2.33 6.89
-13.93 14.32 33.50 3.40 -.41 6.13
-18.88 7.82 26.47 3.71 -4.16 7.92
-18.88 7.82 26.47 4.10 -2.33 6.89
-25.97 2.45 22.52 1.98 -6.42 8.29
-25.97 2.45 22.52 3.71 -4.16 7.92
-30.87 -6.25 15.82 -.73 -9.07 7.46
-30.87 -6.25 15.82 1.98 -6.42 8.29
-31.56 -13.39 4.77 -1.98 -10.01 6.52
-31.56 -13.39 4.77 -.73 -9.07 7.46
-21.27 -9.31 3.44 -3.32 -9.74 4.95
-21.27 -9.31 3.44 -1.98 -10.01 6.52
-13.08 -8.64 -6.14 -3.32 -9.74 4.95
-13.08 -8.64 -6.14 -6.44 -8.66 2.84
-1.93 -7.49 -14.43 -6.44 -8.66 2.84
-1.93 -7.49 -14.43 -7.52 -7.54 -.01
7.45 -7.96 -12.23 -7.52 -7.54 -.01
7.45 -7.96 -12.23 -5.47 -5.45 -.02
8.31 -7.14 -9.65 -5.47 -5.45 -.02
8.31 -7.14 -9.65 -2.04 -2.82 -.49
4.66 -3.90 -6.59 .87 -.73 -.84
4.66 -3.90 -6.59 -2.04 -2.82 -.49
4.69 -2.78 -3.56 .87 -.73 -.84
4.69 -2.78 -3.56 2.12 .54 -.81
4.69 -2.89 -1.29 2.17 1.45 -.93
4.69 -2.89 -1.29 2.12 .54 -.81
5.19 -2.37 -.21 2.04 1.82 -1.08
5.19 -2.37 -.21 2.17 1.45 -.93
6.33 -.83 1.25 2.03 1.92 -1.06
6.33 -.83 1.25 2.04 1.82 -1.08
6.20 -.69 4.81 2.22 1.84 -1.03
6.20 -.69 4.81 2.03 1.92 -1.06
6.74 -.11 6.07 2.09 1.51 -1.04
6.74 -.11 6.07 2.22 1.84 -1.03
9.00 .85 6.28 1.36 1.09 -1.05
9.00 .85 6.28 2.09 1.51 -1.04
9.26 .91 6.17 .66 .96 -1.15
9.26 .91 6.17 1.36 1.09 -1.05
8.83 1.18 5.48 .28 .83 -1.11
8.83 1.18 5.48 .66 .96 -1.15
8.89 .94 6.06 .38 .71 -1.02
8.89 .94 6.06 .28 .83 -1.11
8.64 1.03 6.48 .21 .66 -1.09
8.64 1.03 6.48 .38 .71 -1.02
7.60 .49 6.78 .17 .70 -1.12
