7.36 2.26 10.14 .04 1.55 -.78
7.36 2.26 10.14 -.29 1.07 -.69
7.96 2.24 7.08 -.29 1.07 -.69
7.96 2.24 7.08 -.59 .84 -.60
8.31 1.87 6.44 -.59 .84 -.60
8.31 1.87 6.44 -.83 .74 -.63
-4.89 7.70 22.63 .15 1.51 -.43
-4.89 7.70 22.63 1.04 1.00 .08
-5.40 8.26 24.10 1.04 1.00 .08
-5.40 8.26 24.10 .61 .41 .37
-9.60 11.92 27.38 .61 .41 .37
-9.60 11.92 27.38 .62 -.03 1.08
-12.14 21.12 24.70 1.16 -2.63 3.58
-12.14 21.12 24.70 .62 -.03 1.08
-10.50 13.72 22.99 1.16 -2.63 3.58
-10.50 13.72 22.99 2.23 -5.29 5.28
-7.95 2.13 22.23 2.23 -5.29 5.28
-7.95 2.13 22.23 6.41 -7.16 6.68
-16.11 4.29 31.27 6.41 -7.16 6.68
-16.11 4.29 31.27 8.28 -7.79 10.21
-38.15 -4.45 21.80 8.28 -7.79 10.21
-38.15 -4.45 21.80 .38 -7.51 10.17
-43.18 -22.44 -1.71 .38 -7.51 10.17
-43.18 -22.44 -1.71 -6.06 -10.82 6.77
-14.20 -20.79 -16.54 -6.06 -10.82 6.77
-14.20 -20.79 -16.54 -7.56 -12.67 1.37
.79 -9.57 -15.45 -7.56 -12.67 1.37
.79 -9.57 -15.45 -3.40 -9.80 .41
4.63 -6.20 -17.15 -3.40 -9.80 .41
4.63 -6.20 -17.15 -.27 -6.11 .24
7.99 -2.04 -16.39 1.07 -2.67 -1.24
7.99 -2.04 -16.39 -.27 -6.11 .24
6.82 -2.13 -10.79 1.07 -2.67 -1.24
6.82 -2.13 -10.79 1.43 .17 -1.18
4.67 -2.39 -6.97 1.43 .17 -1.18
4.67 -2.39 -6.97 1.69 1.95 -1.57
4.33 -.32 -2.90 1.69 1.95 -1.57
4.33 -.32 -2.90 2.21 2.74 -1.52
4.60 1.35 1.26 2.21 2.74 -1.52
4.60 1.35 1.26 2.25 2.96 -1.65
5.16 2.43 4.06 2.25 2.96 -1.65
5.16 2.43 4.06 1.98 2.61 -1.59
6.81 3.50 5.78 1.98 2.61 -1.59
6.81 3.50 5.78 1.55 2.03 -1.43
8.03 4.73 6.97 1.55 2.03 -1.43
