7.60 .49 6.78 .21 .66 -1.09
-6.94 3.38 21.34 -1.95 1.15 .53
-6.94 3.38 21.34 -.81 .70 1.45
-6.61 13.26 30.76 -.81 .70 1.45
-6.61 13.26 30.76 1.39 -.36 3.37
-8.21 16.96 38.12 1.39 -.36 3.37
-8.21 16.96 38.12 2.31 -1.64 4.27
-14.60 16.33 36.84 2.31 -1.64 4.27
-14.60 16.33 36.84 3.08 -3.99 6.66
-20.79 10.10 27.74 3.08 -3.99 6.66
-20.79 10.10 27.74 4.20 -8.36 7.48
-28.66 -.52 23.90 4.20 -8.36 7.48
-28.66 -.52 23.90 3.56 -10.30 8.20
-37.20 -8.62 9.66 3.56 -10.30 8.20
-37.20 -8.62 9.66 -.01 -10.07 8.48
-32.14 -14.74 1.64 -.01 -10.07 8.48
-32.14 -14.74 1.64 -2.48 -9.65 7.27
-23.91 -9.74 -5.63 -2.48 -9.65 7.27
-23.91 -9.74 -5.63 -6.12 -9.33 5.10
-12.56 -10.60 -14.67 -8.70 -8.88 .89
-12.56 -10.60 -14.67 -6.12 -9.33 5.10
1.43 -9.62 -15.70 -8.70 -8.88 .89
1.43 -9.62 -15.70 -8.10 -7.39 -.72
11.58 -8.04 -14.50 -8.10 -7.39 -.72
11.58 -8.04 -14.50 -4.34 -4.93 -.88
9.63 -4.47 -11.84 .30 -1.43 -.91
9.63 -4.47 -11.84 -4.34 -4.93 -.88
3.43 -3.01 -8.85 2.49 .58 -1.05
3.43 -3.01 -8.85 .30 -1.43 -.91
4.37 -2.16 -6.69 2.91 1.61 -1.01
4.37 -2.16 -6.69 2.49 .58 -1.05
4.28 -2.75 -4.15 2.69 2.48 -1.20
4.28 -2.75 -4.15 2.91 1.61 -1.01
4.52 -1.94 -1.36 2.36 2.80 -1.16
4.52 -1.94 -1.36 2.69 2.48 -1.20
6.02 -1.11 2.02 2.09 2.91 -.98
6.02 -1.11 2.02 2.36 2.80 -1.16
7.13 -.54 4.35 1.76 2.76 -.86
7.13 -.54 4.35 2.09 2.91 -.98
8.82 -.18 5.60 1.30 2.37 -.86
8.82 -.18 5.60 1.76 2.76 -.86
9.38 -.05 6.48 .87 1.99 -.88
9.38 -.05 6.48 1.30 2.37 -.86
8.93 -.05 6.84 .60 1.64 -.88
8.93 -.05 6.84 .87 1.99 -.88
8.88 -.11 7.29 .37 1.35 -.93
8.88 -.11 7.29 .60 1.64 -.88
9.29 -.34 7.82 .47 1.17 -.92
9.29 -.34 7.82 .37 1.35 -.93
