8.89 .19 7.61 .33 1.10 -.99
8.89 .19 7.61 .47 1.17 -.92
-10.82 14.36 21.44 .00 2.43 2.08
-10.82 14.36 21.44 1.81 2.18 3.78
-13.23 23.03 32.09 1.81 2.18 3.78
-13.23 23.03 32.09 2.40 .77 4.48
-13.34 26.52 33.65 2.40 .77 4.48
-13.34 26.52 33.65 1.43 -2.10 6.10
-18.19 22.21 25.90 .26 -4.86 8.25
-18.19 22.21 25.90 1.43 -2.10 6.10
-24.15 10.11 24.77 .26 -4.86 8.25
-24.15 10.11 24.77 .39 -8.26 8.77
-32.32 3.34 21.46 .39 -8.26 8.77
-32.32 3.34 21.46 -1.17 -10.65 8.75
-48.79 -12.51 4.73 -1.17 -10.65 8.75
-48.79 -12.51 4.73 -4.11 -11.31 8.88
-36.86 -15.65 -5.43 -8.41 -12.50 6.69
-36.86 -15.65 -5.43 -4.11 -11.31 8.88
-18.40 -15.54 -13.67 -8.41 -12.50 6.69
-18.40 -15.54 -13.67 -11.13 -11.00 1.94
-1.50 -10.53 -22.38 -9.09 -8.55 -1.88
-1.50 -10.53 -22.38 -11.13 -11.00 1.94
15.57 -8.95 -19.76 -3.87 -5.46 -.47
15.57 -8.95 -19.76 -9.09 -8.55 -1.88
11.89 -6.98 -15.38 2.15 -1.15 -.40
11.89 -6.98 -15.38 -3.87 -5.46 -.47
2.02 -3.54 -8.26 4.11 1.37 -1.01
2.02 -3.54 -8.26 2.15 -1.15 -.40
2.87 -4.52 -5.15 3.84 2.36 -.71
2.87 -4.52 -5.15 4.11 1.37 -1.01
3.55 -4.74 -3.91 3.84 2.36 -.71
3.55 -4.74 -3.91 3.33 3.22 -1.17
3.20 -3.92 -.17 3.17 3.46 -1.35
3.20 -3.92 -.17 3.33 3.22 -1.17
3.70 -2.02 3.89 2.94 3.22 -1.45
3.70 -2.02 3.89 3.17 3.46 -1.35
5.63 -.18 6.85 2.20 2.75 -1.40
5.63 -.18 6.85 2.94 3.22 -1.45
7.22 1.24 8.45 1.21 2.22 -1.31
7.22 1.24 8.45 2.20 2.75 -1.40
8.66 1.38 8.38 .32 1.80 -1.18
8.66 1.38 8.38 1.21 2.22 -1.31
8.74 .97 9.45 -.36 1.42 -1.08
8.74 .97 9.45 .32 1.80 -1.18
8.43 -.18 8.10 -.64 1.14 -.96
8.43 -.18 8.10 -.36 1.42 -1.08
8.72 .16 8.32 -.58 .86 -.90
8.72 .16 8.32 -.64 1.14 -.96
8.38 -.19 8.47 -.18 .75 -.81
8.38 -.19 8.47 -.58 .86 -.90
