7.76 -.58 8.70 -.18 .75 -.81
7.76 -.58 8.70 .05 .63 -.87
-6.57 14.73 25.51 -.68 .66 1.83
-6.57 14.73 25.51 .46 -.15 3.31
-9.30 20.02 28.81 2.07 -2.27 5.46
-9.30 20.02 28.81 .46 -.15 3.31
-12.25 13.43 20.35 3.25 -3.90 6.73
-12.25 13.43 20.35 2.07 -2.27 5.46
-13.31 8.44 20.73 5.15 -5.92 7.88
-13.31 8.44 20.73 3.25 -3.90 6.73
-15.49 5.54 21.84 2.37 -7.09 7.88
-15.49 5.54 21.84 5.15 -5.92 7.88
-28.11 -5.26 12.88 -3.19 -7.53 7.84
-28.11 -5.26 12.88 2.37 -7.09 7.88
-28.04 -15.02 2.94 -5.23 -8.68 6.75
-28.04 -15.02 2.94 -3.19 -7.53 7.84
-13.46 -11.99 .50 -6.15 -8.07 3.42
-13.46 -11.99 .50 -5.23 -8.68 6.75
.30 -10.13 -11.65 -5.18 -7.01 .72
.30 -10.13 -11.65 -6.15 -8.07 3.42
8.60 -8.37 -10.72 -2.80 -5.07 .18
8.60 -8.37 -10.72 -5.18 -7.01 .72
9.89 -6.54 -7.96 -.99 -2.52 .27
9.89 -6.54 -7.96 -2.80 -5.07 .18
4.42 -4.93 -3.60 .48 -.03 -1.03
4.42 -4.93 -3.60 -.99 -2.52 .27
2.93 -4.44 -2.44 1.85 1.06 -.85
2.93 -4.44 -2.44 .48 -.03 -1.03
5.39 -2.55 -2.65 1.89 1.83 -1.16
5.39 -2.55 -2.65 1.85 1.06 -.85
5.04 -2.30 -.06 1.89 1.83 -1.16
5.04 -2.30 -.06 1.60 2.24 -1.34
4.53 -1.86 3.38 1.60 2.24 -1.34
4.53 -1.86 3.38 1.76 2.13 -1.36
5.81 -.16 5.38 1.76 1.77 -1.21
5.81 -.16 5.38 1.76 2.13 -1.36
7.39 .43 6.01 1.21 1.45 -1.21
7.39 .43 6.01 1.76 1.77 -1.21
8.83 1.16 6.20 .76 1.23 -1.11
8.83 1.16 6.20 1.21 1.45 -1.21
8.22 1.55 6.49 .42 1.21 -1.03
8.22 1.55 6.49 .76 1.23 -1.11
7.78 .86 6.40 .14 1.04 -.99
7.78 .86 6.40 .42 1.21 -1.03
8.09 .49 6.38 .16 .96 -.93
8.09 .49 6.38 .14 1.04 -.99
8.03 1.17 7.29 .28 .90 -.87
8.03 1.17 7.29 .16 .96 -.93
7.68 1.26 7.61 .26 .88 -.86
