7.68 1.26 7.61 .28 .90 -.87
6.97 1.05 7.59 .17 .92 -.83
6.97 1.05 7.59 .26 .88 -.86
-7.31 8.06 22.12 -.36 2.50 1.13
-10.02 14.19 33.35 1.23 1.76 1.70
-7.31 8.06 22.12 1.23 1.76 1.70
-10.02 14.19 33.35 3.91 .04 3.26
-12.40 21.52 38.69 3.91 .04 3.26
-12.40 21.52 38.69 6.37 -2.72 4.62
-14.81 26.05 32.00 6.37 -2.72 4.62
-14.81 26.05 32.00 5.34 -6.00 7.02
-24.77 14.55 25.91 5.34 -6.00 7.02
-24.77 14.55 25.91 -1.26 -8.68 8.23
-34.70 -4.30 12.01 -1.26 -8.68 8.23
-34.70 -4.30 12.01 -7.04 -11.67 7.36
-33.09 -11.30 -5.49 -9.05 -13.01 5.36
-33.09 -11.30 -5.49 -7.04 -11.67 7.36
-21.22 -11.37 -6.47 -9.05 -13.01 5.36
-21.22 -11.37 -6.47 -7.17 -12.22 3.59
-12.00 -7.08 -11.62 -7.17 -12.22 3.59
-12.00 -7.08 -11.62 -5.53 -10.35 2.02
-2.17 -4.20 -15.85 -5.53 -10.35 2.02
-2.17 -4.20 -15.85 -4.80 -8.06 .63
6.70 -3.18 -15.72 -4.80 -8.06 .63
6.70 -3.18 -15.72 -4.64 -5.57 .49
10.69 -5.30 -12.46 -4.64 -5.57 .49
10.69 -5.30 -12.46 -2.51 -2.72 .02
3.84 -4.21 -6.94 1.00 .04 .40
3.84 -4.21 -6.94 2.38 1.43 .40
4.14 -4.37 -8.79 -2.51 -2.72 .02
4.14 -4.37 -8.79 1.00 .04 .40
4.01 -4.28 -6.03 2.38 1.43 .40
4.01 -4.28 -6.03 2.45 2.42 .16
3.65 -4.95 -3.13 2.45 2.42 .16
3.65 -4.95 -3.13 2.48 2.92 -.13
4.30 -4.69 .69 2.48 2.92 -.13
4.30 -4.69 .69 2.57 3.06 -.27
5.39 -4.18 3.82 2.57 3.06 -.27
5.39 -4.18 3.82 2.57 2.91 -.40
7.95 -3.70 5.45 2.57 2.91 -.40
7.95 -3.70 5.45 2.20 2.54 -.55
8.98 -2.65 5.22 2.20 2.54 -.55
8.98 -2.65 5.22 1.62 2.28 -.62
8.38 -3.21 6.22 1.62 2.28 -.62
8.61 -3.41 7.37 .72 1.59 -.80
