8.61 -3.41 7.37 1.14 1.92 -.66
8.38 -3.21 6.22 1.14 1.92 -.66
8.86 -2.80 7.76 .72 1.59 -.80
8.86 -2.80 7.76 .33 1.32 -.83
8.86 -2.54 7.68 .07 1.17 -.80
8.57 -2.88 6.27 .07 1.17 -.80
8.86 -2.54 7.68 .33 1.32 -.83
8.57 -2.88 6.27 .10 1.13 -.75
-6.39 11.53 22.40 -.20 .77 .73
-6.39 11.53 22.40 .21 .28 1.70
-7.13 14.55 24.33 .21 .28 1.70
-7.13 14.55 24.33 .29 -.91 2.95
-9.58 16.58 25.49 .29 -.91 2.95
-9.58 16.58 25.49 1.15 -2.08 4.44
-13.31 14.88 21.45 1.15 -2.08 4.44
-13.31 14.88 21.45 2.73 -4.25 6.36
-13.28 6.88 18.63 2.73 -4.25 6.36
-13.28 6.88 18.63 3.62 -6.43 6.87
-14.96 3.00 19.49 3.62 -6.43 6.87
-14.96 3.00 19.49 -1.84 -8.33 6.95
-29.75 -15.01 5.41 -1.84 -8.33 6.95
-29.75 -15.01 5.41 -4.78 -8.67 6.31
-18.67 -17.69 2.16 -4.78 -8.67 6.31
-18.67 -17.69 2.16 -4.60 -9.21 4.08
-7.31 -11.26 -4.07 -4.60 -9.21 4.08
-7.31 -11.26 -4.07 -4.29 -8.21 2.28
2.64 -8.57 -11.49 -4.29 -8.21 2.28
2.64 -8.57 -11.49 -3.74 -6.95 -.03
10.66 -8.88 -9.72 -3.74 -6.95 -.03
10.66 -8.88 -9.72 -2.42 -4.81 .08
9.53 -7.59 -6.56 -2.42 -4.81 .08
9.53 -7.59 -6.56 -.90 -2.41 -.19
5.52 -3.33 -2.02 -.90 -2.41 -.19
5.52 -3.33 -2.02 -.03 -.44 -1.24
4.58 -3.65 -.71 .97 .65 -.94
4.58 -3.65 -.71 -.03 -.44 -1.24
6.10 -3.06 -.98 .97 .65 -.94
6.10 -3.06 -.98 1.32 1.58 -1.16
5.18 -2.62 .56 1.32 1.58 -1.16
5.18 -2.62 .56 1.32 2.13 -1.27
4.65 -1.80 2.74 1.32 2.13 -1.27
4.65 -1.80 2.74 1.34 2.25 -1.37
5.45 -.25 4.63 1.34 2.25 -1.37
5.45 -.25 4.63 1.56 2.09 -1.25
6.34 .75 6.16 1.56 2.09 -1.25
6.34 .75 6.16 1.73 1.85 -1.16
7.11 .87 6.38 1.73 1.85 -1.16
7.11 .87 6.38 1.45 1.55 -1.17
6.91 1.01 6.66 1.45 1.55 -1.17
6.91 1.01 6.66 1.08 1.30 -1.09
7.12 2.12 6.27 1.08 1.30 -1.09
7.12 2.12 6.27 .30 1.05 -1.04
7.94 1.94 7.27 .30 1.05 -1.04
7.94 1.94 7.27 -.25 .88 -1.05
