8.12 1.81 6.92 -.25 .88 -1.05
8.12 1.81 6.92 -.19 .88 -.89
7.91 1.25 7.37 -.19 .88 -.89
7.91 1.25 7.37 -.05 .90 -.91
-5.48 16.15 23.29 1.07 -.19 2.40
-5.48 16.15 23.29 1.88 -1.11 3.50
-6.72 21.96 30.49 1.88 -1.11 3.50
-6.72 21.96 30.49 2.29 -2.67 4.97
-12.18 17.79 22.39 2.29 -2.67 4.97
-12.18 17.79 22.39 2.16 -4.39 7.14
-15.02 13.17 20.46 2.16 -4.39 7.14
-15.02 13.17 20.46 1.50 -6.55 8.09
-17.57 2.31 18.03 1.50 -6.55 8.09
-17.57 2.31 18.03 -1.80 -8.23 7.88
-29.47 -7.28 10.09 -1.80 -8.23 7.88
-29.47 -7.28 10.09 -5.48 -8.69 7.77
-31.44 -11.63 -5.18 -5.48 -8.69 7.77
-31.44 -11.63 -5.18 -7.81 -9.55 6.41
-12.07 -11.63 -12.69 -7.81 -9.55 6.41
-12.07 -11.63 -12.69 -7.36 -8.78 3.03
1.57 -11.95 -18.28 -7.36 -8.78 3.03
1.57 -11.95 -18.28 -5.63 -6.67 1.40
11.53 -12.94 -11.46 -5.63 -6.67 1.40
11.53 -12.94 -11.46 -2.38 -3.26 1.25
5.20 -10.24 -6.82 -2.38 -3.26 1.25
5.20 -10.24 -6.82 .99 -.50 .46
.28 -6.30 -3.13 .99 -.50 .46
.28 -6.30 -3.13 2.01 .85 -.49
2.46 -6.46 -1.26 2.01 .85 -.49
2.46 -6.46 -1.26 2.25 1.23 -.91
3.93 -5.54 .76 2.25 1.23 -.91
3.93 -5.54 .76 1.91 1.44 -1.71
3.58 -3.79 2.44 1.91 1.44 -1.71
3.58 -3.79 2.44 1.00 1.14 -1.89
6.89 -1.47 5.32 1.00 1.14 -1.89
6.89 -1.47 5.32 .20 1.03 -1.86
8.26 -1.62 6.24 .20 1.03 -1.86
8.26 -1.62 6.24 -.07 1.12 -1.63
8.25 -1.67 6.47 -.07 1.12 -1.63
8.25 -1.67 6.47 .12 1.19 -1.39
8.69 -1.18 5.76 .12 1.19 -1.39
8.69 -1.18 5.76 .13 1.10 -1.29
8.61 -1.44 6.88 .13 1.10 -1.29
8.61 -1.44 6.88 .08 .99 -1.26
8.26 -1.24 7.05 .08 .99 -1.26
8.26 -1.24 7.05 .09 .88 -1.19
8.41 -1.31 6.96 .09 .88 -1.19
8.41 -1.31 6.96 .17 .79 -1.14
7.66 -1.39 7.13 .17 .79 -1.14
7.66 -1.39 7.13 .34 .78 -1.06
