7.22 -1.22 6.67 .34 .78 -1.06
7.22 -1.22 6.67 .18 .79 -1.08
6.46 -1.85 6.96 .18 .79 -1.08
6.46 -1.85 6.96 .03 .88 -1.13
-8.95 9.27 27.98 -1.06 -1.13 3.22
-8.95 9.27 27.98 -.33 -2.12 4.32
-12.55 7.84 30.13 -.33 -2.12 4.32
-12.55 7.84 30.13 .79 -3.60 5.48
-18.37 12.12 25.88 1.74 -5.17 6.95
-18.37 12.12 25.88 .79 -3.60 5.48
-24.94 8.52 18.65 1.74 -5.17 6.95
-24.94 8.52 18.65 1.38 -7.17 7.34
-27.35 -7.65 5.23 1.38 -7.17 7.34
-27.35 -7.65 5.23 .76 -9.60 6.99
-33.12 -20.21 7.74 1.66 -11.49 7.27
-33.12 -20.21 7.74 .76 -9.60 6.99
-34.38 -.41 8.35 1.66 -11.49 7.27
-34.38 -.41 8.35 -4.16 -12.98 6.16
-24.72 -14.26 -17.24 -11.53 -11.54 2.19
-24.72 -14.26 -17.24 -4.16 -12.98 6.16
-3.97 -10.67 -30.07 -11.53 -11.54 2.19
-3.97 -10.67 -30.07 -12.13 -10.66 -2.39
26.69 -.10 -27.45 -12.13 -10.66 -2.39
26.69 -.10 -27.45 -7.89 -6.74 -2.52
19.19 -8.61 -19.79 -7.89 -6.74 -2.52
19.19 -8.61 -19.79 2.32 .64 -.17
-3.72 -4.69 -7.38 2.32 .64 -.17
-3.72 -4.69 -7.38 5.59 3.43 -1.54
-3.27 -.86 -2.64 5.59 3.43 -1.54
-3.27 -.86 -2.64 5.44 3.11 -.60
3.36 1.11 .51 5.44 3.11 -.60
3.36 1.11 .51 3.71 3.36 -1.22
5.61 -2.57 2.26 2.34 3.50 -1.84
5.61 -2.57 2.26 3.71 3.36 -1.22
5.64 -3.26 3.67 2.94 3.12 -1.48
5.64 -3.26 3.67 2.34 3.50 -1.84
6.40 1.96 7.23 3.73 2.41 -1.23
6.40 1.96 7.23 2.94 3.12 -1.48
7.42 4.35 9.47 2.58 1.72 -1.25
7.42 4.35 9.47 3.73 2.41 -1.23
7.81 2.51 9.28 .96 1.19 -1.19
7.81 2.51 9.28 2.58 1.72 -1.25
8.76 3.36 7.49 .14 .89 -.97
8.76 3.36 7.49 .96 1.19 -1.19
9.47 3.73 6.19 -.64 .82 -.85
9.47 3.73 6.19 .14 .89 -.97
8.65 1.45 7.48 -.53 .77 -.82
8.65 1.45 7.48 -.64 .82 -.85
8.03 1.41 8.12 .34 .74 -.72
8.03 1.41 8.12 -.53 .77 -.82
7.60 1.64 8.63 .68 .81 -.71
7.60 1.64 8.63 .34 .74 -.72
6.10 1.24 8.46 .61 .87 -.71
