6.10 1.24 8.46 .68 .81 -.71
-6.22 5.46 22.40 -.24 -.27 1.48
-6.22 5.46 22.40 .86 -.90 2.34
-7.61 10.01 27.32 2.19 -2.23 3.66
-7.61 10.01 27.32 .86 -.90 2.34
-9.99 15.32 26.27 2.19 -2.23 3.66
-9.99 15.32 26.27 2.75 -3.75 4.98
-13.65 14.22 22.14 2.86 -5.76 6.41
-13.65 14.22 22.14 2.75 -3.75 4.98
-13.06 6.91 16.66 2.86 -5.76 6.41
-13.06 6.91 16.66 3.10 -7.95 7.00
-15.12 .60 14.93 3.10 -7.95 7.00
-15.12 .60 14.93 2.21 -8.79 7.73
-27.89 -4.88 9.74 2.21 -8.79 7.73
-27.89 -4.88 9.74 -2.85 -8.39 8.29
-34.47 -17.05 1.04 -2.85 -8.39 8.29
-34.47 -17.05 1.04 -6.76 -9.32 6.58
-15.86 -15.50 -6.69 -8.14 -8.99 2.48
-15.86 -15.50 -6.69 -6.76 -9.32 6.58
-2.49 -10.14 -17.84 -8.14 -8.99 2.48
-2.49 -10.14 -17.84 -7.37 -7.83 -.41
14.03 -11.18 -15.02 -4.68 -5.10 -1.19
14.03 -11.18 -15.02 -7.37 -7.83 -.41
14.70 -10.02 -10.27 .68 -1.48 -.17
14.70 -10.02 -10.27 -4.68 -5.10 -1.19
1.49 -4.68 -3.70 2.93 1.20 -1.26
1.49 -4.68 -3.70 .68 -1.48 -.17
2.57 -3.00 -1.65 2.93 1.20 -1.26
2.57 -3.00 -1.65 3.27 1.59 -.81
5.75 -2.69 -.74 3.27 1.59 -.81
5.75 -2.69 -.74 2.65 2.28 -1.19
4.93 -3.95 .95 2.38 2.55 -1.21
4.93 -3.95 .95 2.65 2.28 -1.19
5.40 -3.03 3.08 2.53 2.29 -1.19
5.40 -3.03 3.08 2.38 2.55 -1.21
6.37 -.51 6.28 2.53 2.29 -1.19
6.37 -.51 6.28 2.33 1.94 -1.15
7.15 .57 8.28 2.33 1.94 -1.15
7.15 .57 8.28 1.18 1.55 -1.17
7.91 -.13 7.35 .08 1.29 -1.08
7.91 -.13 7.35 1.18 1.55 -1.17
7.93 -.21 6.72 -.36 1.12 -.96
7.93 -.21 6.72 .08 1.29 -1.08
8.00 -.44 5.96 -.38 .98 -.87
8.00 -.44 5.96 -.36 1.12 -.96
7.72 -1.09 7.33 -.25 .81 -.93
7.72 -1.09 7.33 -.38 .98 -.87
7.50 -.90 7.87 -.28 .70 -.96
7.50 -.90 7.87 -.25 .81 -.93
7.78 -1.02 7.86 -.38 .74 -1.00
