7.78 -1.02 7.86 -.28 .70 -.96
-6.54 13.96 27.94 .58 -.41 2.84
-6.54 13.96 27.94 1.60 -1.39 4.19
-10.56 20.70 30.12 1.50 -3.55 5.99
-10.56 20.70 30.12 1.60 -1.39 4.19
-15.75 18.54 15.93 1.50 -3.55 5.99
-15.75 18.54 15.93 .42 -5.05 7.80
-17.67 3.99 6.41 .42 -5.05 7.80
-17.67 3.99 6.41 1.42 -7.25 8.19
-16.49 -5.63 12.04 1.42 -7.25 8.19
-16.49 -5.63 12.04 2.09 -8.91 7.56
-25.51 -3.62 12.12 -3.45 -8.13 8.17
-25.51 -3.62 12.12 2.09 -8.91 7.56
-29.66 -14.22 .77 -8.49 -8.24 5.33
-29.66 -14.22 .77 -3.45 -8.13 8.17
-11.87 -19.45 -10.52 -8.75 -8.06 2.62
-11.87 -19.45 -10.52 -8.49 -8.24 5.33
3.56 -13.12 -19.49 -7.05 -6.93 .42
3.56 -13.12 -19.49 -8.75 -8.06 2.62
19.45 -12.33 -13.53 -2.42 -3.49 -.22
19.45 -12.33 -13.53 -7.05 -6.93 .42
6.71 -11.18 -5.25 3.03 .23 .31
6.71 -11.18 -5.25 -2.42 -3.49 -.22
.00 -6.76 .10 3.51 1.06 -.53
.00 -6.76 .10 3.03 .23 .31
3.16 -6.32 2.22 2.67 1.36 -.51
3.16 -6.32 2.22 3.51 1.06 -.53
4.72 -5.70 1.53 2.67 1.36 -.51
4.72 -5.70 1.53 1.97 1.78 -1.07
4.45 -5.83 2.33 1.98 1.78 -1.16
4.45 -5.83 2.33 1.97 1.78 -1.07
5.37 -5.00 5.00 1.87 1.49 -1.35
5.37 -5.00 5.00 1.98 1.78 -1.16
6.09 -2.97 7.00 1.77 1.18 -1.39
6.09 -2.97 7.00 1.87 1.49 -1.35
6.90 -1.86 7.97 1.17 .93 -1.45
6.90 -1.86 7.97 1.77 1.18 -1.39
7.75 -2.08 7.96 .62 .77 -1.41
7.75 -2.08 7.96 1.17 .93 -1.45
8.40 -1.60 6.90 .28 .71 -1.41
8.40 -1.60 6.90 .62 .77 -1.41
8.85 -1.50 6.10 .16 .67 -1.40
8.85 -1.50 6.10 .28 .71 -1.41
8.33 -1.69 6.74 .11 .64 -1.46
8.33 -1.69 6.74 .16 .67 -1.40
7.94 -1.34 7.48 .17 .59 -1.47
7.94 -1.34 7.48 .11 .64 -1.46
8.45 -.96 7.37 .17 .59 -1.47
8.45 -.96 7.37 .36 .59 -1.44
8.11 -.58 7.18 .36 .59 -1.44
