8.11 -.58 7.18 .57 .72 -1.33
-4.70 7.79 23.67 .06 -.62 1.64
-4.70 7.79 23.67 1.03 -1.27 2.44
-6.32 12.35 25.56 1.03 -1.27 2.44
-6.32 12.35 25.56 1.69 -2.81 3.60
-8.42 9.00 18.12 1.69 -2.81 3.60
-8.42 9.00 18.12 2.38 -4.40 4.81
-6.40 .06 11.94 2.38 -4.40 4.81
-8.31 4.47 15.01 5.39 -6.06 5.63
-6.40 .06 11.94 5.39 -6.06 5.63
-8.31 4.47 15.01 9.61 -6.36 7.41
-20.68 17.31 13.10 9.61 -6.36 7.41
-20.68 17.31 13.10 2.19 -5.62 10.44
-33.08 -2.47 1.11 2.19 -5.62 10.44
-33.08 -2.47 1.11 -8.64 -6.15 8.63
-15.16 -11.05 -17.03 -8.64 -6.15 8.63
-15.16 -11.05 -17.03 -14.67 -8.18 4.43
5.96 -18.09 -19.86 -14.67 -8.18 4.43
5.96 -18.09 -19.86 -13.12 -7.36 .91
27.00 -10.09 -12.24 -13.12 -7.36 .91
27.00 -10.09 -12.24 -4.63 -5.05 1.64
1.57 -6.50 -2.61 -4.63 -5.05 1.64
1.57 -6.50 -2.61 2.54 2.22 .81
-2.33 -1.75 1.41 2.54 2.22 .81
-2.33 -1.75 1.41 4.83 2.04 -.09
.60 -2.44 5.19 4.83 2.04 -.09
.60 -2.44 5.19 4.89 1.98 -.71
2.18 -4.75 4.09 4.89 1.98 -.71
2.18 -4.75 4.09 3.66 1.73 -1.66
3.18 -3.09 4.89 3.66 1.73 -1.66
3.18 -3.09 4.89 3.00 1.13 -1.63
4.87 1.91 7.33 3.00 1.13 -1.63
4.87 1.91 7.33 1.79 .49 -1.40
7.38 1.97 8.24 1.79 .49 -1.40
7.38 1.97 8.24 -.01 .23 -1.59
7.24 .55 8.28 -.01 .23 -1.59
7.24 .55 8.28 -1.22 .38 -1.45
7.18 -.14 7.67 -1.22 .38 -1.45
7.18 -.14 7.67 -1.50 .49 -1.35
7.76 -.35 6.85 -1.50 .49 -1.35
7.76 -.35 6.85 -.83 .59 -1.18
8.41 .02 6.54 -.83 .59 -1.18
8.41 .02 6.54 .22 .69 -1.01
8.05 .11 7.07 .22 .69 -1.01
7.11 -.53 7.29 .86 .88 -1.03
8.05 .11 7.07 .86 .88 -1.03
7.11 -.53 7.29 .89 .99 -1.12
6.36 -.58 7.77 .89 .99 -1.12
6.36 -.58 7.77 .82 1.00 -1.18
4.78 -.45 7.87 .82 1.00 -1.18
