-2.08 -1.17 9.69 .00 .00 .00
-2.08 -1.17 9.69 .04 .00 .00
-2.09 -1.00 9.70 .04 .00 .00
-2.09 -1.00 9.70 .05 .00 .00
-2.03 -.97 9.74 .05 .00 .00
-2.03 -.97 9.74 .01 .00 .00
-2.06 -1.02 9.78 .01 .00 .00
-2.06 -1.02 9.78 .00 .00 .00
-2.06 -1.03 9.77 .00 .00 .00
-2.06 -1.03 9.77 .01 .00 .00
-2.02 -.97 9.71 .01 .00 .00
-2.02 -.97 9.71 .02 .00 .00
-2.04 -.84 9.68 .02 .00 .00
-2.04 -.84 9.68 .00 .00 .00
-2.09 -.92 9.73 .00 .00 .00
-2.09 -.92 9.73 -.03 .00 .00
-2.04 -.99 9.72 -.03 .00 .00
-2.04 -.99 9.72 -.03 -.01 .00
-2.01 -.99 9.73 -.03 -.01 .00
-2.01 -.99 9.73 -.01 -.01 .00
-2.07 -1.02 9.71 -.01 -.01 .00
-2.07 -1.02 9.71 -.02 .00 .01
-2.07 -1.04 9.77 -.02 .00 .01
-2.07 -1.04 9.77 -.03 -.01 .01
-2.14 -1.11 9.78 -.03 -.01 .01
-2.14 -1.11 9.78 -.04 .00 .02
-2.15 -1.14 9.76 -.04 .00 .02
-2.15 -1.14 9.76 -.01 -.01 .03
-2.15 -1.08 9.67 -.01 -.01 .03
10.64 -5.31 -14.24 -4.22 -3.99 .20
10.64 -5.31 -14.24 -5.95 -4.50 .83
15.35 -9.42 -23.89 -5.95 -4.50 .83
15.35 -9.42 -23.89 -7.07 -4.16 .09
4.59 -9.80 -28.60 -7.07 -4.16 .09
4.59 -9.80 -28.60 -8.19 -.89 -.20
3.63 -8.84 -32.36 -8.19 -.89 -.20
3.63 -8.84 -32.36 -5.86 4.17 .66
2.91 -6.61 -24.52 -5.86 4.17 .66
2.91 -6.61 -24.52 -1.77 9.53 1.77
1.30 -13.79 -20.24 -1.77 9.53 1.77
1.30 -13.79 -20.24 -.68 12.64 1.24
-11.48 -20.80 -16.22 -.68 12.64 1.24
-11.48 -20.80 -16.22 -3.66 16.33 -.91
-41.41 -38.85 .87 -3.66 16.33 -.91
-41.41 -38.85 .87 -4.16 17.37 -1.14
-33.14 -24.92 27.33 -4.16 17.37 -1.14
-33.14 -24.92 27.33 4.74 7.88 -1.07
-11.49 7.29 28.90 4.74 7.88 -1.07
-11.49 7.29 28.90 5.72 3.03 -2.66
-10.72 8.72 26.72 2.68 2.34 -3.11
-10.72 8.72 26.72 5.72 3.03 -2.66
-11.92 5.93 22.28 2.68 2.34 -3.11
-11.92 5.93 22.28 -.69 .67 -3.18
-8.98 4.56 19.29 -.69 .67 -3.18
-8.98 4.56 19.29 -1.86 -1.08 -2.12
-3.70 1.13 15.74 -1.86 -1.08 -2.12
-3.70 1.13 15.74 -2.48 -1.68 -1.51
.02 -2.71 11.76 -2.48 -1.68 -1.51
.02 -2.71 11.76 -2.05 -1.51 -.56
2.51 -4.15 9.36 -2.05 -1.51 -.56
2.51 -4.15 9.36 -.95 -1.15 .41
3.85 -4.67 8.90 -.95 -1.15 .41
3.85 -4.67 8.90 .39 -.80 .74
3.20 -4.36 9.16 .39 -.80 .74
3.20 -4.36 9.16 .65 -.47 .74
2.35 -4.16 8.72 .65 -.47 .74
2.35 -4.16 8.72 .49 -.53 .65
2.86 -4.48 7.95 .49 -.53 .65
2.86 -4.48 7.95 .22 -.80 .68
4.17 -4.70 6.33 .22 -.80 .68
4.17 -4.70 6.33 .08 -1.11 .76
4.56 -5.42 5.57 .08 -1.11 .76
4.56 -5.42 5.57 .20 -1.16 .72
4.26 -4.69 5.53 .20 -1.16 .72
4.26 -4.69 5.53 .26 -1.26 .63
5.09 -3.75 5.30 .26 -1.26 .63
5.09 -3.75 5.30 .35 -1.64 .79
6.05 -4.20 5.01 .35 -1.64 .79
6.05 -4.20 5.01 .03 -1.63 .67
13.92 -7.62 5.93 -.47 -.93 .90
13.92 -7.62 5.93 -.63 -1.36 .43
10.47 -8.74 4.89 -.47 -.93 .90
10.47 -8.74 4.89 .10 -.45 .48
4.16 -6.80 4.69 .10 -.45 .48
4.16 -6.80 4.69 1.01 -.05 -.39
3.45 -4.93 4.61 1.31 -.60 .16
3.45 -4.93 4.61 1.01 -.05 -.39
5.98 -4.15 3.76 1.31 -.60 .16
5.98 -4.15 3.76 1.07 -1.02 .62
7.90 -4.95 3.96 1.07 -1.02 .62
7.90 -4.95 3.96 .94 -.93 .55
7.36 -4.86 5.28 .94 -.93 .55
7.36 -4.86 5.28 .95 -.65 .29
6.00 -4.27 6.43 .95 -.65 .29
6.00 -4.27 6.43 .49 -.60 .32
6.08 -4.74 6.75 .49 -.60 .32
6.08 -4.74 6.75 -.07 -.75 .39
6.70 -6.68 6.90 -.07 -.75 .39
6.70 -6.68 6.90 -.04 -.86 .31
6.63 -7.78 7.33 -.04 -.86 .31
6.63 -7.78 7.33 .57 -.99 .17
6.43 -7.22 7.32 .57 -.99 .17
6.43 -7.22 7.32 1.34 -1.23 .14
6.26 -6.36 7.17 1.34 -1.23 .14
6.26 -6.36 7.17 1.71 -1.50 .06
6.25 -5.47 6.71 1.71 -1.50 .06
6.25 -5.47 6.71 1.68 -1.76 -.03
5.91 -5.01 6.52 1.68 -1.76 -.03
5.91 -5.01 6.52 1.42 -1.97 -.02
5.41 -4.71 5.41 1.42 -1.97 -.02
5.41 -4.71 5.41 1.14 -2.22 -.03
5.97 -4.51 4.33 1.14 -2.22 -.03
5.97 -4.51 4.33 .98 -2.45 .06
6.50 -4.15 3.23 .98 -2.45 .06
6.50 -4.15 3.23 .83 -2.50 .12
6.90 -4.15 3.61 .83 -2.50 .12
6.90 -4.15 3.61 .72 -2.53 .06
7.06 -4.31 2.81 .72 -2.53 .06
7.06 -4.31 2.81 .74 -2.50 .04
7.02 -4.46 1.40 .74 -2.50 .04
7.02 -4.46 1.40 .82 -2.37 .00
7.46 -4.32 .60 .82 -2.37 .00
7.46 -4.32 .60 .91 -2.29 .05
7.91 -4.00 .94 .95 -2.20 .10
7.91 -4.00 .94 .91 -2.29 .05
8.27 -3.95 1.29 .95 -2.20 .10
8.27 -3.95 1.29 .86 -2.13 .03
8.24 -3.76 1.01 .86 -2.13 .03
8.24 -3.76 1.01 .61 -2.03 .04
12.17 1.50 -19.22 -3.31 .26 .60
12.17 1.50 -19.22 -.39 -1.34 .28
1.75 -2.72 -22.19 -3.31 .26 .60
1.75 -2.72 -22.19 -3.86 2.70 2.02
5.11 -5.94 -23.67 -3.86 2.70 2.02
5.11 -5.94 -23.67 -3.54 7.14 2.34
-2.82 -7.57 -15.12 -3.54 7.14 2.34
-2.82 -7.57 -15.12 -2.75 9.94 3.09
-6.71 -15.33 -19.14 -2.75 9.94 3.09
-6.71 -15.33 -19.14 -1.83 11.33 1.95
-10.72 -28.62 -6.14 -1.83 11.33 1.95
-10.72 -28.62 -6.14 -3.01 12.12 .62
-11.56 -22.20 8.31 -3.01 12.12 .62
-11.56 -22.20 8.31 -2.05 10.15 -1.30
-11.61 -13.16 25.55 -2.05 10.15 -1.30
-11.61 -13.16 25.55 1.68 6.71 -.53
-5.86 3.31 28.49 1.68 6.71 -.53
-5.86 3.31 28.49 .62 3.08 -1.35
2.54 -.01 26.74 .62 3.08 -1.35
2.54 -.01 26.74 -2.93 1.41 -1.87
2.73 -8.82 26.58 -2.93 1.41 -1.87
2.73 -8.82 26.58 -4.29 1.28 -1.43
-3.31 -11.95 17.69 -4.29 1.28 -1.43
-2.16 -3.73 9.06 .00 .00 .00
-2.18 -3.72 9.06 .00 .00 .00
-2.18 -3.72 9.06 .00 .00 .01
-2.16 -3.73 9.05 .00 .00 .01
-2.16 -3.73 9.05 .00 .00 .00
-2.15 -3.68 9.08 .00 .00 .00
-2.15 -3.68 9.08 .00 .00 .00
-2.17 -3.68 9.10 .00 .00 .00
-2.17 -3.68 9.10 .00 .00 .00
-2.18 -3.67 9.08 .00 .00 .00
-2.18 -3.67 9.08 .00 .00 .00
-2.20 -3.70 9.05 .00 .00 .00
-2.20 -3.70 9.05 -.01 .00 .00
-2.20 -3.75 9.03 -.01 .00 .00
-2.20 -3.75 9.03 .00 .00 .00
-2.14 -3.74 9.05 .00 .00 .00
-2.14 -3.74 9.05 .00 .00 .00
-2.10 -3.72 9.08 .00 .00 .00
-2.10 -3.72 9.08 .00 .00 .00
-2.14 -3.68 9.11 .00 .00 .00
-2.14 -3.68 9.11 .00 .00 .00
-2.16 -3.70 9.08 .00 .00 .00
-2.16 -3.70 9.08 .00 .00 .01
-2.18 -3.73 9.03 .00 .00 .01
-2.18 -3.73 9.03 .00 .00 .00
-2.20 -3.77 9.06 .00 .00 .00
-2.20 -3.77 9.06 .00 .00 .00
-2.18 -3.78 9.05 .00 .00 .00
-2.18 -3.78 9.05 .00 .00 .00
-2.16 -3.79 9.05 .00 .00 .00
-2.16 -3.79 9.05 .00 .00 .00
-2.14 -3.75 9.01 .00 .00 .00
-2.14 -3.75 9.01 .00 .00 .00
-2.15 -3.73 9.05 .00 .00 .00
-2.15 -3.73 9.05 .00 .00 .00
-2.18 -3.74 9.07 .00 .00 .00
-2.18 -3.74 9.07 .00 .00 .00
-2.16 -3.73 9.10 .00 .00 .00
-2.16 -3.73 9.10 .00 .00 .00
-2.19 -3.71 9.09 .00 .00 .00
-2.19 -3.71 9.09 .00 .00 .00
-2.21 -3.73 9.06 .00 .00 .00
-2.21 -3.73 9.06 .00 .00 .00
-2.21 -3.70 9.04 .00 .00 .00
-2.21 -3.70 9.04 .00 .00 .00
-2.22 -3.74 9.04 .00 .00 .00
-2.22 -3.74 9.04 .00 .00 .01
-2.20 -3.73 9.02 .00 .00 .01
-2.20 -3.73 9.02 .00 .00 .01
-2.18 -3.66 9.02 .00 .00 .01
.62 2.87 -10.31 .98 -1.39 .46
.62 2.87 -10.31 -.58 -1.18 .71
-.12 1.98 -24.09 -.58 -1.18 .71
-.12 1.98 -24.09 -2.24 -.07 .62
-1.41 -4.57 -20.39 -2.24 -.07 .62
-1.41 -4.57 -20.39 -6.11 3.96 .73
-6.80 4.37 -26.97 -6.11 3.96 .73
-6.80 4.37 -26.97 -5.64 8.66 1.58
-4.83 6.86 -22.99 -5.64 8.66 1.58
-4.83 6.86 -22.99 -.61 13.00 3.72
-28.09 11.55 8.62 -.61 13.00 3.72
-28.09 11.55 8.62 -6.57 15.31 .77
-43.90 -42.83 31.79 -5.56 10.92 1.38
-43.90 -42.83 31.79 -6.57 15.31 .77
-19.82 -15.69 46.00 -5.56 10.92 1.38
-19.82 -15.69 46.00 3.54 3.58 2.20
-7.53 -5.19 42.53 2.44 .83 1.32
-7.53 -5.19 42.53 3.54 3.58 2.20
-4.50 -.97 34.05 2.44 .83 1.32
-4.50 -.97 34.05 -1.17 -.85 1.11
-2.16 -5.29 23.82 -1.17 -.85 1.11
-2.16 -5.29 23.82 -3.18 -1.90 .50
.52 -4.32 14.52 -3.18 -1.90 .50
.52 -4.32 14.52 -2.59 -2.16 .18
1.02 -5.42 10.23 -2.59 -2.16 .18
1.02 -5.42 10.23 -1.14 -1.75 .06
-.26 -4.36 8.94 -1.14 -1.75 .06
-.26 -4.36 8.94 .28 -1.31 .07
-1.69 -2.97 9.58 .28 -1.31 .07
-1.69 -2.97 9.58 .76 -1.00 -.06
-2.30 -1.62 9.56 .76 -1.00 -.06
-2.30 -1.62 9.56 .52 -.84 -.20
-2.61 -1.92 8.43 .52 -.84 -.20
-2.61 -1.92 8.43 .07 -.69 -.42
-2.45 -2.50 7.34 .07 -.69 -.42
-2.45 -2.50 7.34 -.04 -.61 -.58
-2.07 -2.34 7.00 -.04 -.61 -.58
-2.07 -2.34 7.00 .11 -.55 -.48
-1.78 -2.20 7.43 .11 -.55 -.48
-1.78 -2.20 7.43 .41 -.36 -.38
-1.56 -1.99 8.17 .44 -.30 -.28
-1.56 -1.99 8.17 .41 -.36 -.38
-1.12 -1.85 8.58 .44 -.30 -.28
-1.12 -1.85 8.58 .26 -.24 -.14
-.96 -2.28 8.62 .26 -.24 -.14
-.96 -2.28 8.62 .02 -.16 -.01
-1.12 -2.55 8.34 .02 -.16 -.01
-1.12 -2.55 8.34 -.12 -.12 .09
-1.36 -3.34 8.88 -.11 -.13 .17
-1.36 -3.34 8.88 -.12 -.12 .09
1.94 .11 -11.53 -.97 -.57 -.11
1.94 .11 -11.53 -2.10 .21 -.27
3.73 -1.31 -15.75 -2.10 .21 -.27
3.73 -1.31 -15.75 -3.12 1.95 -.54
-.90 3.81 -13.60 -6.97 5.88 .49
-.90 3.81 -13.60 -3.12 1.95 -.54
-6.01 15.45 -15.21 -6.40 9.28 2.15
-6.01 15.45 -15.21 -6.97 5.88 .49
-6.20 9.93 -9.78 -6.40 9.28 2.15
-6.20 9.93 -9.78 -2.04 11.66 4.60
-19.02 3.42 5.34 -2.04 11.66 4.60
-19.02 3.42 5.34 -5.54 14.20 3.01
-44.37 -49.30 22.54 -5.54 14.20 3.01
-44.37 -49.30 22.54 -3.35 11.95 2.59
-28.85 -27.54 41.06 -3.35 11.95 2.59
-28.85 -27.54 41.06 7.28 3.46 1.90
-7.63 -1.28 47.30 7.28 3.46 1.90
-7.63 -1.28 47.30 8.34 -1.56 .71
2.30 18.53 30.45 8.34 -1.56 .71
2.30 18.53 30.45 -1.39 -2.31 1.16
1.00 -.48 14.31 -1.39 -2.31 1.16
1.00 -.48 14.31 -6.05 -2.49 -.33
.52 -10.06 8.26 -6.05 -2.49 -.33
.52 -10.06 8.26 -3.64 -2.58 -.16
2.43 -3.16 6.64 -3.64 -2.58 -.16
2.43 -3.16 6.64 .66 -2.15 .49
1.75 .49 7.44 .66 -2.15 .49
1.75 .49 7.44 1.94 -1.22 .34
-.66 1.26 7.23 1.94 -1.22 .34
-2.42 -.71 8.09 1.20 -.76 .21
-.66 1.26 7.23 1.20 -.76 .21
-2.42 -.71 8.09 .15 -.44 .11
-2.57 -1.85 8.09 .15 -.44 .11
-2.57 -1.85 8.09 .08 -.19 -.32
-2.32 -1.92 8.08 .08 -.19 -.32
-2.32 -1.92 8.08 .69 .06 -.31
-2.60 -1.28 8.20 .69 .06 -.31
-2.60 -1.28 8.20 1.08 .20 -.30
-2.94 -.67 8.67 1.08 .20 -.30
-2.94 -.67 8.67 1.03 .26 -.26
-2.78 -.27 9.16 1.03 .26 -.26
-2.78 -.27 9.16 .65 .22 -.28
-2.21 -.33 9.25 .65 .22 -.28
-2.21 -.33 9.25 .12 .18 -.26
-1.92 -1.31 9.37 .12 .18 -.26
-1.92 -1.31 9.37 -.13 .22 -.19
-2.16 -1.66 9.81 -.13 .22 -.19
-2.16 -1.66 9.81 -.02 .27 -.04
-2.41 -1.34 9.80 -.02 .27 -.04
-2.41 -1.34 9.80 .03 .25 .05
-6.04 -5.53 20.43 -.40 1.69 .40
-6.04 -5.53 20.43 -1.16 1.48 -.34
-7.14 -8.70 22.10 -1.16 1.48 -.34
-7.14 -8.70 22.10 -.84 .08 -.46
-4.84 -2.44 15.83 -.84 .08 -.46
-4.84 -2.44 15.83 .37 -.52 .51
-2.11 .52 8.11 .37 -.52 .51
-2.11 .52 8.11 .44 -.64 .19
-1.07 .56 5.41 .44 -.64 .19
-1.07 .56 5.41 .24 -.16 -.35
-1.97 .24 6.74 .24 -.16 -.35
-1.97 .24 6.74 .04 .22 -.31
-3.37 -.42 9.57 .04 .22 -.31
-3.37 -.42 9.57 .12 .29 -.20
-3.54 .21 11.31 .12 .29 -.20
-3.54 .21 11.31 .29 .09 -.10
-2.94 .93 11.43 .29 .09 -.10
-2.94 .93 11.43 .15 -.04 .01
-2.60 -.37 10.00 .15 -.04 .01
-2.60 -.37 10.00 -.18 -.08 -.09
-2.27 -1.17 9.03 -.18 -.08 -.09
-2.27 -1.17 9.03 -.25 -.09 -.13
-2.17 -1.63 8.75 -.25 -.09 -.13
-2.17 -1.63 8.75 -.11 -.03 -.08
-6.63 -1.13 6.62 -.11 -.03 -.08
-6.63 -1.13 6.62 .42 -.08 -.15
-1.03 1.12 11.89 .42 -.08 -.15
-1.03 1.12 11.89 .25 -.35 -.13
-2.04 -1.40 11.62 .25 -.35 -.13
-2.04 -1.40 11.62 -.90 -.15 -.90
-.24 -1.83 9.17 -.90 -.15 -.90
-.24 -1.83 9.17 -.13 .05 -.25
-1.34 -.71 9.32 -.13 .05 -.25
-1.34 -.71 9.32 .09 .20 -.14
-1.69 -.64 9.75 .09 .20 -.14
-1.69 -.64 9.75 -.23 .14 -.22
-2.90 -1.58 10.03 -.23 .14 -.22
-2.90 -1.58 10.03 .01 .08 -.29
-1.73 -3.37 9.39 .01 .08 -.29
-1.73 -3.37 9.39 .45 -.14 -.01
-2.08 -.98 9.24 .45 -.14 -.01
-2.08 -.98 9.24 1.27 .00 .79
-2.87 .56 9.98 1.27 .00 .79
-2.87 .56 9.98 .79 -.02 -.10
-2.43 -.32 9.67 .79 -.02 -.10
-2.43 -.32 9.67 .40 -.09 -.08
-1.90 .12 9.94 .40 -.09 -.08
-1.90 .12 9.94 .32 .04 -.12
-2.49 -.68 9.63 .32 .04 -.12
-2.49 -.68 9.63 .29 .27 .01
1.92 -.51 -11.31 .30 -1.30 -.06
1.92 -.51 -11.31 -1.10 -.29 -.28
4.41 -3.27 -16.17 -1.10 -.29 -.28
4.41 -3.27 -16.17 -3.12 1.40 -1.15
-1.52 -.18 -15.95 -3.12 1.40 -1.15
-1.52 -.18 -15.95 -7.55 5.63 -.77
-6.53 11.96 -18.06 -7.55 5.63 -.77
-6.53 11.96 -18.06 -5.40 9.06 1.28
-5.76 6.76 -9.71 -5.40 9.06 1.28
-5.76 6.76 -9.71 -1.49 12.06 2.81
-19.96 6.03 11.44 -1.49 12.06 2.81
-19.96 6.03 11.44 -4.77 13.33 2.16
-37.69 -28.24 28.51 -4.77 13.33 2.16
-37.69 -28.24 28.51 -4.78 10.00 1.39
-20.37 -31.33 41.25 -4.78 10.00 1.39
-20.37 -31.33 41.25 1.15 2.98 .80
-5.68 -14.69 39.51 1.15 2.98 .80
-5.68 -14.69 39.51 4.70 -.64 .42
.64 4.73 26.92 4.70 -.64 .42
.64 4.73 26.92 .89 -1.55 .42
1.64 1.18 15.94 .89 -1.55 .42
1.64 1.18 15.94 -2.89 -2.04 .03
1.87 -2.82 9.09 -2.89 -2.04 .03
1.87 -2.82 9.09 -3.03 -1.97 -.57
-.08 -4.11 6.43 -3.03 -1.97 -.57
-.08 -4.11 6.43 -.57 -1.27 .26
-.78 -1.85 5.86 -.57 -1.27 .26
-.78 -1.85 5.86 1.02 -.91 .30
-1.90 -1.33 6.13 1.02 -.91 .30
-1.90 -1.33 6.13 .63 -.64 .40
-2.38 -2.80 6.94 .63 -.64 .40
-2.38 -2.80 6.94 .06 -.40 .31
-2.96 -3.49 7.92 .06 -.40 .31
-2.96 -3.49 7.92 .10 -.14 .32
-3.16 -3.54 7.99 .10 -.14 .32
-3.16 -3.54 7.99 .35 -.01 .31
-2.95 -3.20 7.64 .35 -.01 .31
-2.95 -3.20 7.64 .56 .01 .21
-2.73 -3.10 7.98 .56 .01 .21
-2.73 -3.10 7.98 .60 .09 .15
-2.81 -3.07 8.97 .60 .09 .15
-2.81 -3.07 8.97 .50 .12 .12
-2.26 -2.63 9.46 .50 .12 .12
-2.26 -2.63 9.46 .27 .07 .10
-1.68 -3.08 9.18 .27 .07 .10
-1.68 -3.08 9.18 .08 .12 .08
-1.71 -3.36 9.03 .08 .12 .08
-1.71 -3.36 9.03 .16 .22 .16
-2.02 -3.21 9.28 .16 .22 .16
-2.02 -3.21 9.28 .32 .28 .16
5.22 -.11 -8.34 -1.56 .85 -.47
5.22 -.11 -8.34 -2.63 1.84 -.61
2.96 -1.82 -11.93 -2.63 1.84 -.61
2.96 -1.82 -11.93 -4.23 3.38 -1.06
-1.06 -4.30 -9.73 -4.23 3.38 -1.06
-1.06 -4.30 -9.73 -6.67 5.96 -1.16
-3.70 3.05 -16.57 -6.67 5.96 -1.16
-3.70 3.05 -16.57 -8.00 8.99 -.29
-7.34 4.86 -12.58 -8.00 8.99 -.29
-7.34 4.86 -12.58 -5.35 12.28 2.19
-20.71 -6.99 3.77 -5.35 12.28 2.19
-20.71 -6.99 3.77 -3.61 15.18 1.57
-38.77 -18.94 19.25 -3.61 15.18 1.57
-38.77 -18.94 19.25 -3.73 12.11 1.03
-27.69 -20.53 36.80 -3.73 12.11 1.03
-27.69 -20.53 36.80 2.90 5.28 .73
-13.33 -5.03 38.03 2.90 5.28 .73
-13.33 -5.03 38.03 3.39 .84 -.14
-5.43 2.93 31.94 3.39 .84 -.14
-5.43 2.93 31.94 .24 -1.04 -.13
-1.33 -.22 22.36 .24 -1.04 -.13
-1.33 -.22 22.36 -2.02 -1.61 .05
.70 -.38 12.35 -2.02 -1.61 .05
.70 -.38 12.35 -2.65 -1.72 .11
-.05 -3.44 9.41 -1.59 -1.39 .11
-.05 -3.44 9.41 -2.65 -1.72 .11
-1.54 -2.60 8.89 -1.59 -1.39 .11
-1.54 -2.60 8.89 .01 -.97 .54
-2.33 -1.38 7.95 .01 -.97 .54
-2.33 -1.38 7.95 -.09 -.76 .29
-2.15 -2.33 7.35 -.09 -.76 .29
-2.15 -2.33 7.35 -.20 -.49 .04
-2.45 -2.92 7.61 -.20 -.49 .04
-2.45 -2.92 7.61 .08 -.15 .00
-3.02 -2.34 8.00 .08 -.15 .00
-3.02 -2.34 8.00 .49 .07 .04
-3.50 -1.92 8.22 .49 .07 .04
-3.50 -1.92 8.22 .57 .17 .05
-3.59 -1.84 8.60 .57 .17 .05
