-3.31 -11.95 17.69 -.28 .31 -.71
.83 -7.63 11.90 -.28 .31 -.71
.83 -7.63 11.90 .83 -.75 -.50
3.53 -5.34 9.43 .83 -.75 -.50
3.53 -5.34 9.43 .84 -1.00 -.06
2.13 -4.65 9.27 .84 -1.00 -.06
2.13 -4.65 9.27 .13 -1.15 -.29
1.40 -6.48 8.85 .13 -1.15 -.29
1.40 -6.48 8.85 -.63 -1.44 -.21
2.27 -7.43 6.26 -.63 -1.44 -.21
2.27 -7.43 6.26 -.48 -1.47 -.06
3.47 -6.79 5.00 -.48 -1.47 -.06
4.60 -6.38 4.51 .08 -1.39 -.22
3.47 -6.79 5.00 .08 -1.39 -.22
4.60 -6.38 4.51 .46 -1.43 -.20
5.09 -5.78 4.48 .46 -1.43 -.20
5.09 -5.78 4.48 .70 -1.47 -.04
4.43 -4.82 4.80 .70 -1.47 -.04
4.43 -4.82 4.80 .63 -1.52 -.11
3.67 -5.01 4.58 .63 -1.52 -.11
3.67 -5.01 4.58 -.03 -1.64 -.31
3.91 -5.42 3.95 -.03 -1.64 -.31
3.91 -5.42 3.95 -.70 -1.76 -.38
4.79 -5.71 3.50 -.70 -1.76 -.38
4.79 -5.71 3.50 -.67 -1.75 -.25
5.25 -5.52 3.25 -.67 -1.75 -.25
5.25 -5.52 3.25 -.34 -1.65 -.21
3.49 -5.61 3.21 1.03 -.95 -.10
3.49 -5.61 3.21 .89 -.73 -.84
4.44 -5.71 2.53 .89 -.73 -.84
4.44 -5.71 2.53 .88 -1.41 .03
8.82 -6.17 1.85 1.00 -1.48 -.05
8.82 -6.17 1.85 .88 -1.41 .03
9.40 -5.34 1.52 1.00 -1.48 -.05
9.40 -5.34 1.52 1.25 -1.34 -.27
7.33 -5.00 3.26 1.25 -1.34 -.27
7.33 -5.00 3.26 1.26 -1.12 -.49
6.78 -5.48 3.16 1.26 -1.12 -.49
6.78 -5.48 3.16 1.21 -1.29 -.42
7.78 -5.59 1.58 1.21 -1.29 -.42
7.78 -5.59 1.58 1.35 -1.48 -.27
7.86 -5.08 .99 1.35 -1.48 -.27
7.86 -5.08 .99 1.50 -1.46 -.38
7.36 -5.10 1.71 1.50 -1.46 -.38
7.36 -5.10 1.71 1.33 -1.49 -.36
7.99 -4.79 .72 1.33 -1.49 -.36
7.99 -4.79 .72 1.15 -1.81 -.30
8.34 -4.22 .24 1.15 -1.81 -.30
8.34 -4.22 .24 1.06 -1.85 -.33
7.69 -4.15 .79 1.06 -1.85 -.33
-3.59 -1.84 8.60 .50 .19 .01
-3.56 -1.97 9.16 .50 .19 .01
-3.56 -1.97 9.16 .41 .15 .00
-3.22 -1.87 9.17 .41 .15 .00
-3.22 -1.87 9.17 .21 .11 .03
-2.90 -2.27 9.09 .21 .11 .03
-2.90 -2.27 9.09 .07 .10 .10
-2.84 -2.65 9.26 .07 .10 .10
-2.84 -2.65 9.26 .08 .12 .16
-2.95 -2.51 9.22 .08 .12 .16
-2.95 -2.51 9.22 .01 .11 .23
4.37 3.49 -7.77 -.45 -.07 .33
4.37 3.49 -7.77 -1.88 .72 .64
2.98 3.02 -17.20 -3.73 2.04 .37
2.98 3.02 -17.20 -1.88 .72 .64
1.32 2.44 -14.31 -6.70 5.20 .81
1.32 2.44 -14.31 -3.73 2.04 .37
-5.97 10.60 -21.53 -9.38 9.14 2.00
-5.97 10.60 -21.53 -6.70 5.20 .81
-8.73 4.19 -22.53 -3.37 11.97 4.83
-8.73 4.19 -22.53 -9.38 9.14 2.00
-18.09 -3.88 -5.67 -1.54 15.86 3.56
-18.09 -3.88 -5.67 -3.37 11.97 4.83
-52.35 -28.15 20.94 -3.62 14.35 2.32
-52.35 -28.15 20.94 -1.54 15.86 3.56
-29.47 -21.36 44.19 2.68 5.50 1.39
-29.47 -21.36 44.19 -3.62 14.35 2.32
-13.03 -12.42 41.78 1.53 2.03 -.38
-13.03 -12.42 41.78 2.68 5.50 1.39
-7.41 -4.45 31.70 -.75 -.29 -.26
-7.41 -4.45 31.70 1.53 2.03 -.38
-2.66 -3.77 24.24 -1.89 -1.77 -.11
-2.66 -3.77 24.24 -.75 -.29 -.26
1.47 -1.94 14.58 -1.53 -1.91 .01
1.47 -1.94 14.58 -1.89 -1.77 -.11
1.35 -1.61 10.03 -.86 -1.36 -.14
1.35 -1.61 10.03 -1.53 -1.91 .01
-.09 -2.95 8.30 -.48 -.93 -.21
-.09 -2.95 8.30 -.86 -1.36 -.14
-1.07 -2.94 7.86 -.13 -.66 -.13
-1.07 -2.94 7.86 -.48 -.93 -.21
-1.37 -1.77 7.92 -.13 -.66 -.13
-1.83 -1.88 8.52 .14 -.43 -.01
-1.37 -1.77 7.92 .14 -.43 -.01
-1.83 -1.88 8.52 .15 -.19 -.03
-2.76 -2.92 8.46 .15 -.19 -.03
-2.76 -2.92 8.46 .27 .00 -.12
-3.32 -3.16 8.08 .56 .02 -.02
-3.32 -3.16 8.08 .27 .00 -.12
-3.42 -2.68 8.07 .68 -.02 .07
-3.42 -2.68 8.07 .56 .02 -.02
-3.30 -2.22 8.43 .68 -.02 .07
-3.30 -2.22 8.43 .61 -.06 .07
-3.01 -1.96 8.95 .61 -.06 .07
-3.01 -1.96 8.95 .47 -.08 .09
-2.70 -2.09 8.83 .47 -.08 .09
-2.70 -2.09 8.83 .26 -.08 .12
-2.42 -2.34 8.77 .26 -.08 .12
-2.42 -2.34 8.77 .06 -.07 .21
-2.35 -2.80 8.76 .06 -.07 .21
-2.35 -2.80 8.76 .00 -.02 .29
4.19 1.51 -15.09 -2.21 .10 .21
4.19 1.51 -15.09 -4.21 1.39 -.05
4.88 .94 -17.92 -4.21 1.39 -.05
4.88 .94 -17.92 -6.71 3.96 -.16
-3.09 4.16 -21.49 -6.71 3.96 -.16
-3.09 4.16 -21.49 -8.34 8.59 .94
-11.19 10.55 -22.36 -8.34 8.59 .94
-11.19 10.55 -22.36 -4.14 11.95 4.23
-19.30 6.26 -8.75 -4.14 11.95 4.23
-19.30 6.26 -8.75 -2.19 15.31 3.73
-43.44 -22.20 13.77 -2.19 15.31 3.73
-43.44 -22.20 13.77 -5.66 14.19 1.63
-35.90 -38.78 38.15 3.51 7.48 2.34
-35.90 -38.78 38.15 -5.66 14.19 1.63
-17.90 -8.63 43.08 4.99 2.46 .68
-17.90 -8.63 43.08 3.51 7.48 2.34
-7.78 -.27 35.17 1.03 -.03 -.19
-7.78 -.27 35.17 4.99 2.46 .68
-2.54 -2.27 26.69 -1.93 -1.33 -.06
-2.54 -2.27 26.69 1.03 -.03 -.19
-.64 -1.58 15.10 -2.35 -1.57 -.24
-.64 -1.58 15.10 -1.93 -1.33 -.06
.36 -3.48 10.12 -1.29 -1.50 .00
.36 -3.48 10.12 -2.35 -1.57 -.24
-.37 -3.47 8.29 -.13 -1.06 -.04
-.37 -3.47 8.29 -1.29 -1.50 .00
-1.96 -.41 7.11 .29 -.75 .19
-1.96 -.41 7.11 -.13 -1.06 -.04
-2.50 -1.29 7.06 -.07 -.52 -.02
-2.50 -1.29 7.06 .29 -.75 .19
-2.70 -2.49 7.68 -.21 -.30 -.08
-2.70 -2.49 7.68 -.07 -.52 -.02
-3.40 -2.73 8.16 .07 -.15 .02
-3.40 -2.73 8.16 -.21 -.30 -.08
-3.67 -3.03 7.98 .41 -.16 -.03
-3.67 -3.03 7.98 .07 -.15 .02
-3.45 -2.80 7.66 .57 -.21 .10
-3.45 -2.80 7.66 .41 -.16 -.03
-3.18 -1.94 7.93 .57 -.21 .10
-3.18 -1.94 7.93 .61 -.26 .26
-2.95 -1.95 9.10 .36 -.32 .25
-2.95 -1.95 9.10 .61 -.26 .26
-2.65 -2.28 9.27 -.05 -.30 .24
-2.65 -2.28 9.27 .36 -.32 .25
-2.39 -2.86 8.72 -.26 -.27 .35
-2.39 -2.86 8.72 -.05 -.30 .24
