3.66 -6.67 6.57 .25 -.67 .02
3.66 -6.67 6.57 .25 -.73 .03
8.34 -6.70 -8.51 -.28 .27 -.03
8.34 -6.70 -8.51 -.18 .41 -.07
7.41 -8.20 -12.52 -.18 .41 -.07
7.41 -8.20 -12.52 -.29 1.90 -.38
.53 -10.91 -12.55 -.29 1.90 -.38
.53 -10.91 -12.55 -.35 4.86 -.49
-1.41 -16.31 -5.45 -.35 4.86 -.49
-1.41 -16.31 -5.45 .94 6.91 -.32
-.53 -10.42 -8.60 .94 6.91 -.32
-.53 -10.42 -8.60 .97 7.94 -.88
-1.85 -6.72 -6.15 .97 7.94 -.88
-1.85 -6.72 -6.15 .17 8.51 -2.49
-1.72 -1.84 5.55 .17 8.51 -2.49
-1.72 -1.84 5.55 -4.44 7.34 -3.46
-4.66 -1.44 17.13 -4.44 7.34 -3.46
-4.66 -1.44 17.13 -6.46 6.11 -1.14
-4.39 -18.35 24.61 -6.46 6.11 -1.14
-4.39 -18.35 24.61 -1.13 5.09 -.32
-3.89 -9.38 24.51 -1.13 5.09 -.32
-3.89 -9.38 24.51 .32 3.58 -.79
-4.18 -3.56 20.45 .32 3.58 -.79
-4.18 -3.56 20.45 .46 2.26 -.58
-2.37 -5.63 15.59 .46 2.26 -.58
-2.37 -5.63 15.59 -.94 1.15 -.72
-.08 -7.03 12.21 -.94 1.15 -.72
-.08 -7.03 12.21 -.81 .20 -.33
1.62 -6.42 11.54 -.81 .20 -.33
1.62 -6.42 11.54 -.12 -.17 -.23
2.27 -5.69 10.14 -.12 -.17 -.23
2.27 -5.69 10.14 .32 -.34 -.17
2.27 -5.38 8.46 .32 -.34 -.17
2.27 -5.38 8.46 .48 -.41 -.12
2.54 -4.72 6.99 .48 -.41 -.12
2.54 -4.72 6.99 .43 -.60 .00
3.04 -4.73 6.85 .43 -.60 .00
3.04 -4.73 6.85 .20 -.72 .13
3.26 -5.76 7.06 .20 -.72 .13
3.26 -5.76 7.06 .04 -.72 .18
3.25 -6.64 6.79 .04 -.72 .18
3.25 -6.64 6.79 .18 -.68 .20
3.45 -6.30 6.26 .18 -.68 .20
3.45 -6.30 6.26 .47 -.66 .29
3.75 -5.93 6.46 .47 -.66 .29
3.75 -5.93 6.46 .58 -.66 .33
3.90 -5.97 6.53 .58 -.66 .33
3.90 -5.97 6.53 .38 -.64 .27
3.79 -6.45 6.35 .38 -.64 .27
3.79 -6.45 6.35 .30 -.59 .25
