3.66 -6.46 6.38 .30 -.59 .25
3.66 -6.46 6.38 .30 -.58 .27
5.68 -7.27 -11.77 .32 .00 -.37
5.68 -7.27 -11.77 .13 .67 -1.11
-2.15 -9.20 -11.39 .13 .67 -1.11
-2.15 -9.20 -11.39 -.75 3.01 -1.13
.73 -10.79 -10.16 -.75 3.01 -1.13
.73 -10.79 -10.16 -1.32 6.60 -1.08
-.35 -7.53 -3.94 -1.32 6.60 -1.08
-.35 -7.53 -3.94 -3.38 7.93 -1.52
3.68 -1.84 -8.15 -3.38 7.93 -1.52
3.68 -1.84 -8.15 -4.94 8.62 -.76
.47 -12.26 .77 -4.94 8.62 -.76
.47 -12.26 .77 -3.78 9.02 -.72
-8.02 -17.06 19.47 -3.78 9.02 -.72
-8.02 -17.06 19.47 -3.51 7.18 -2.79
-13.07 -7.29 20.37 -3.51 7.18 -2.79
-13.07 -7.29 20.37 1.56 4.85 -.37
-3.40 -1.61 28.10 1.56 4.85 -.37
-3.40 -1.61 28.10 1.08 1.59 -.70
-.33 -1.10 26.67 -.80 2.07 -.51
-.33 -1.10 26.67 1.08 1.59 -.70
-3.75 -6.71 18.37 -.80 2.07 -.51
-3.75 -6.71 18.37 -.52 .96 -.52
-1.49 -5.62 11.93 -.52 .96 -.52
-1.49 -5.62 11.93 .57 -.16 .05
1.90 -4.35 9.26 .57 -.16 .05
1.90 -4.35 9.26 .66 -1.06 .91
3.86 -4.40 8.46 .66 -1.06 .91
3.86 -4.40 8.46 .20 -1.06 .62
4.38 -5.41 8.85 .20 -1.06 .62
4.38 -5.41 8.85 .12 -1.14 .40
3.10 -6.43 8.07 .12 -1.14 .40
3.10 -6.43 8.07 .01 -.99 .54
3.13 -6.17 6.85 .01 -.99 .54
3.13 -6.17 6.85 .12 -.95 .37
3.57 -6.03 5.92 .12 -.95 .37
3.57 -6.03 5.92 .17 -.90 .49
3.95 -5.50 5.73 .17 -.90 .49
3.95 -5.50 5.73 .01 -.88 .41
4.02 -5.52 6.00 .01 -.88 .41
4.02 -5.52 6.00 -.12 -.77 .31
4.05 -6.42 6.38 -.12 -.77 .31
4.05 -6.42 6.38 -.01 -.69 .28
4.59 -6.64 6.15 -.01 -.69 .28
4.59 -6.64 6.15 .20 -.67 .34
