4.83 -6.15 5.48 .20 -.67 .34
4.83 -6.15 5.48 .27 -.59 .33
4.63 -5.89 5.51 .27 -.59 .33
4.63 -5.89 5.51 .08 -.54 .22
4.24 -6.14 5.97 .08 -.54 .22
4.24 -6.14 5.97 -.07 -.46 .16
-6.86 -11.01 .07 -1.09 9.64 -1.43
-6.86 -11.01 .07 -2.32 10.50 -2.25
-10.42 -13.11 11.22 -3.21 9.18 -3.68
-10.42 -13.11 11.22 -2.32 10.50 -2.25
-14.00 -10.30 21.81 -3.21 9.18 -3.68
-14.00 -10.30 21.81 -1.96 7.49 -1.98
-10.45 -1.62 29.59 -1.96 7.49 -1.98
-10.45 -1.62 29.59 .52 4.16 -.88
-7.54 -.58 30.97 .52 4.16 -.88
-7.54 -.58 30.97 .08 2.84 -1.13
-7.85 -4.41 26.64 .08 2.84 -1.13
-7.85 -4.41 26.64 -.11 1.27 -.75
-4.59 -3.04 19.60 -.11 1.27 -.75
-4.59 -3.04 19.60 .60 -.51 -.08
-1.03 -3.39 12.99 .60 -.51 -.08
-1.03 -3.39 12.99 .26 -1.70 .61
1.26 -5.47 9.33 .26 -1.70 .61
1.26 -5.47 9.33 .52 -1.89 .76
3.33 -6.27 6.61 .52 -1.89 .76
3.33 -6.27 6.61 .95 -1.69 .80
3.47 -6.45 5.52 .95 -1.69 .80
3.47 -6.45 5.52 1.08 -1.32 .67
3.26 -6.13 5.03 1.08 -1.32 .67
3.26 -6.13 5.03 .82 -1.04 .56
3.05 -6.18 5.59 .82 -1.04 .56
3.05 -6.18 5.59 .46 -.89 .43
3.05 -5.75 6.33 .46 -.89 .43
3.05 -5.75 6.33 .21 -.78 .37
3.02 -6.13 6.96 .21 -.78 .37
3.02 -6.13 6.96 .13 -.65 .37
3.08 -5.71 6.93 .13 -.65 .37
3.08 -5.71 6.93 .02 -.56 .26
2.90 -5.62 7.15 .02 -.56 .26
2.90 -5.62 7.15 .09 -.51 .20
2.57 -5.65 7.22 .09 -.51 .20
2.57 -5.65 7.22 .20 -.50 .20
2.80 -5.93 7.90 .20 -.50 .20
2.80 -5.93 7.90 .41 -.61 .29
2.99 -5.61 8.52 .41 -.61 .29
2.99 -5.61 8.52 .31 -.66 .36
3.11 -5.50 8.43 .31 -.66 .36
3.11 -5.50 8.43 .02 -.74 .28
3.18 -5.77 8.41 -.16 -.83 .29
3.18 -5.77 8.41 .02 -.74 .28
3.23 -6.15 8.31 -.16 -.83 .29
3.23 -6.15 8.31 -.15 -.91 .30
3.48 -6.36 7.80 .00 -1.03 .30
3.48 -6.36 7.80 -.15 -.91 .30
