3.64 -6.10 7.61 .00 -1.03 .30
3.64 -6.10 7.61 .16 -1.09 .28
7.98 -9.68 -14.76 -.03 1.41 -.20
7.98 -9.68 -14.76 -.24 .68 -.01
5.22 -10.87 -17.47 -.03 1.41 -.20
5.22 -10.87 -17.47 -.31 4.19 -.63
.33 -17.65 -15.44 -.31 4.19 -.63
.33 -17.65 -15.44 .62 7.14 -.39
-.74 -19.13 -17.65 .62 7.14 -.39
-.74 -19.13 -17.65 .84 8.83 -1.84
-3.20 -16.80 -21.28 .84 8.83 -1.84
-3.20 -16.80 -21.28 1.54 10.85 -3.83
-7.76 -10.31 -2.68 1.54 10.85 -3.83
-7.76 -10.31 -2.68 -3.05 11.67 -5.86
-24.11 6.56 18.30 -6.13 11.26 -3.26
-24.11 6.56 18.30 -3.05 11.67 -5.86
-29.17 -1.74 26.62 -6.13 11.26 -3.26
-29.17 -1.74 26.62 -1.37 6.75 -1.71
-2.94 .47 28.79 -1.37 6.75 -1.71
-2.94 .47 28.79 -1.82 1.28 -2.59
-4.89 -7.56 30.55 -1.01 3.54 -.04
-4.89 -7.56 30.55 -1.82 1.28 -2.59
-12.04 -6.69 26.83 -1.01 3.54 -.04
-12.04 -6.69 26.83 1.89 2.21 -.48
-7.94 -1.03 20.35 1.89 2.21 -.48
-7.94 -1.03 20.35 1.28 -1.37 1.12
2.31 -5.14 11.79 1.28 -1.37 1.12
2.31 -5.14 11.79 -.32 -1.99 1.04
4.55 -6.94 9.27 -.32 -1.99 1.04
4.55 -6.94 9.27 -.49 -1.88 .49
3.42 -7.03 7.29 -.49 -1.88 .49
3.42 -7.03 7.29 .05 -1.46 .58
2.74 -6.31 6.39 .05 -1.46 .58
2.74 -6.31 6.39 .40 -1.37 .48
3.84 -5.51 6.05 .40 -1.37 .48
3.84 -5.51 6.05 .38 -1.38 .44
4.84 -5.28 5.71 .38 -1.38 .44
4.84 -5.28 5.71 .13 -1.23 .31
4.51 -5.27 5.57 .13 -1.23 .31
4.51 -5.27 5.57 .01 -.94 .13
3.78 -5.59 5.66 .01 -.94 .13
3.78 -5.59 5.66 .14 -.73 .10
4.11 -5.27 6.27 .26 -.70 .12
4.11 -5.27 6.27 .14 -.73 .10
4.45 -4.58 6.81 .26 -.70 .12
4.45 -4.58 6.81 .29 -.62 .12
4.11 -5.08 6.69 .29 -.62 .12
4.11 -5.08 6.69 .13 -.48 .07
3.84 -5.23 6.55 .13 -.48 .07
3.84 -5.23 6.55 .01 -.43 .04
