4.31 -5.35 6.77 .01 -.43 .04
4.31 -5.35 6.77 .00 -.45 .09
8.13 -7.47 -10.96 -.39 .10 .10
8.13 -7.47 -10.96 -.44 .07 .00
9.16 -9.88 -21.50 -.15 1.47 -.32
9.16 -9.88 -21.50 -.44 .07 .00
1.07 -13.06 -18.59 .43 7.34 -.91
1.07 -13.06 -18.59 -.15 1.47 -.32
-8.42 -11.32 -10.97 .96 8.65 -1.76
-8.42 -11.32 -10.97 .43 7.34 -.91
-5.03 -9.46 -6.50 .96 8.65 -1.76
-5.03 -9.46 -6.50 .59 9.13 -1.41
2.36 -4.32 1.00 .59 9.13 -1.41
2.36 -4.32 1.00 -3.42 9.02 -2.71
-1.03 -10.58 18.01 -3.42 9.02 -2.71
-1.03 -10.58 18.01 -5.82 8.46 -2.56
-8.92 -16.47 20.27 -.87 7.42 -2.77
-8.92 -16.47 20.27 -5.82 8.46 -2.56
-14.69 -7.07 24.51 -.87 7.42 -2.77
-14.69 -7.07 24.51 1.04 4.94 -1.34
-6.36 1.53 24.04 1.04 4.94 -1.34
-6.36 1.53 24.04 -.38 2.24 -1.44
-3.11 -5.51 20.49 -1.44 1.71 -1.47
-3.11 -5.51 20.49 -.38 2.24 -1.44
-3.18 -8.08 14.76 -.15 .96 -1.02
-3.18 -8.08 14.76 -1.44 1.71 -1.47
-2.36 -6.48 11.71 -.15 .96 -1.02
-2.36 -6.48 11.71 .78 .05 -.47
-.12 -5.08 10.28 .78 .05 -.47
-.12 -5.08 10.28 .80 -.47 -.28
2.26 -3.79 9.24 .80 -.47 -.28
2.26 -3.79 9.24 .38 -.66 -.11
2.92 -4.46 8.43 .38 -.66 -.11
2.92 -4.46 8.43 .09 -.53 -.03
2.59 -5.53 7.58 .09 -.53 -.03
2.59 -5.53 7.58 -.01 -.45 -.16
2.53 -5.74 6.79 -.01 -.45 -.16
2.53 -5.74 6.79 .34 -.41 -.11
2.92 -5.30 6.58 .68 -.41 .08
2.92 -5.30 6.58 .34 -.41 -.11
3.43 -4.46 7.10 .68 -.41 .08
3.43 -4.46 7.10 .62 -.40 .15
3.56 -4.48 7.57 .62 -.40 .15
3.56 -4.48 7.57 .19 -.37 .10
3.70 -5.22 7.27 .19 -.37 .10
3.70 -5.22 7.27 -.14 -.34 .04
3.57 -5.47 6.82 -.14 -.34 .04
