3.57 -5.47 6.82 -.05 -.29 .07
3.36 -5.68 6.98 -.05 -.29 .07
3.36 -5.68 6.98 .18 -.26 .10
3.42 -5.59 7.52 .18 -.26 .10
3.42 -5.59 7.52 .28 -.27 .14
4.67 -10.58 -17.48 -1.70 2.00 -.20
4.67 -10.58 -17.48 -1.06 4.35 -.10
3.56 -8.33 -18.85 -1.06 4.35 -.10
3.56 -8.33 -18.85 -.61 6.72 -.07
-.58 -7.35 -15.43 -.61 6.72 -.07
-.58 -7.35 -15.43 -.92 8.83 -.44
-3.11 -5.42 -14.69 -2.26 10.68 -1.54
-3.11 -5.42 -14.69 -.92 8.83 -.44
-7.95 -6.39 -7.34 -3.89 12.20 -1.40
-7.95 -6.39 -7.34 -2.26 10.68 -1.54
-15.11 -8.02 13.02 -3.89 12.20 -1.40
-15.11 -8.02 13.02 -5.57 9.82 -2.12
-20.45 -13.91 25.36 -2.11 7.86 .07
-20.45 -13.91 25.36 -5.57 9.82 -2.12
-6.29 -9.12 28.07 -.32 2.48 -.90
-6.29 -9.12 28.07 -2.11 7.86 .07
4.38 -5.57 26.30 -.32 2.48 -.90
4.38 -5.57 26.30 -.48 2.83 -.25
-4.27 -5.26 23.94 -.48 2.83 -.25
-4.27 -5.26 23.94 -1.02 2.34 -.25
-4.23 -7.13 18.10 -1.24 .94 -.79
-4.23 -7.13 18.10 -1.02 2.34 -.25
-1.05 -8.50 12.50 -.79 -.56 .50
-1.05 -8.50 12.50 -1.24 .94 -.79
2.99 -7.73 9.72 -.32 -.89 .61
2.99 -7.73 9.72 -.79 -.56 .50
4.18 -6.75 9.76 -.32 -.89 .61
4.18 -6.75 9.76 .13 -.86 .18
4.52 -5.31 8.80 .13 -.86 .18
4.52 -5.31 8.80 .30 -.85 -.06
3.73 -5.26 7.48 .30 -.85 -.06
3.73 -5.26 7.48 .21 -.78 .12
3.57 -5.78 6.63 .21 -.78 .12
3.57 -5.78 6.63 .10 -.80 .00
3.58 -5.47 6.13 .10 -.80 .00
3.58 -5.47 6.13 .22 -.79 .01
3.68 -4.90 6.36 .22 -.79 .01
3.68 -4.90 6.36 .26 -.80 .07
4.07 -5.12 6.90 .26 -.80 .07
4.07 -5.12 6.90 .07 -.80 .12
4.53 -5.37 6.86 .07 -.80 .12
4.53 -5.37 6.86 .10 -.76 .15
4.75 -5.45 6.41 .30 -.75 .21
4.75 -5.45 6.41 .10 -.76 .15
4.64 -5.26 6.49 .30 -.75 .21
4.64 -5.26 6.49 .33 -.72 .21
4.49 -5.53 6.91 .33 -.72 .21
4.49 -5.53 6.91 .28 -.74 .20
