4.55 -5.80 6.80 .28 -.74 .20
4.55 -5.80 6.80 .36 -.79 .19
9.95 -5.74 -12.88 -.63 .63 .16
9.95 -5.74 -12.88 -.79 1.02 .27
9.11 -6.79 -24.34 -.79 1.02 .27
9.11 -6.79 -24.34 -1.11 2.37 -.08
.50 -9.09 -27.71 -1.11 2.37 -.08
.50 -9.09 -27.71 -1.75 6.57 -.09
-6.98 -10.39 -17.57 -1.75 6.57 -.09
-6.98 -10.39 -17.57 -2.45 9.46 -.90
-8.76 -9.30 -9.54 -2.45 9.46 -.90
-8.76 -9.30 -9.54 -2.37 11.33 -.02
-6.42 -12.31 -3.18 -2.37 11.33 -.02
-6.42 -12.31 -3.18 -4.19 11.70 -1.39
-18.20 -19.41 22.62 -4.19 11.70 -1.39
-18.20 -19.41 22.62 -4.38 9.63 -2.71
-26.59 -16.07 33.55 -4.38 9.63 -2.71
-26.59 -16.07 33.55 .44 7.34 -.02
-8.22 1.13 28.06 .44 7.34 -.02
-8.22 1.13 28.06 .34 1.00 -1.86
7.39 -3.75 26.77 -2.26 1.22 -1.73
7.39 -3.75 26.77 .34 1.00 -1.86
-3.33 -8.36 20.11 -2.26 1.22 -1.73
-3.33 -8.36 20.11 -1.40 2.15 -.18
-6.69 -7.52 15.89 -1.40 2.15 -.18
-6.69 -7.52 15.89 .57 1.02 -.67
-3.80 -3.32 10.50 .57 1.02 -.67
-3.80 -3.32 10.50 .49 -.44 .28
2.94 -4.04 8.97 .49 -.44 .28
2.94 -4.04 8.97 -.47 -1.38 .50
5.43 -5.92 7.84 -.47 -1.38 .50
5.43 -5.92 7.84 -.72 -1.07 .46
5.82 -5.93 7.91 -.72 -1.07 .46
5.82 -5.93 7.91 -.06 -.87 .10
3.84 -5.15 8.08 -.06 -.87 .10
3.84 -5.15 8.08 .37 -.53 .16
3.14 -4.85 7.87 .37 -.53 .16
3.14 -4.85 7.87 .45 -.57 .09
3.67 -4.76 7.19 .45 -.57 .09
3.67 -4.76 7.19 .32 -.69 .14
3.98 -4.76 6.87 .32 -.69 .14
3.98 -4.76 6.87 .15 -.76 .19
3.65 -4.90 7.59 .15 -.79 .18
3.65 -4.90 7.59 .15 -.76 .19
3.61 -5.28 8.27 .15 -.79 .18
3.61 -5.28 8.27 .21 -.82 .25
3.86 -5.69 8.31 .21 -.82 .25
3.86 -5.69 8.31 .24 -.88 .32
4.38 -5.60 7.31 .24 -.88 .32
