4.38 -5.60 7.31 .20 -.94 .32
4.38 -5.45 6.98 .15 -.99 .28
4.38 -5.45 6.98 .20 -.94 .32
9.92 -3.89 -18.83 .23 -.43 -.30
9.92 -3.89 -18.83 -.21 -.72 -.53
12.17 -4.25 -24.15 -.21 -.72 -.53
12.17 -4.25 -24.15 -1.18 2.08 .07
.58 -12.28 -19.27 -1.18 2.08 .07
.58 -12.28 -19.27 -.50 6.35 .14
-.57 -10.43 -17.82 -.50 6.35 .14
-.57 -10.43 -17.82 .03 8.04 -.32
-4.18 -5.34 -19.28 .03 8.04 -.32
-4.18 -5.34 -19.28 -.97 10.10 -.86
-5.74 -8.42 -11.65 -.97 10.10 -.86
-5.74 -8.42 -11.65 -3.47 11.02 -1.27
-11.27 -10.28 10.26 -6.14 10.23 -1.98
-11.27 -10.28 10.26 -3.47 11.02 -1.27
-11.23 -13.32 16.81 -6.14 10.23 -1.98
-11.23 -13.32 16.81 -2.40 7.61 -.58
-7.26 -11.87 26.70 -2.40 7.61 -.58
-7.26 -11.87 26.70 .52 5.58 .10
-4.87 -3.50 22.68 .52 5.58 .10
-4.87 -3.50 22.68 .55 4.39 -.46
-7.65 -5.38 23.77 .55 4.39 -.46
-7.65 -5.38 23.77 -.73 3.12 -.79
-7.07 -8.30 21.88 -1.22 1.75 -.56
-7.07 -8.30 21.88 -.73 3.12 -.79
-4.35 -8.00 16.47 -1.22 1.75 -.56
-4.35 -8.00 16.47 -.15 .55 .14
-.73 -5.95 12.19 .29 -.27 .27
-.73 -5.95 12.19 -.15 .55 .14
1.65 -5.97 11.78 .29 -.27 .27
1.65 -5.97 11.78 .13 -.70 .30
3.70 -5.78 10.82 .13 -.70 .30
3.70 -5.78 10.82 .38 -.87 .34
4.28 -4.86 9.82 .38 -.87 .34
4.28 -4.86 9.82 .91 -1.03 .36
3.48 -4.46 7.77 .91 -1.03 .36
3.48 -4.46 7.77 .79 -1.14 .33
3.44 -4.52 6.92 .79 -1.14 .33
