3.44 -4.52 6.92 .36 -1.29 .40
3.67 -5.12 7.17 .36 -1.29 .40
3.67 -5.12 7.17 -.11 -1.37 .46
4.65 -5.95 7.25 -.11 -1.37 .46
4.65 -5.95 7.25 -.35 -1.51 .41
5.13 -6.27 6.16 -.35 -1.51 .41
5.13 -6.27 6.16 -.28 -1.45 .31
4.87 -6.24 5.04 -.28 -1.45 .31
4.87 -6.24 5.04 -.16 -1.28 .20
4.26 -6.47 5.20 -.16 -1.28 .20
4.26 -6.47 5.20 -.18 -1.10 .11
4.26 -6.90 6.10 -.06 -1.03 .02
4.26 -6.90 6.10 -.18 -1.10 .11
10.12 -6.52 -15.16 .06 .39 -.10
10.12 -6.52 -15.16 .25 .99 -.24
7.12 -6.71 -19.07 .25 .99 -.24
7.12 -6.71 -19.07 -.67 4.37 -.65
-2.08 -11.78 -17.13 -.67 4.37 -.65
-2.08 -11.78 -17.13 -1.04 6.94 -.66
.25 -7.71 -16.20 -2.30 8.01 -.37
.25 -7.71 -16.20 -1.04 6.94 -.66
2.28 -7.57 -14.86 -2.30 8.01 -.37
2.28 -7.57 -14.86 -3.33 9.80 -.45
-2.96 -10.35 -9.11 -3.33 9.80 -.45
-2.96 -10.35 -9.11 -4.13 11.69 -1.42
-19.47 -14.64 9.76 -4.13 11.69 -1.42
-19.47 -14.64 9.76 -4.84 10.79 -3.19
-25.67 -18.48 23.91 -4.84 10.79 -3.19
-25.67 -18.48 23.91 -.08 8.52 .28
-9.31 -4.33 31.42 -.08 8.52 .28
-9.31 -4.33 31.42 .05 3.20 -1.69
-.02 -4.53 26.63 .05 3.20 -1.69
-.02 -4.53 26.63 -1.00 3.21 -1.05
-3.91 -7.07 21.35 -1.00 3.21 -1.05
-3.91 -7.07 21.35 -1.12 2.50 -1.21
-5.94 -5.48 17.70 -1.12 2.50 -1.21
-5.94 -5.48 17.70 -.60 1.45 -1.01
-3.08 -4.18 14.89 -.60 1.45 -1.01
-3.08 -4.18 14.89 -.67 -.04 -.19
.34 -5.11 13.00 -.67 -.04 -.19
.34 -5.11 13.00 -.79 -.53 .03
1.75 -6.14 10.71 -.79 -.53 .03
1.75 -6.14 10.71 -.34 -.67 .12
2.69 -5.74 8.97 .28 -.79 .06
2.69 -5.74 8.97 -.34 -.67 .12
3.35 -4.58 8.33 .28 -.79 .06
3.35 -4.58 8.33 .53 -.92 .28
3.66 -3.95 8.95 .53 -.92 .28
3.66 -3.95 8.95 .65 -1.01 .35
3.16 -4.36 8.68 .65 -1.01 .35
3.16 -4.36 8.68 .49 -1.02 .31
3.23 -4.58 7.34 .49 -1.02 .31
3.23 -4.58 7.34 .17 -1.10 .31
4.15 -4.70 6.01 .17 -1.10 .31
4.15 -4.70 6.01 -.12 -1.24 .45
4.73 -5.33 5.99 -.12 -1.24 .45
4.73 -5.33 5.99 -.27 -1.22 .48
4.66 -6.20 6.95 -.08 -1.14 .40
4.66 -6.20 6.95 -.27 -1.22 .48
4.56 -6.22 6.63 -.08 -1.14 .40
4.56 -6.22 6.63 .31 -1.05 .36
