4.93 -5.76 5.84 .31 -1.05 .36
4.93 -5.76 5.84 .38 -1.00 .35
10.38 -5.08 -12.84 -.09 -.37 .16
10.38 -5.08 -12.84 -.07 -.03 .18
9.83 -5.30 -17.04 -.07 -.03 .18
9.83 -5.30 -17.04 -.51 1.62 .00
4.38 -8.43 -14.66 -.51 1.62 .00
4.38 -8.43 -14.66 -.81 3.72 .00
3.23 -12.22 -15.90 -.81 3.72 .00
3.23 -12.22 -15.90 -1.26 5.18 .02
3.62 -10.22 -18.16 -1.26 5.18 .02
3.62 -10.22 -18.16 -1.42 7.23 -.02
-3.52 -9.72 -19.58 -1.42 7.23 -.02
-3.52 -9.72 -19.58 -.89 10.21 -1.37
-7.42 -11.58 -16.07 -.89 10.21 -1.37
-7.42 -11.58 -16.07 -1.11 11.20 -1.49
-10.26 -10.98 3.75 -1.11 11.20 -1.49
-10.26 -10.98 3.75 -3.48 11.30 -2.19
-13.66 -11.02 18.05 -3.48 11.30 -2.19
-13.66 -11.02 18.05 -3.60 9.41 -2.71
-17.23 -10.91 17.17 -3.60 9.41 -2.71
-17.23 -10.91 17.17 .39 8.77 -.68
-12.83 -1.94 24.64 .39 8.77 -.68
-12.83 -1.94 24.64 .37 4.93 -1.91
-10.28 .32 30.80 .37 4.93 -1.91
-10.28 .32 30.80 -1.29 3.66 -1.90
-9.12 -2.32 28.02 -1.29 3.66 -1.90
-9.12 -2.32 28.02 -1.10 1.88 -.80
-3.88 -1.53 20.33 -1.10 1.88 -.80
-3.88 -1.53 20.33 -1.09 .34 -.55
-1.64 -3.73 16.31 -1.09 .34 -.55
-1.64 -3.73 16.31 -1.46 -.47 .25
-.33 -5.87 15.57 -1.19 -1.22 .69
-.33 -5.87 15.57 -1.46 -.47 .25
1.74 -6.50 13.40 -1.19 -1.22 .69
1.74 -6.50 13.40 -.40 -2.01 .74
4.01 -6.24 8.72 -.40 -2.01 .74
4.01 -6.24 8.72 -.16 -2.10 .60
3.48 -6.00 7.26 -.16 -2.10 .60
3.48 -6.00 7.26 -.29 -2.02 .34
2.63 -5.89 6.84 -.29 -2.02 .34
2.63 -5.89 6.84 -.44 -2.00 .18
3.56 -6.23 6.24 -.44 -2.00 .18
3.56 -6.23 6.24 -.40 -2.15 .27
4.66 -5.88 5.88 -.18 -2.11 .30
4.66 -5.88 5.88 -.40 -2.15 .27
4.82 -6.01 5.58 -.18 -2.11 .30
4.82 -6.01 5.58 .10 -1.97 .18
4.68 -6.41 4.83 .10 -1.97 .18
