7.69 -4.15 .79 .80 -1.82 -.47
7.80 -4.15 -.23 .80 -1.82 -.47
7.80 -4.15 -.23 .57 -1.89 -.44
8.31 -4.08 -.75 .57 -1.89 -.44
8.31 -4.08 -.75 .53 -1.83 -.37
8.50 -3.98 .02 .53 -1.83 -.37
8.50 -3.98 .02 .69 -1.68 -.31
8.66 -3.91 -.47 .69 -1.68 -.31
8.66 -3.91 -.47 1.19 -1.66 -.26
8.45 -2.88 -1.07 1.19 -1.66 -.26
8.45 -2.88 -1.07 1.44 -1.64 -.26
8.07 -2.23 -1.91 1.44 -1.64 -.26
8.07 -2.23 -1.91 1.22 -1.58 -.24
8.54 -2.43 -2.66 1.22 -1.58 -.24
8.54 -2.43 -2.66 .94 -1.60 -.03
8.65 -2.82 -4.52 .94 -1.60 -.03
8.65 -2.82 -4.52 .89 -1.47 .09
8.05 -2.58 -6.79 .89 -1.47 .09
8.05 -2.58 -6.79 .57 -1.30 .06
7.33 -1.48 -10.84 .57 -1.30 .06
7.33 -1.48 -10.84 -.14 -1.23 .15
14.71 -1.34 -19.29 -.14 -1.23 .15
14.71 -1.34 -19.29 -1.58 -.88 .88
4.86 -6.34 -20.86 -1.58 -.88 .88
4.86 -6.34 -20.86 -3.52 2.33 .50
5.76 -9.52 -21.63 -3.52 2.33 .50
5.76 -9.52 -21.63 -3.73 5.80 1.29
-4.52 -13.55 -5.26 -3.08 10.01 1.56
-4.52 -13.55 -5.26 -4.06 11.32 1.04
-10.49 -18.71 4.75 -4.06 11.32 1.04
-10.49 -18.71 4.75 -4.94 9.53 -.60
-12.81 -20.27 16.37 -4.94 9.53 -.60
-12.81 -20.27 16.37 -1.15 7.56 -.34
-8.09 -7.73 21.88 -1.15 7.56 -.34
-8.09 -7.73 21.88 1.23 3.73 .15
-2.19 .32 29.47 1.23 3.73 .15
-2.19 .32 29.47 -.08 1.37 -.88
.18 -3.12 23.88 -.08 1.37 -.88
.18 -3.12 23.88 -2.36 .72 -1.11
4.83 -10.52 22.05 -2.36 .72 -1.11
4.83 -10.52 22.05 -2.22 .19 -.50
4.89 -10.59 12.97 -2.22 .19 -.50
4.89 -10.59 12.97 -.27 -.02 .05
1.66 -6.76 9.63 -.27 -.02 .05
1.66 -6.76 9.63 1.58 -.58 -.41
2.23 -3.13 7.28 1.58 -.58 -.41
2.23 -3.13 7.28 1.26 -.93 .00
3.96 -3.56 5.99 1.26 -.93 .00
3.96 -3.56 5.99 .19 -1.27 .61
4.16 -6.23 6.27 .19 -1.27 .61
4.16 -6.23 6.27 -.61 -1.29 .30
4.14 -5.93 4.83 -.61 -1.29 .30
4.14 -5.93 4.83 .21 -1.50 .08
7.03 -5.71 4.52 .21 -1.50 .08
7.03 -5.71 4.52 .49 -1.44 .57
7.99 -7.94 6.32 .49 -1.44 .57
7.99 -7.94 6.32 .51 -1.33 .56
6.70 -6.97 6.19 .51 -1.33 .56
6.70 -6.97 6.19 1.10 -1.30 .04
5.25 -5.46 5.60 1.10 -1.30 .04
5.25 -5.46 5.60 1.47 -1.39 .20
5.33 -5.22 5.05 1.47 -1.39 .20
5.33 -5.22 5.05 1.00 -1.60 .23
6.45 -6.06 4.97 1.00 -1.60 .23
6.45 -6.06 4.97 .46 -1.80 .22
6.97 -6.19 3.93 .46 -1.80 .22
6.97 -6.19 3.93 .21 -1.95 .11
6.56 -6.25 4.07 .21 -1.95 .11
6.56 -6.25 4.07 .16 -2.01 -.04
6.00 -6.42 3.98 .16 -2.01 -.04
6.00 -6.42 3.98 .13 -2.03 -.11
6.33 -6.59 2.77 .13 -2.03 -.11
6.33 -6.59 2.77 .18 -2.09 -.13
6.70 -6.64 1.95 .18 -2.09 -.13
6.70 -6.64 1.95 .38 -2.03 -.24
6.56 -6.50 2.88 .38 -2.03 -.24
6.56 -6.50 2.88 .68 -1.90 -.34
10.95 -3.49 -16.58 -.27 -.50 .10
10.95 -3.49 -16.58 -1.02 -.21 -.04
9.47 -2.42 -18.58 -1.02 -.21 -.04
9.47 -2.42 -18.58 -1.54 2.25 .20
.03 -8.48 -13.32 -1.54 2.25 .20
.03 -8.48 -13.32 -1.50 5.08 .73
2.76 -9.67 -11.71 -1.50 5.08 .73
2.76 -9.67 -11.71 -1.33 6.61 .91
.10 -5.60 -8.75 -1.33 6.61 .91
.10 -5.60 -8.75 -2.61 8.91 .35
-2.95 -9.18 -6.03 -2.61 8.91 .35
-2.95 -9.18 -6.03 -4.28 9.45 -.08
-5.56 -15.44 5.97 -5.95 7.74 -.88
-5.56 -15.44 5.97 -4.28 9.45 -.08
-1.58 -19.19 12.14 -5.95 7.74 -.88
-1.58 -19.19 12.14 -2.34 6.95 -.35
-5.35 -16.76 20.69 -2.34 6.95 -.35
-5.35 -16.76 20.69 2.05 5.79 .48
-6.66 -5.93 26.38 2.05 5.79 .48
-6.66 -5.93 26.38 1.82 4.28 -1.08
-7.29 -1.41 23.76 1.82 4.28 -1.08
-7.29 -1.41 23.76 .43 2.54 -.39
-3.79 -3.95 17.85 .43 2.54 -.39
-3.79 -3.95 17.85 -1.42 .89 -.82
-.87 -5.82 12.49 -1.42 .89 -.82
-.87 -5.82 12.49 -1.38 -.06 -.62
.89 -6.84 10.95 -1.38 -.06 -.62
.89 -6.84 10.95 -.77 -.62 -.23
2.42 -6.65 11.38 -.77 -.62 -.23
2.42 -6.65 11.38 -.01 -.89 .03
3.42 -6.11 9.50 .60 -.97 .23
3.42 -6.11 9.50 -.01 -.89 .03
3.78 -5.79 7.51 .60 -.97 .23
3.78 -5.79 7.51 .92 -1.01 .20
3.79 -5.61 7.17 .92 -1.01 .20
3.79 -5.61 7.17 .83 -1.15 .09
4.09 -5.90 7.80 .83 -1.15 .09
4.09 -5.90 7.80 .45 -1.34 .18
4.45 -6.21 7.71 .45 -1.34 .18
4.45 -6.21 7.71 .18 -1.47 .29
4.73 -6.36 6.61 .18 -1.47 .29
4.73 -6.36 6.61 .33 -1.62 .31
4.43 -6.13 5.53 .33 -1.62 .31
4.43 -6.13 5.53 .59 -1.70 .15
4.67 -6.09 5.39 .78 -1.65 .20
4.67 -6.09 5.39 .59 -1.70 .15
5.11 -6.25 5.36 .78 -1.65 .20
5.11 -6.25 5.36 .95 -1.56 .31
5.29 -5.78 6.03 .95 -1.56 .31
5.29 -5.78 6.03 1.05 -1.43 .24
11.11 -3.99 -14.16 .02 -.63 .01
11.11 -3.99 -14.16 -.17 -.56 .03
10.68 -2.32 -18.82 -.17 -.56 .03
10.68 -2.32 -18.82 -.66 1.64 .01
-1.64 -8.21 -13.50 -.66 1.64 .01
-1.64 -8.21 -13.50 -.85 5.09 .33
.12 -9.42 -8.71 -.85 5.09 .33
.12 -9.42 -8.71 -1.54 6.81 .58
.23 -5.54 -7.40 -1.54 6.81 .58
.23 -5.54 -7.40 -2.98 8.17 .99
.55 -8.83 -14.39 -2.98 8.17 .99
.55 -8.83 -14.39 -3.54 9.13 .58
-4.54 -22.18 -1.50 -3.54 9.13 .58
-4.54 -22.18 -1.50 -3.64 9.77 -.91
-8.11 -18.56 15.89 -3.64 9.77 -.91
-8.11 -18.56 15.89 -2.78 7.38 -2.39
-3.74 -10.27 25.94 -2.78 7.38 -2.39
-3.74 -10.27 25.94 3.54 4.49 1.46
.46 4.83 26.71 3.54 4.49 1.46
.46 4.83 26.71 2.22 3.51 -.29
-5.19 .88 25.84 2.22 3.51 -.29
-5.19 .88 25.84 -.89 2.15 -1.25
-5.76 -5.20 16.42 -.89 2.15 -1.25
-5.76 -5.20 16.42 -2.77 1.08 -1.30
-1.91 -9.26 12.38 -2.77 1.08 -1.30
-1.91 -9.26 12.38 -.82 -.35 -.01
1.34 -6.39 9.95 -.82 -.35 -.01
1.34 -6.39 9.95 .86 -.65 .87
2.43 -4.91 9.03 .86 -.65 .87
2.43 -4.91 9.03 1.47 -.76 .77
3.05 -4.86 8.41 1.47 -.76 .77
3.05 -4.86 8.41 .64 -.80 .51
3.60 -6.15 7.93 .64 -.80 .51
3.60 -6.15 7.93 -.11 -.88 .63
4.10 -7.45 7.09 -.11 -.88 .63
4.10 -7.45 7.09 -.22 -.92 .56
4.17 -8.34 6.61 -.22 -.92 .56
4.17 -8.34 6.61 -.07 -.95 .44
4.07 -8.29 5.70 -.07 -.95 .44
4.07 -8.29 5.70 .23 -.91 .31
4.01 -7.57 5.66 .23 -.91 .31
4.01 -7.57 5.66 .59 -.88 .21
4.06 -6.53 5.64 .59 -.88 .21
4.06 -6.53 5.64 .87 -.86 .20
4.01 -6.00 6.17 .87 -.86 .20
4.01 -6.00 6.17 .66 -.78 .13
4.48 -5.81 5.88 .03 -.79 .09
4.48 -5.81 5.88 .66 -.78 .13
4.82 -6.37 5.19 .03 -.79 .09
4.82 -6.37 5.19 -.36 -.73 .03
13.70 -2.82 -18.11 .75 -.79 .25
13.70 -2.82 -18.11 -.53 -1.42 .84
11.05 -3.33 -21.22 -.53 -1.42 .84
11.05 -3.33 -21.22 -3.33 1.58 .79
-2.24 -13.24 -20.76 -3.33 1.58 .79
-2.24 -13.24 -20.76 -4.11 4.30 .80
5.49 -10.95 -15.36 -4.11 4.30 .80
5.49 -10.95 -15.36 -4.45 8.23 1.47
-1.97 -9.83 -6.22 -4.45 8.23 1.47
-1.97 -9.83 -6.22 -2.91 11.07 .93
-3.14 -16.26 -6.90 -2.91 11.07 .93
-3.14 -16.26 -6.90 -1.50 11.83 1.48
-6.22 -27.28 -1.27 -1.50 11.83 1.48
-6.22 -27.28 -1.27 -.39 11.83 -1.04
-9.17 -19.81 14.73 -.39 11.83 -1.04
-9.17 -19.81 14.73 .20 10.17 -2.82
-16.86 6.39 23.14 .20 10.17 -2.82
-16.86 6.39 23.14 4.15 4.53 .30
-6.54 10.55 26.92 -.28 .65 -2.49
-6.54 10.55 26.92 4.15 4.53 .30
-1.14 .83 19.75 -.28 .65 -2.49
-1.14 .83 19.75 -2.52 -.28 -1.56
-1.81 -4.68 14.90 -2.52 -.28 -1.56
-1.81 -4.68 14.90 -1.21 -.68 -.68
.60 -3.95 11.17 -1.21 -.68 -.68
.60 -3.95 11.17 .56 -1.10 -.24
1.41 -4.45 9.10 .56 -1.10 -.24
1.41 -4.45 9.10 1.56 -.77 .79
1.87 -5.26 7.94 1.56 -.77 .79
1.87 -5.26 7.94 1.38 -.56 .81
1.92 -4.84 7.73 1.38 -.56 .81
1.92 -4.84 7.73 .44 -.44 .70
2.79 -5.19 7.79 .44 -.44 .70
2.79 -5.19 7.79 -.41 -.42 .53
3.62 -6.61 8.10 -.41 -.42 .53
3.62 -6.61 8.10 -.61 -.34 .44
3.48 -7.19 7.56 -.61 -.34 .44
3.48 -7.19 7.56 -.26 -.20 .36
3.46 -5.87 6.80 -.26 -.20 .36
3.46 -5.87 6.80 .30 -.21 .35
3.84 -4.73 6.40 .30 -.21 .35
3.84 -4.73 6.40 .51 -.27 .39
3.87 -4.28 7.15 .51 -.27 .39
3.87 -4.28 7.15 .34 -.31 .26
3.81 -4.24 7.98 .34 -.31 .26
3.81 -4.24 7.98 .08 -.43 .15
4.09 -4.44 7.59 .08 -.43 .15
4.09 -4.44 7.59 -.18 -.51 .19
4.42 -4.68 6.71 -.18 -.51 .19
4.42 -4.68 6.71 -.25 -.54 .20
8.72 -6.80 -10.43 -.01 .65 -.01
8.72 -6.80 -10.43 -.18 1.33 -.09
5.33 -8.73 -12.58 -.18 1.33 -.09
5.33 -8.73 -12.58 -1.19 3.06 -.49
-1.34 -13.09 -10.51 -1.19 3.06 -.49
-1.34 -13.09 -10.51 -2.09 5.92 -.50
-1.32 -12.25 -5.68 -2.09 5.92 -.50
-1.32 -12.25 -5.68 -1.90 7.76 -.68
-2.23 -6.89 -9.10 -1.90 7.76 -.68
-2.23 -6.89 -9.10 -1.60 9.64 -1.01
.16 -7.71 5.63 -3.59 8.42 -2.19
.16 -7.71 5.63 -1.60 9.64 -1.01
.46 -10.87 11.68 -3.59 8.42 -2.19
.46 -10.87 11.68 -3.84 7.15 -1.76
-5.69 -2.99 17.78 .32 6.53 -.05
-5.69 -2.99 17.78 -3.84 7.15 -1.76
-8.28 2.32 27.84 .32 6.53 -.05
-8.28 2.32 27.84 1.58 3.07 .32
-6.14 -3.44 26.05 1.58 3.07 .32
-6.14 -3.44 26.05 -.55 1.93 -.61
-3.26 -8.40 19.18 -.55 1.93 -.61
-3.26 -8.40 19.18 -.34 .41 .06
-.78 -8.37 13.82 -.34 .41 .06
-.78 -8.37 13.82 .51 -.27 .32
.90 -7.86 10.51 .51 -.27 .32
.90 -7.86 10.51 .72 -.65 .48
1.07 -7.17 8.47 .72 -.65 .48
1.07 -7.17 8.47 .61 -.77 .40
1.31 -6.48 7.61 .61 -.77 .40
1.31 -6.48 7.61 .48 -.84 .33
2.44 -5.70 7.58 .48 -.84 .33
2.44 -5.70 7.58 .39 -.87 .26
3.34 -5.33 7.55 .47 -.71 .29
3.34 -5.33 7.55 .39 -.87 .26
3.11 -5.50 6.87 .47 -.71 .29
3.11 -5.50 6.87 .42 -.58 .36
3.07 -5.66 6.56 .42 -.58 .36
3.07 -5.66 6.56 .25 -.58 .39
3.44 -5.93 7.06 .25 -.58 .39
3.44 -5.93 7.06 .32 -.58 .43
3.74 -5.86 7.45 .32 -.58 .43
3.74 -5.86 7.45 .50 -.56 .40
3.66 -5.73 7.53 .50 -.56 .40
3.66 -5.73 7.53 .50 -.54 .36
3.56 -5.75 6.94 .50 -.54 .36
3.56 -5.75 6.94 .33 -.58 .29
-2.34 -3.36 8.53 -.26 -.27 .35
-2.34 -3.36 8.53 -.26 -.21 .38
-2.64 -3.54 8.56 -.26 -.21 .38
-2.64 -3.54 8.56 -.09 -.17 .47
-4.92 -10.67 12.59 .23 .93 .99
-4.92 -10.67 12.59 .26 1.20 1.69
-4.31 -9.36 10.43 .26 1.20 1.69
-4.31 -9.36 10.43 1.80 .71 .47
-3.43 -5.34 9.65 1.80 .71 .47
-3.43 -5.34 9.65 2.52 .43 .25
-3.27 -1.87 8.68 2.52 .43 .25
-4.15 -.53 8.50 1.44 .61 -.35
-3.27 -1.87 8.68 2.26 .54 -.22
-4.15 -.53 8.50 2.26 .54 -.22
-4.50 -1.00 8.60 1.44 .61 -.35
-4.57 -1.29 8.76 .82 .52 -.49
-4.50 -1.00 8.60 .82 .52 -.49
-4.57 -1.29 8.76 .82 .55 -.43
-4.74 -1.00 8.89 1.02 .52 -.26
-4.74 -1.00 8.89 .82 .55 -.43
-5.26 -.81 9.39 1.02 .52 -.26
-5.12 -.46 9.60 1.17 .48 -.09
-5.26 -.81 9.39 1.17 .48 -.09
-5.12 -.46 9.60 1.17 .32 -.10
-5.05 -.53 9.68 1.17 .32 -.10
-5.05 -.53 9.68 1.03 .21 .03
-4.92 .31 9.70 1.03 .21 .03
-4.92 .31 9.70 .80 .08 -.01
-4.58 .75 9.66 .80 .08 -.01
-4.58 .75 9.66 .47 -.01 .03
-4.30 .82 9.45 .04 -.11 -.03
-4.30 .82 9.45 .47 -.01 .03
-4.00 .17 9.27 .04 -.11 -.03
-4.00 .17 9.27 -.35 -.17 -.07
-3.84 -.52 9.09 -.55 -.16 -.08
-3.84 -.52 9.09 -.35 -.17 -.07
-3.85 -1.16 9.02 -.55 -.16 -.08
-3.85 -1.16 9.02 -.57 -.12 -.04
-3.86 -1.57 8.89 -.57 -.12 -.04
-3.86 -1.57 8.89 -.45 -.07 .01
-3.88 -1.75 8.77 -.45 -.07 .01
-3.88 -1.75 8.77 -.22 -.02 .05
-3.92 -1.66 8.89 -.22 -.02 .05
-3.92 -1.66 8.89 .00 .02 .08
-4.02 -1.43 9.07 .00 .02 .08
-4.02 -1.43 9.07 .13 .06 .06
-4.09 -1.25 9.17 .13 .06 .06
-4.09 -1.25 9.17 .17 .07 .03
-4.13 -1.06 9.25 .18 .05 .01
-4.13 -1.06 9.25 .17 .07 .03
-4.18 -.88 9.27 .18 .05 .01
-4.18 -.88 9.27 .14 .03 .00
-4.12 -.71 9.21 .14 .03 .00
-4.12 -.71 9.21 .09 .00 .00
