4.68 -6.41 4.83 .20 -1.82 .03
4.85 -6.99 4.90 .20 -1.82 .03
4.85 -6.99 4.90 .36 -1.63 .00
12.14 -5.35 -17.55 .20 -1.04 .20
12.14 -5.35 -17.55 -.05 -1.55 -.01
13.34 -4.22 -26.08 -.05 -1.55 -.01
13.34 -4.22 -26.08 -.79 .68 -.02
.70 -4.39 -23.15 -.79 .68 -.02
.70 -4.39 -23.15 -1.70 4.83 -.46
-4.46 -12.99 -19.57 -1.70 4.83 -.46
-4.46 -12.99 -19.57 -1.54 6.90 .00
.65 -6.87 -18.89 -1.54 6.90 .00
.65 -6.87 -18.89 -.92 8.95 .75
-1.87 -9.22 -15.35 -.89 10.77 .07
-1.87 -9.22 -15.35 -.92 8.95 .75
-4.24 -9.39 -6.63 -.89 10.77 .07
-4.24 -9.39 -6.63 -4.50 12.13 -1.41
-16.84 -13.51 7.79 -4.50 12.13 -1.41
-16.84 -13.51 7.79 -5.17 11.50 -1.96
-25.39 -25.97 16.83 -5.17 11.50 -1.96
-25.39 -25.97 16.83 .67 10.13 .14
-18.35 -6.63 26.81 .67 10.13 .14
-18.35 -6.63 26.81 3.18 5.00 -1.48
-5.76 .80 31.46 3.18 5.00 -1.48
-5.76 .80 31.46 2.93 2.54 -1.79
-4.98 3.49 27.10 2.93 2.54 -1.79
-4.98 3.49 27.10 .39 3.11 -1.33
-9.25 -.74 19.28 -1.58 1.99 -.87
-9.25 -.74 19.28 .39 3.11 -1.33
-6.19 -2.57 15.04 -1.58 1.99 -.87
-6.19 -2.57 15.04 -2.24 .04 -.76
-.77 -4.65 12.20 -2.24 .04 -.76
-.77 -4.65 12.20 -1.91 -.83 .02
1.72 -6.75 11.15 -1.91 -.83 .02
1.72 -6.75 11.15 -.93 -.92 .89
3.65 -6.19 10.42 -.93 -.92 .89
4.47 -4.01 8.97 .30 -1.10 .81
3.65 -6.19 10.42 .30 -1.10 .81
4.47 -4.01 8.97 .74 -.90 .56
3.26 -4.09 8.60 .40 -.82 .61
3.26 -4.09 8.60 .74 -.90 .56
2.04 -5.25 7.61 .40 -.82 .61
2.04 -5.25 7.61 -.21 -.83 .37
2.52 -6.16 7.96 -.21 -.83 .37
2.52 -6.16 7.96 -.12 -.95 .40
