3.81 -5.95 8.21 -.12 -.95 .40
3.81 -5.95 8.21 .23 -1.04 .53
4.18 -4.75 8.22 .23 -1.04 .53
4.18 -4.75 8.22 .32 -1.00 .38
3.84 -4.83 7.75 .32 -1.00 .38
3.84 -4.83 7.75 .17 -.99 .28
3.53 -5.53 7.57 .17 -.99 .28
3.53 -5.53 7.57 -.07 -1.00 .22
9.77 -4.82 -14.48 -.02 -1.44 .16
9.77 -4.82 -14.48 -.33 -1.60 .00
12.43 -2.96 -23.59 -.33 -1.60 .00
12.43 -2.96 -23.59 -1.29 .18 -.32
4.63 -5.63 -19.98 -.77 4.90 .36
4.63 -5.63 -19.98 -1.29 .18 -.32
3.60 -9.61 -16.63 -.77 4.90 .36
3.60 -9.61 -16.63 -.73 7.25 .45
-2.38 -7.14 -17.33 -.73 7.25 .45
-2.38 -7.14 -17.33 -.41 9.61 -.36
-3.52 -9.08 -18.17 -.41 9.61 -.36
-3.52 -9.08 -18.17 -1.10 10.42 -.65
-4.77 -10.42 -10.18 -3.46 11.51 -1.42
-4.77 -10.42 -10.18 -1.10 10.42 -.65
-15.99 -13.06 13.82 -4.77 10.90 -2.40
-15.99 -13.06 13.82 -3.46 11.51 -1.42
-21.06 -16.92 17.59 -4.77 10.90 -2.40
-21.06 -16.92 17.59 -.75 9.90 -.43
-15.46 -6.02 17.01 -.75 9.90 -.43
-15.46 -6.02 17.01 1.22 6.32 -1.44
-7.35 -1.63 30.44 1.22 6.32 -1.44
-7.35 -1.63 30.44 -.16 3.13 -2.24
-6.51 -3.26 28.36 -.16 3.13 -2.24
-6.51 -3.26 28.36 -.99 3.92 -1.28
-9.57 -2.86 22.82 -.99 3.92 -1.28
-9.57 -2.86 22.82 -.45 2.23 -.78
-5.86 -2.48 18.74 -.45 2.23 -.78
-5.86 -2.48 18.74 -.99 .49 -.59
-.98 -3.46 14.49 -.99 .49 -.59
-.98 -3.46 14.49 -1.27 -.60 .00
1.03 -5.25 13.39 -1.27 -.60 .00
1.03 -5.25 13.39 -1.01 -.95 .57
1.79 -5.85 11.96 -1.01 -.95 .57
1.79 -5.85 11.96 -.19 -1.12 .60
2.47 -4.72 10.16 -.19 -1.12 .60
2.47 -4.72 10.16 .42 -1.24 .52
2.89 -4.40 8.30 .42 -1.24 .52
2.89 -4.40 8.30 .42 -1.34 .65
2.63 -4.68 8.02 .42 -1.34 .65
2.63 -4.68 8.02 .14 -1.35 .51
2.03 -5.10 8.27 .14 -1.35 .51
2.03 -5.10 8.27 .02 -1.35 .46
2.95 -4.70 8.14 .02 -1.35 .46
2.95 -4.70 8.14 .13 -1.44 .60
4.59 -4.64 7.52 .13 -1.44 .60
4.59 -4.64 7.52 .05 -1.49 .66
5.43 -5.36 6.78 .05 -1.49 .66
5.43 -5.36 6.78 -.13 -1.51 .45
4.79 -6.09 6.19 -.13 -1.51 .45
