4.79 -6.09 6.19 -.15 -1.40 .34
12.42 -5.09 -15.54 .17 -1.60 .30
12.42 -5.09 -15.54 -.74 -1.69 .08
12.95 -4.18 -28.33 -.74 -1.69 .08
12.95 -4.18 -28.33 -2.11 .13 -.19
2.89 -8.26 -27.40 -2.11 .13 -.19
2.89 -8.26 -27.40 -2.29 3.97 -.03
-.64 -11.48 -25.17 -2.29 3.97 -.03
-.64 -11.48 -25.17 -1.67 6.80 -.07
-.30 -8.86 -21.89 -1.67 6.80 -.07
-.30 -8.86 -21.89 -1.30 11.11 -.61
-5.79 -7.97 -16.58 -1.30 11.11 -.61
-5.79 -7.97 -16.58 -4.37 12.90 -1.45
-24.69 -12.49 11.00 -4.37 12.90 -1.45
-24.69 -12.49 11.00 -6.79 12.72 -1.95
-29.41 -28.34 27.43 -6.79 12.72 -1.95
-29.41 -28.34 27.43 -2.59 8.67 .14
-14.35 -10.35 30.48 -2.59 8.67 .14
-14.35 -10.35 30.48 1.66 4.78 -1.87
-5.63 2.67 28.46 1.66 4.78 -1.87
-5.63 2.67 28.46 .25 2.64 -1.59
.34 -1.70 26.87 .25 2.64 -1.59
.34 -1.70 26.87 -2.06 1.32 -1.45
.53 -5.37 22.53 -2.06 1.32 -1.45
.53 -5.37 22.53 -2.66 1.77 -.68
-5.29 -6.85 15.90 -2.66 1.77 -.68
-5.29 -6.85 15.90 -.22 1.17 .00
-4.76 -4.81 13.72 -.22 1.17 .00
-4.76 -4.81 13.72 1.08 -.01 -.04
.56 -1.57 10.96 1.08 -.01 -.04
.56 -1.57 10.96 .59 -.96 .53
3.73 -3.05 10.23 .59 -.96 .53
3.73 -3.05 10.23 -.42 -1.23 .87
4.53 -5.26 9.19 -.42 -1.23 .87
4.53 -5.26 9.19 -.74 -1.29 .65
3.80 -6.07 9.16 -.74 -1.29 .65
3.80 -6.07 9.16 -.32 -1.21 .52
3.37 -6.01 8.53 -.32 -1.21 .52
3.37 -6.01 8.53 .17 -1.22 .56
3.98 -5.61 7.69 .17 -1.22 .56
3.98 -5.61 7.69 .34 -1.42 .51
4.15 -5.34 7.05 .34 -1.42 .51
4.15 -5.34 7.05 .23 -1.58 .41
4.28 -5.27 7.25 .23 -1.58 .41
4.28 -5.27 7.25 .00 -1.64 .33
4.45 -5.27 7.29 .00 -1.64 .33
4.45 -5.27 7.29 -.13 -1.63 .29
4.55 -5.49 6.71 -.13 -1.63 .29
4.55 -5.49 6.71 -.14 -1.58 .22
4.66 -6.08 6.08 -.14 -1.58 .22
