4.66 -6.08 6.08 -.16 -1.48 .16
10.16 -3.05 -13.06 -.39 -.74 -.02
10.16 -3.05 -13.06 -1.22 -.53 .07
12.99 -3.17 -21.11 -1.22 -.53 .07
12.99 -3.17 -21.11 -2.28 .76 .30
4.42 -6.22 -22.64 -2.28 .76 .30
4.42 -6.22 -22.64 -3.04 3.91 -.06
2.14 -10.59 -20.82 -3.04 3.91 -.06
2.14 -10.59 -20.82 -1.64 6.77 .57
.32 -6.83 -18.46 -1.64 6.77 .57
.32 -6.83 -18.46 -1.21 9.28 .46
-3.17 -8.44 -12.55 -1.21 9.28 .46
-3.17 -8.44 -12.55 -2.03 10.73 .08
-4.74 -7.85 -4.64 -2.03 10.73 .08
-4.74 -7.85 -4.64 -4.84 11.36 -.64
-11.35 -12.55 2.93 -4.84 11.36 -.64
-11.35 -12.55 2.93 -4.87 10.72 -.91
-19.25 -22.87 19.25 -4.87 10.72 -.91
-19.25 -22.87 19.25 -1.92 9.07 -.32
-17.14 -11.25 29.34 2.95 5.21 -.38
-17.14 -11.25 29.34 -1.92 9.07 -.32
-7.77 3.66 30.10 2.95 5.21 -.38
-7.77 3.66 30.10 2.32 1.70 -1.01
-2.27 4.51 22.14 2.32 1.70 -1.01
-2.27 4.51 22.14 -.86 .32 -1.27
4.16 -3.45 22.10 -.86 .32 -1.27
4.16 -3.45 22.10 -2.76 -.20 -.85
2.78 -6.75 17.12 -2.76 -.20 -.85
2.78 -6.75 17.12 -1.16 .19 .63
-.66 -6.90 13.89 -1.16 .19 .63
-.66 -6.90 13.89 1.07 -.34 .23
-.09 -3.28 9.71 1.07 -.34 .23
-.09 -3.28 9.71 1.72 -.89 .72
3.20 -3.76 7.41 1.72 -.89 .72
3.20 -3.76 7.41 .44 -1.75 1.07
4.72 -4.32 8.27 .44 -1.75 1.07
4.72 -4.32 8.27 -.53 -1.79 .84
5.28 -5.39 8.91 -.53 -1.79 .84
5.28 -5.39 8.91 -.87 -1.66 .63
4.74 -6.24 7.46 -.87 -1.66 .63
4.74 -6.24 7.46 -.75 -1.50 .37
4.64 -6.51 6.55 -.75 -1.50 .37
4.64 -6.51 6.55 -.19 -1.55 .23
4.64 -6.74 6.54 -.19 -1.55 .23
4.64 -6.74 6.54 .43 -1.63 .17
