4.91 -5.69 6.78 .43 -1.63 .17
4.91 -5.69 6.78 .97 -1.72 .19
5.14 -4.60 6.61 1.26 -1.79 .26
5.14 -4.60 6.61 .97 -1.72 .19
5.34 -4.24 6.45 1.26 -1.79 .26
5.34 -4.24 6.45 .80 -1.82 .23
11.59 -4.32 -10.69 .11 -.24 .08
11.59 -4.32 -10.69 .07 -.31 -.09
9.87 -2.55 -18.63 .07 -.31 -.09
9.87 -2.55 -18.63 -.82 1.35 -.59
3.07 -4.93 -17.69 -.82 1.35 -.59
3.07 -4.93 -17.69 -1.15 3.79 -.15
.19 -10.88 -15.44 -1.15 3.79 -.15
.19 -10.88 -15.44 -1.47 5.61 -.20
2.10 -7.99 -12.80 -1.47 5.61 -.20
2.10 -7.99 -12.80 -2.39 7.32 .07
.94 -6.27 -8.96 -2.39 7.32 .07
.94 -6.27 -8.96 -3.58 8.82 -.04
-.03 -8.20 -7.46 -3.58 8.82 -.04
-.03 -8.20 -7.46 -3.80 10.42 -.40
-7.52 -15.08 6.37 -3.80 10.42 -.40
-7.52 -15.08 6.37 -3.06 10.47 -1.41
-15.04 -20.12 20.89 -3.06 10.47 -1.41
-15.04 -20.12 20.89 .58 9.04 -2.10
-18.27 -4.41 26.84 .58 9.04 -2.10
-18.27 -4.41 26.84 2.86 5.44 -.13
-2.51 7.87 27.39 2.86 5.44 -.13
-2.51 7.87 27.39 .77 .79 -1.65
2.89 3.35 23.43 .77 .79 -1.65
2.89 3.35 23.43 -2.80 1.58 -1.02
-1.79 -5.53 19.69 -2.80 1.58 -1.02
-1.79 -5.53 19.69 -3.47 .81 -.63
-1.85 -7.90 14.08 -3.47 .81 -.63
-1.85 -7.90 14.08 -1.56 .26 -.32
-.32 -6.02 11.02 -1.56 .26 -.32
-.32 -6.02 11.02 .10 -.57 .66
2.27 -4.66 10.21 .10 -.57 .66
2.27 -4.66 10.21 .35 -.85 .69
4.68 -4.21 9.62 .35 -.85 .69
4.68 -4.21 9.62 -.26 -1.04 .56
4.18 -5.28 9.20 -.76 -.95 .36
4.18 -5.28 9.20 -.26 -1.04 .56
2.89 -6.20 7.86 -.76 -.95 .36
2.89 -6.20 7.86 -.65 -.88 .07
2.98 -6.61 6.83 -.65 -.88 .07
2.98 -6.61 6.83 .44 -1.16 .45
4.12 -5.85 7.27 .79 -1.22 .48
4.12 -5.85 7.27 .44 -1.16 .45
3.57 -5.10 8.17 .79 -1.22 .48
3.57 -5.10 8.17 .66 -1.33 .28
3.15 -5.31 7.43 .66 -1.33 .28
3.15 -5.31 7.43 .37 -1.47 .15
3.73 -5.98 6.03 .37 -1.47 .15
3.73 -5.98 6.03 .05 -1.65 .13
