4.69 -6.26 5.68 .07 -1.68 .15
4.69 -6.26 5.68 .05 -1.65 .13
10.27 -4.19 -7.32 -.03 -.28 .00
10.27 -4.19 -7.32 -.04 -.47 .02
13.22 -4.11 -18.95 -.04 -.47 .02
13.22 -4.11 -18.95 -.08 -.22 -.05
8.63 -2.48 -22.42 -.08 -.22 -.05
8.63 -2.48 -22.42 -.48 2.83 -.21
-5.43 -10.48 -18.89 -.48 2.83 -.21
-5.43 -10.48 -18.89 -.52 6.49 -.26
-.92 -7.51 -12.12 -.52 6.49 -.26
-.92 -7.51 -12.12 -1.48 8.06 -.40
-.08 -7.45 -6.03 -1.48 8.06 -.40
-.08 -7.45 -6.03 -2.37 9.69 .57
-.13 -7.20 -8.61 -2.37 9.69 .57
-.13 -7.20 -8.61 -4.44 10.90 -.95
-12.55 -18.17 11.04 -4.44 10.90 -.95
-12.55 -18.17 11.04 -4.53 10.27 -2.42
-20.23 -22.09 19.71 -4.53 10.27 -2.42
-20.23 -22.09 19.71 -1.72 8.89 -1.43
-12.78 -5.45 29.49 -1.72 8.89 -1.43
-12.78 -5.45 29.49 2.25 3.46 -.58
-2.32 4.03 31.69 2.25 3.46 -.58
-2.32 4.03 31.69 .06 2.64 -1.14
-6.73 -5.37 24.12 .06 2.64 -1.14
-6.73 -5.37 24.12 -1.73 2.39 -.98
-6.53 -5.67 18.32 -1.73 2.39 -.98
-6.53 -5.67 18.32 -.72 .70 -.63
-2.14 -3.54 14.21 -.72 .70 -.63
-2.14 -3.54 14.21 -.08 -.82 .38
1.52 -4.37 11.95 -.08 -.82 .38
1.52 -4.37 11.95 -.07 -1.21 .47
3.01 -5.40 9.36 -.07 -1.21 .47
3.01 -5.40 9.36 .40 -1.25 .64
3.28 -5.60 7.32 .40 -1.25 .64
3.28 -5.60 7.32 .54 -1.12 .41
2.95 -5.48 6.93 .54 -1.12 .41
2.95 -5.48 6.93 .48 -1.01 .39
2.99 -5.82 6.80 .48 -1.01 .39
2.99 -5.82 6.80 .24 -.98 .27
3.46 -5.91 6.72 .24 -.98 .27
3.46 -5.91 6.72 .17 -.90 .25
4.01 -5.71 6.90 .17 -.90 .25
4.01 -5.71 6.90 .16 -.83 .22
4.08 -5.51 6.84 .16 -.83 .22
4.08 -5.51 6.84 .18 -.71 .16
3.50 -5.46 6.77 .13 -.65 .03
3.50 -5.46 6.77 .18 -.71 .16
3.30 -5.67 6.91 .13 -.65 .03
3.30 -5.67 6.91 -.01 -.65 -.05
3.53 -5.62 6.87 -.01 -.65 -.05
