3.53 -5.62 6.87 -.08 -.64 .00
9.82 -5.96 -18.22 -.57 -3.04 .47
9.82 -5.96 -18.22 -.51 -3.10 .40
13.45 -3.38 -27.91 -.51 -3.10 .40
13.45 -3.38 -27.91 -1.76 .03 .55
3.13 -7.57 -29.20 -1.76 .03 .55
3.13 -7.57 -29.20 -2.08 5.56 .81
-2.37 -12.22 -21.71 -2.08 5.56 .81
-2.37 -12.22 -21.71 -1.83 8.74 .50
-4.24 -13.27 -16.68 -1.83 8.74 .50
-4.24 -13.27 -16.68 -1.11 11.23 .62
-7.16 -18.29 -17.99 -1.11 11.23 .62
-7.16 -18.29 -17.99 -1.13 13.40 -.31
-18.94 -20.91 -2.43 -1.13 13.40 -.31
-18.94 -20.91 -2.43 -2.09 13.72 -2.28
-33.18 -17.29 22.79 -2.09 13.72 -2.28
-33.18 -17.29 22.79 -.42 12.24 -1.03
-24.71 -5.46 34.78 -.42 12.24 -1.03
-24.71 -5.46 34.78 3.57 6.67 -1.89
-11.79 5.91 29.35 3.57 6.67 -1.89
-11.79 5.91 29.35 2.21 3.31 -3.14
-8.87 4.34 22.66 2.21 3.31 -3.14
-8.87 4.34 22.66 -.17 1.82 -2.80
-9.87 1.95 20.38 -.17 1.82 -2.80
-9.87 1.95 20.38 -1.01 -.72 -1.48
-4.49 .95 17.19 -1.01 -.72 -1.48
-4.49 .95 17.19 -.85 -1.91 -.65
.67 -.99 13.46 -.85 -1.91 -.65
.67 -.99 13.46 -.92 -2.00 .28
3.50 -4.19 10.37 -.92 -2.00 .28
3.50 -4.19 10.37 -.46 -1.49 1.11
4.44 -6.25 8.38 -.46 -1.49 1.11
4.44 -6.25 8.38 .33 -1.25 1.40
4.48 -6.41 7.69 .33 -1.25 1.40
4.48 -6.41 7.69 1.15 -1.02 1.11
3.20 -6.26 7.94 1.15 -1.02 1.11
3.20 -6.26 7.94 1.37 -.78 1.05
2.86 -6.28 7.90 1.37 -.78 1.05
2.86 -6.28 7.90 1.17 -.83 .94
3.25 -6.11 7.24 1.17 -.83 .94
3.25 -6.11 7.24 .72 -.92 .73
3.24 -5.61 6.42 .72 -.92 .73
3.24 -5.61 6.42 .42 -.94 .51
3.03 -4.53 6.31 .42 -.94 .51
3.03 -4.53 6.31 .30 -.97 .37
3.45 -4.18 6.64 .30 -.97 .37
3.45 -4.18 6.64 .13 -1.02 .33
4.14 -4.59 6.57 .13 -1.02 .33
4.14 -4.59 6.57 -.19 -1.01 .27
4.60 -4.86 6.26 -.19 -1.01 .27
