4.60 -4.86 6.26 -.25 -.85 .22
8.11 -5.04 -12.87 .33 -1.10 -.14
8.11 -5.04 -12.87 -1.40 -2.38 -.05
13.95 -5.38 -30.08 -1.40 -2.38 -.05
13.95 -5.38 -30.08 -3.39 -.20 .16
3.59 -10.23 -28.73 -3.39 -.20 .16
3.59 -10.23 -28.73 -4.41 5.12 .11
-2.21 -11.77 -20.49 -4.41 5.12 .11
-2.21 -11.77 -20.49 -3.70 8.18 .07
-2.36 -10.56 -14.24 -3.54 11.29 .89
-2.36 -10.56 -14.24 -3.70 8.18 .07
-7.68 -14.65 -20.97 -4.38 13.86 -.11
-7.68 -14.65 -20.97 -3.54 11.29 .89
-33.25 -34.05 9.90 -4.38 13.86 -.11
-33.25 -34.05 9.90 -4.83 13.19 -1.32
-36.92 -28.63 34.47 -4.83 13.19 -1.32
-36.92 -28.63 34.47 1.29 9.53 .84
-12.12 -7.29 37.47 1.29 9.53 .84
-12.12 -7.29 37.47 2.94 4.95 -2.82
-7.72 2.00 29.64 2.94 4.95 -2.82
-7.72 2.00 29.64 .66 2.24 -2.04
-4.81 2.05 21.38 .66 2.24 -2.04
-4.81 2.05 21.38 -1.32 .38 -2.08
-2.77 -.26 16.17 -2.44 -.67 -1.68
-2.77 -.26 16.17 -1.32 .38 -2.08
-.48 -2.60 11.63 -2.44 -.67 -1.68
-.48 -2.60 11.63 -1.82 -1.00 -.62
2.33 -3.99 8.53 -1.82 -1.00 -.62
2.33 -3.99 8.53 -.61 -.97 .02
4.56 -5.12 7.35 -.61 -.97 .02
4.56 -5.12 7.35 .48 -.64 .67
4.40 -6.29 6.51 .48 -.64 .67
3.94 -6.87 5.13 .96 -.33 .87
4.40 -6.29 6.51 .96 -.33 .87
3.94 -6.87 5.13 .61 -.32 .66
4.51 -7.63 4.12 .61 -.32 .66
4.51 -7.63 4.12 .05 -.50 .58
4.65 -8.02 4.55 -.18 -.45 .33
4.65 -8.02 4.55 .05 -.50 .58
3.56 -7.33 5.94 -.18 -.45 .33
3.56 -7.33 5.94 .11 -.31 .02
2.73 -6.02 6.70 .36 -.40 -.05
2.73 -6.02 6.70 .11 -.31 .02
3.89 -5.30 5.87 .39 -.65 .08
3.89 -5.30 5.87 .36 -.40 -.05
4.85 -5.08 5.02 .39 -.65 .08
4.85 -5.08 5.02 .24 -.72 .09
4.90 -5.15 5.34 .24 -.72 .09
4.90 -5.15 5.34 -.08 -.67 -.06
4.92 -5.86 6.47 -.08 -.67 -.06
