4.92 -5.86 6.47 -.29 -.66 -.03
9.16 -1.23 -12.91 -1.21 -1.51 -.18
9.16 -1.23 -12.91 -2.09 -1.54 -.25
13.63 -1.22 -27.95 -2.09 -1.54 -.25
13.63 -1.22 -27.95 -2.61 -.16 -.10
1.11 -7.24 -24.66 -2.61 -.16 -.10
1.11 -7.24 -24.66 -2.73 4.46 .89
-2.75 -12.04 -20.70 -2.73 4.46 .89
-2.75 -12.04 -20.70 -2.69 7.31 .83
.02 -8.83 -14.38 -2.69 7.31 .83
.02 -8.83 -14.38 -3.63 9.61 1.53
-4.56 -13.52 -10.81 -3.63 9.61 1.53
-4.56 -13.52 -10.81 -6.51 11.34 .00
-18.34 -26.41 2.41 -6.51 11.34 .00
-18.34 -26.41 2.41 -8.25 10.73 -.81
-26.93 -38.17 25.47 -8.25 10.73 -.81
-26.93 -38.17 25.47 -2.86 8.31 .27
-11.36 -14.11 35.08 -2.86 8.31 .27
-11.36 -14.11 35.08 2.32 3.62 -1.03
-5.43 -2.22 28.85 2.32 3.62 -1.03
-5.43 -2.22 28.85 -.70 .38 -.98
2.26 -7.63 21.23 -.70 .38 -.98
2.26 -7.63 21.23 -2.12 -.38 -.73
1.19 -9.91 13.59 -2.12 -.38 -.73
1.19 -9.91 13.59 -.16 -.44 .34
-.69 -10.22 8.35 -.16 -.44 .34
-.69 -10.22 8.35 2.23 -.91 .39
1.21 -6.34 5.24 2.23 -.91 .39
1.21 -6.34 5.24 2.49 -1.36 .73
3.81 -5.96 3.72 2.49 -1.36 .73
3.81 -5.96 3.72 .97 -1.60 1.02
4.36 -7.51 2.79 .97 -1.60 1.02
4.36 -7.51 2.79 -.65 -1.50 .50
4.21 -8.28 2.09 -.65 -1.50 .50
4.21 -8.28 2.09 -1.09 -1.43 .11
3.93 -9.18 2.57 -1.09 -1.43 .11
3.93 -9.18 2.57 -.41 -1.25 .06
4.05 -7.84 3.60 -.41 -1.25 .06
4.05 -7.84 3.60 .44 -1.15 .05
3.80 -6.69 3.70 .44 -1.15 .05
3.80 -6.69 3.70 .92 -1.07 .05
3.73 -6.34 3.30 .92 -1.07 .05
3.73 -6.34 3.30 .72 -1.04 -.03
4.84 -6.44 3.05 .72 -1.04 -.03
4.84 -6.44 3.05 .37 -1.14 .13
5.72 -6.52 3.33 .37 -1.14 .13
5.72 -6.52 3.33 .00 -1.17 .21
7.43 -7.48 4.53 .00 -1.17 .21
7.43 -7.48 4.53 -.22 -.90 .19
