6.18 -8.23 5.59 -.22 -.90 .19
6.18 -8.23 5.59 -.31 -.51 .17
10.18 -3.28 -12.45 -.65 -.78 .10
10.18 -3.28 -12.45 -1.19 -.52 .07
11.76 -1.77 -20.02 -1.19 -.52 .07
11.76 -1.77 -20.02 -2.13 .94 .05
3.56 -5.26 -20.69 -2.13 .94 .05
3.56 -5.26 -20.69 -2.11 3.94 .50
7.65 -5.67 -19.81 -2.11 3.94 .50
7.65 -5.67 -19.81 -2.64 5.82 1.03
4.84 -7.30 -13.89 -2.64 5.82 1.03
4.84 -7.30 -13.89 -3.73 8.94 1.25
-3.74 -10.76 -7.47 -3.73 8.94 1.25
-3.74 -10.76 -7.47 -6.70 10.79 .31
-15.89 -19.53 -1.25 -6.70 10.79 .31
-15.89 -19.53 -1.25 -7.51 10.02 .07
-20.39 -36.80 20.40 -7.51 10.02 .07
-20.39 -36.80 20.40 -4.53 7.49 .31
-11.26 -23.28 29.44 -4.53 7.49 .31
-11.26 -23.28 29.44 2.25 5.63 -.18
-6.39 -9.47 27.42 2.25 5.63 -.18
-6.39 -9.47 27.42 4.06 3.26 -1.38
-5.56 -.32 22.54 4.06 3.26 -1.38
-5.56 -.32 22.54 3.26 1.10 -1.68
-3.72 3.30 16.87 3.26 1.10 -1.68
-3.72 3.30 16.87 .59 -.72 -1.01
-.68 1.28 12.03 .59 -.72 -1.01
-.68 1.28 12.03 -1.88 -1.52 -.27
2.13 -2.77 8.50 -1.88 -1.52 -.27
2.13 -2.77 8.50 -2.53 -1.73 .36
3.93 -6.12 6.45 -2.53 -1.73 .36
3.93 -6.12 6.45 -1.32 -1.59 1.05
4.62 -8.06 5.46 -1.32 -1.59 1.05
4.62 -8.06 5.46 .20 -1.30 1.39
4.10 -8.18 4.71 .20 -1.30 1.39
4.10 -8.18 4.71 .80 -1.09 1.14
4.48 -8.95 3.84 .80 -1.09 1.14
4.48 -8.95 3.84 .30 -1.25 .96
4.40 -8.78 4.21 .30 -1.25 .96
4.40 -8.78 4.21 -.10 -1.25 .57
3.74 -8.07 4.47 -.10 -1.25 .57
3.74 -8.07 4.47 .07 -1.27 .30
3.84 -7.05 4.46 .07 -1.27 .30
3.84 -7.05 4.46 .42 -1.37 .31
5.14 -6.40 4.06 .42 -1.37 .31
5.14 -6.40 4.06 .57 -1.54 .41
5.77 -5.93 3.86 .57 -1.54 .41
5.77 -5.93 3.86 .34 -1.56 .29
5.17 -6.30 4.14 .34 -1.56 .29
5.17 -6.30 4.14 -.02 -1.50 .07
4.36 -6.69 4.60 -.02 -1.50 .07
