3.69 -5.71 6.99 .33 -.58 .29
3.69 -5.71 6.99 .20 -.65 .25
3.92 -5.83 7.37 .20 -.65 .25
3.92 -5.83 7.37 .10 -.65 .21
9.17 -4.26 -18.52 -2.90 -2.09 1.43
9.17 -4.26 -18.52 -4.26 -1.97 1.51
12.06 -3.65 -25.82 -4.26 -1.97 1.51
12.06 -3.65 -25.82 -7.01 .81 1.83
-.73 -10.91 -22.93 -7.01 .81 1.83
-.73 -10.91 -22.93 -6.44 6.49 2.52
-4.00 -15.35 -16.10 -1.65 8.75 2.30
-4.00 -15.35 -16.10 -6.44 6.49 2.52
-5.14 -21.51 -13.55 2.30 12.10 3.08
-5.14 -21.51 -13.55 -1.65 8.75 2.30
-9.65 -25.62 -12.55 2.30 12.10 3.08
-9.65 -25.62 -12.55 .25 13.57 -.41
-19.40 -27.08 7.01 -2.05 13.59 -3.87
-19.40 -27.08 7.01 .25 13.57 -.41
-27.61 -14.92 21.89 -2.05 13.59 -3.87
-27.61 -14.92 21.89 .28 10.85 -1.24
-16.38 4.26 28.84 .28 10.85 -1.24
-16.38 4.26 28.84 3.11 4.68 -2.06
-10.02 8.41 27.61 3.11 4.68 -2.06
-10.02 8.41 27.61 1.62 3.23 -2.69
-9.41 4.69 22.65 -.18 2.26 -1.93
-9.41 4.69 22.65 1.62 3.23 -2.69
-9.00 2.95 18.78 -.18 2.26 -1.93
-9.00 2.95 18.78 .35 .84 -.84
-5.77 2.34 16.31 .35 .84 -.84
-5.77 2.34 16.31 .25 -.21 -.23
-2.92 -1.84 13.67 .25 -.21 -.23
-2.92 -1.84 13.67 -.06 -.29 .51
-1.97 -5.36 12.13 -.06 -.29 .51
-1.97 -5.36 12.13 .46 -.37 1.09
-.72 -7.36 10.48 .46 -.37 1.09
-.72 -7.36 10.48 .86 -.60 1.28
.84 -7.20 9.39 .86 -.60 1.28
.84 -7.20 9.39 1.21 -.72 1.50
