4.36 -6.69 4.60 -.19 -1.47 -.01
10.49 -3.05 -19.57 -2.26 -.39 .16
10.49 -3.05 -19.57 -2.48 .34 .42
7.69 -3.77 -25.97 -2.48 .34 .42
7.69 -3.77 -25.97 -2.62 3.18 .88
-.63 -9.30 -22.27 -2.62 3.18 .88
-.63 -9.30 -22.27 -2.90 7.15 1.71
-4.37 -11.62 -15.00 -2.90 7.15 1.71
-4.37 -11.62 -15.00 -4.54 9.79 1.61
-8.80 -13.66 -16.17 -4.54 9.79 1.61
-8.80 -13.66 -16.17 -6.58 11.68 1.64
-19.74 -26.54 -9.67 -6.58 11.68 1.64
-19.74 -26.54 -9.67 -6.23 12.06 1.42
-26.25 -33.57 17.69 -6.23 12.06 1.42
-26.25 -33.57 17.69 -3.59 9.63 .74
-16.08 -21.80 31.26 -3.59 9.63 .74
-16.08 -21.80 31.26 1.32 6.91 .17
-8.49 -10.24 28.50 1.32 6.91 .17
-8.49 -10.24 28.50 1.40 4.22 -1.55
-5.27 -3.65 21.95 1.40 4.22 -1.55
-5.27 -3.65 21.95 .18 1.77 -1.43
-4.21 -3.54 16.17 .18 1.77 -1.43
-4.21 -3.54 16.17 -.95 .25 -1.08
-3.13 -6.15 12.18 -.95 .25 -1.08
-3.13 -6.15 12.18 -.79 -.69 -.55
.01 -7.39 9.14 -.79 -.69 -.55
.01 -7.39 9.14 .12 -1.25 .22
2.88 -7.49 6.80 .12 -1.25 .22
2.88 -7.49 6.80 .72 -1.18 .73
4.07 -8.15 5.09 .72 -1.18 .73
4.07 -8.15 5.09 .82 -.99 .94
4.32 -9.15 3.69 .82 -.99 .94
4.32 -9.15 3.69 .48 -.80 .78
4.05 -9.99 3.05 .48 -.80 .78
4.05 -9.99 3.05 .11 -.72 .59
3.53 -10.01 3.65 .18 -.63 .33
3.53 -10.01 3.65 .11 -.72 .59
2.66 -9.26 4.39 .18 -.63 .33
2.66 -9.26 4.39 .55 -.58 .13
3.13 -8.11 4.15 .55 -.58 .13
3.13 -8.11 4.15 .83 -.72 .14
4.31 -7.80 3.43 .83 -.72 .14
4.31 -7.80 3.43 .74 -.82 .13
4.44 -7.51 3.59 .56 -.82 -.06
4.44 -7.51 3.59 .74 -.82 .13
