3.46 -7.40 4.03 .56 -.82 -.06
3.46 -7.40 4.03 .32 -.87 -.26
3.76 -7.11 4.29 .32 -.87 -.26
3.76 -7.11 4.29 .26 -1.05 -.16
4.58 -7.43 4.04 .26 -1.05 -.16
4.58 -7.43 4.04 .07 -1.02 -.18
8.85 -4.30 -15.62 -.45 -1.55 -.55
8.85 -4.30 -15.62 -1.06 -.93 -.59
7.92 -2.69 -23.58 -1.06 -.93 -.59
7.92 -2.69 -23.58 -2.19 1.25 -.18
2.86 -4.78 -24.36 -2.19 1.25 -.18
2.86 -4.78 -24.36 -3.49 4.64 .76
.58 -6.42 -23.06 -3.49 4.64 .76
.58 -6.42 -23.06 -5.03 7.62 1.35
-1.58 -7.70 -22.00 -5.03 7.62 1.35
-1.58 -7.70 -22.00 -6.04 10.55 1.77
-13.21 -15.56 -19.63 -6.04 10.55 1.77
-13.21 -15.56 -19.63 -6.23 13.41 1.93
-34.78 -34.11 1.61 -6.23 13.41 1.93
-34.78 -34.11 1.61 -4.69 12.68 1.72
-27.43 -31.70 24.63 -4.69 12.68 1.72
-27.43 -31.70 24.63 -1.39 9.51 1.15
-13.27 -21.13 27.53 -1.39 9.51 1.15
-13.27 -21.13 27.53 .77 6.74 -.90
-11.45 -9.78 25.03 .77 6.74 -.90
-11.45 -9.78 25.03 .63 4.60 -1.62
-10.06 -4.01 21.72 .63 4.60 -1.62
-10.06 -4.01 21.72 .27 2.39 -1.25
-6.16 -2.39 17.19 .27 2.39 -1.25
-6.16 -2.39 17.19 -.71 .62 -.99
-2.07 -3.39 12.61 -.97 -.39 -.21
-2.07 -3.39 12.61 -.71 .62 -.99
.94 -5.27 9.27 -.97 -.39 -.21
.94 -5.27 9.27 -.45 -.82 .46
2.69 -6.87 7.94 -.45 -.82 .46
2.69 -6.87 7.94 -.15 -.88 .84
2.99 -8.45 6.63 .12 -.78 1.13
2.99 -8.45 6.63 -.15 -.88 .84
3.42 -9.66 5.39 .12 -.78 1.13
3.42 -9.66 5.39 .33 -.79 1.19
3.41 -10.60 4.57 .33 -.79 1.19
3.41 -10.60 4.57 .46 -.72 .98
2.45 -10.36 4.40 .46 -.72 .98
2.45 -10.36 4.40 .61 -.63 .61
1.62 -8.80 4.48 .61 -.63 .61
1.62 -8.80 4.48 .81 -.65 .46
2.26 -7.72 4.54 .81 -.65 .46
2.26 -7.72 4.54 .66 -.92 .57
3.28 -7.87 4.35 .66 -.92 .57
3.28 -7.87 4.35 .23 -1.01 .44
2.92 -7.76 4.42 .23 -1.01 .44
2.92 -7.76 4.42 .01 -.99 .22
2.10 -7.96 4.68 .06 -1.05 .11
2.10 -7.96 4.68 .01 -.99 .22
