3.08 -8.20 4.76 .11 -1.32 .24
3.08 -8.20 4.76 .06 -1.05 .11
8.92 -4.57 -13.60 .42 -1.50 -.21
8.92 -4.57 -13.60 .23 -1.68 -.22
11.71 -3.50 -27.33 .23 -1.68 -.22
11.71 -3.50 -27.33 -1.37 -.68 -.25
7.63 -5.15 -30.84 -1.37 -.68 -.25
7.63 -5.15 -30.84 -3.01 3.47 .47
1.89 -7.32 -25.42 -3.01 3.47 .47
1.89 -7.32 -25.42 -4.19 7.26 .51
.81 -7.30 -22.83 -4.19 7.26 .51
-4.22 -10.55 -25.77 -4.96 10.13 .69
.81 -7.30 -22.83 -4.96 10.13 .69
-4.22 -10.55 -25.77 -6.93 13.43 .43
-30.19 -26.17 -5.82 -6.93 13.43 .43
-30.19 -26.17 -5.82 -8.72 14.59 -.09
-43.82 -41.73 20.61 -8.72 14.59 -.09
-43.82 -41.73 20.61 -3.12 10.73 2.53
-14.95 -22.04 30.02 -3.12 10.73 2.53
-14.95 -22.04 30.02 1.96 6.83 -1.37
-14.39 -10.91 26.95 1.96 6.83 -1.37
-14.39 -10.91 26.95 .83 5.02 -1.86
-12.29 -4.18 22.71 .83 5.02 -1.86
-12.29 -4.18 22.71 -.53 2.36 -1.80
-7.62 -2.41 18.77 -.53 2.36 -1.80
-7.62 -2.41 18.77 -1.73 .47 -1.59
-2.45 -3.55 14.47 -1.73 .47 -1.59
-2.45 -3.55 14.47 -1.98 -.49 -.82
.93 -5.08 11.09 -1.98 -.49 -.82
.93 -5.08 11.09 -1.17 -.65 .11
2.66 -5.54 8.95 -1.17 -.65 .11
2.66 -5.54 8.95 -.15 -.59 .60
2.89 -6.40 7.92 -.15 -.59 .60
2.89 -6.40 7.92 .29 -.48 1.10
2.23 -8.50 6.61 .29 -.48 1.10
2.23 -8.50 6.61 .08 -.46 1.04
2.27 -9.69 5.54 .08 -.46 1.04
2.27 -9.69 5.54 .08 -.63 .93
2.73 -9.71 5.04 .08 -.63 .93
2.73 -9.71 5.04 .23 -.71 .75
3.43 -9.12 5.43 .23 -.71 .75
3.43 -9.12 5.43 .35 -.76 .67
3.91 -8.17 5.98 .35 -.76 .67
3.91 -8.17 5.98 .36 -.89 .55
