3.62 -7.83 5.37 .36 -.89 .55
3.62 -7.83 5.37 .36 -.97 .31
2.96 -7.90 4.87 .36 -.97 .31
2.96 -7.90 4.87 .29 -1.04 .04
3.25 -7.54 5.03 .29 -1.04 .04
3.25 -7.54 5.03 .25 -1.21 .08
4.21 -7.76 5.03 .25 -1.21 .08
4.21 -7.76 5.03 .11 -1.30 .13
10.43 -4.42 -18.75 -.21 -1.25 .07
10.43 -4.42 -18.75 -.53 -1.69 .16
12.88 -2.38 -28.73 -.53 -1.69 .16
12.88 -2.38 -28.73 -2.39 .47 .30
6.09 -5.45 -26.77 -2.39 .47 .30
6.09 -5.45 -26.77 -4.35 6.76 1.15
.11 -6.23 -20.02 -4.35 6.76 1.15
.11 -6.23 -20.02 -5.30 9.49 1.15
-5.51 -10.63 -25.54 -5.30 9.49 1.15
-5.51 -10.63 -25.54 -7.10 12.86 1.20
-28.71 -33.57 -12.27 -7.10 12.86 1.20
-28.71 -33.57 -12.27 -8.01 14.34 .61
-40.45 -44.07 19.37 -8.01 14.34 .61
-40.45 -44.07 19.37 -1.13 10.94 2.24
-15.11 -19.95 29.91 -1.13 10.94 2.24
-15.11 -19.95 29.91 4.76 6.55 -1.35
-12.01 -4.16 27.46 4.76 6.55 -1.35
-12.01 -4.16 27.46 1.36 4.17 -2.39
-8.32 -1.08 20.67 1.36 4.17 -2.39
-8.32 -1.08 20.67 -1.63 1.49 -2.25
-5.00 -2.70 16.12 -1.63 1.49 -2.25
-5.00 -2.70 16.12 -3.30 .00 -2.03
-1.30 -4.43 13.33 -3.30 .00 -2.03
-1.30 -4.43 13.33 -2.85 -.69 -1.09
1.24 -5.57 10.56 -2.85 -.69 -1.09
1.24 -5.57 10.56 -1.51 -.83 -.22
3.36 -5.49 8.20 -1.51 -.83 -.22
3.36 -5.49 8.20 -.38 -.78 .29
3.93 -5.73 7.05 -.38 -.78 .29
3.93 -5.73 7.05 .12 -.51 .73
3.24 -6.99 6.47 .12 -.51 .73
3.24 -6.99 6.47 .07 -.35 .84
2.99 -8.67 6.05 .07 -.35 .84
3.08 -10.09 5.81 -.23 -.45 .82
2.99 -8.67 6.05 -.23 -.45 .82
3.08 -10.09 5.81 -.33 -.54 .76
3.07 -10.34 5.51 -.33 -.54 .76
3.07 -10.34 5.51 .00 -.54 .59
3.21 -9.45 5.15 .00 -.54 .59
3.21 -9.45 5.15 .35 -.61 .42
3.62 -8.51 4.46 .35 -.61 .42
3.62 -8.51 4.46 .46 -.78 .35
4.08 -7.75 3.85 .46 -.78 .35
4.08 -7.75 3.85 .23 -.93 .25
3.92 -8.06 4.03 .23 -.93 .25
3.92 -8.06 4.03 -.05 -1.00 .16
3.32 -7.85 4.01 -.05 -1.00 .16
3.32 -7.85 4.01 -.23 -1.02 .05
3.25 -8.15 3.98 -.23 -1.02 .05
