3.25 -8.15 3.98 -.26 -1.03 .05
10.45 -5.89 -20.16 -1.38 -1.30 .00
10.45 -5.89 -20.16 -2.77 -.73 .06
8.37 -4.63 -25.18 -2.77 -.73 .06
8.37 -4.63 -25.18 -4.88 2.21 .30
3.70 -5.87 -23.41 -4.88 2.21 .30
3.70 -5.87 -23.41 -5.23 5.64 .97
1.24 -5.84 -19.66 -5.23 5.64 .97
1.24 -5.84 -19.66 -4.26 8.60 1.61
-2.19 -9.26 -16.66 -4.26 8.60 1.61
-2.19 -9.26 -16.66 -4.24 11.50 1.66
-13.78 -16.83 -12.24 -4.24 11.50 1.66
-13.78 -16.83 -12.24 -6.23 13.48 .70
-36.32 -33.67 5.65 -6.23 13.48 .70
-36.32 -33.67 5.65 -6.37 12.38 1.50
-23.53 -32.69 24.60 -6.37 12.38 1.50
-23.53 -32.69 24.60 .52 7.25 .95
-9.25 -16.47 25.99 .52 7.25 .95
-9.25 -16.47 25.99 2.94 4.81 -1.30
-6.02 -4.74 21.49 2.94 4.81 -1.30
-6.02 -4.74 21.49 .96 2.61 -1.69
-2.44 -2.18 17.62 -1.42 .91 -1.63
-2.44 -2.18 17.62 .96 2.61 -1.69
.03 -4.27 13.37 -1.42 .91 -1.63
.03 -4.27 13.37 -3.01 .23 -1.36
1.03 -6.48 10.36 -3.01 .23 -1.36
1.03 -6.48 10.36 -2.36 -.03 -.73
2.03 -6.93 8.23 -.78 -.15 -.33
2.03 -6.93 8.23 -2.36 -.03 -.73
3.50 -6.36 7.86 -.78 -.15 -.33
3.50 -6.36 7.86 .41 -.23 .21
3.99 -6.52 7.57 .41 -.23 .21
3.99 -6.52 7.57 .60 -.21 .48
3.60 -7.18 7.53 .60 -.21 .48
3.60 -7.18 7.53 .30 -.25 .41
3.14 -7.59 6.86 .30 -.25 .41
3.14 -7.59 6.86 .09 -.43 .46
3.24 -8.71 6.55 .09 -.43 .46
3.24 -8.71 6.55 .08 -.68 .33
3.20 -8.64 6.03 .27 -.76 .23
3.20 -8.64 6.03 .08 -.68 .33
3.44 -7.99 5.72 .27 -.76 .23
3.44 -7.99 5.72 .53 -.90 .24
4.14 -7.45 5.14 .53 -.90 .24
4.14 -7.45 5.14 .48 -1.09 .26
4.70 -7.34 4.77 .33 -1.21 .20
4.70 -7.34 4.77 .48 -1.09 .26
4.39 -7.31 4.61 .33 -1.21 .20
4.39 -7.31 4.61 .20 -1.23 .11
4.01 -7.80 4.73 .20 -1.23 .11
