4.01 -7.80 4.73 .17 -1.24 .07
10.12 -5.52 -17.58 -.22 -1.07 -.17
10.12 -5.52 -17.58 -1.56 -1.01 -.20
10.47 -4.95 -23.88 -1.56 -1.01 -.20
10.47 -4.95 -23.88 -3.64 1.09 .00
4.85 -6.91 -24.56 -3.64 1.09 .00
4.85 -6.91 -24.56 -4.10 4.64 .50
3.37 -5.03 -22.70 -3.94 7.52 1.04
3.37 -5.03 -22.70 -4.10 4.64 .50
-.26 -6.76 -22.19 -3.94 7.52 1.04
-.26 -6.76 -22.19 -5.26 10.70 1.03
-9.73 -11.63 -18.77 -5.26 10.70 1.03
-9.73 -11.63 -18.77 -7.10 13.32 .65
-34.11 -29.71 5.47 -7.10 13.32 .65
-34.11 -29.71 5.47 -7.30 11.69 .90
-24.96 -31.44 26.00 -7.30 11.69 .90
-24.96 -31.44 26.00 -.43 7.21 1.73
-7.90 -16.56 26.76 -.43 7.21 1.73
-7.90 -16.56 26.76 2.16 4.30 -.81
-4.40 -6.61 23.29 2.16 4.30 -.81
-4.40 -6.61 23.29 -.48 1.98 -1.18
-1.39 -6.11 18.66 -.48 1.98 -1.18
-1.39 -6.11 18.66 -2.80 .18 -1.22
.31 -8.16 13.95 -2.80 .18 -1.22
.31 -8.16 13.95 -3.43 -.65 -1.25
1.66 -9.21 10.35 -3.43 -.65 -1.25
1.66 -9.21 10.35 -2.07 -.90 -.78
3.00 -8.10 7.58 -2.07 -.90 -.78
3.00 -8.10 7.58 -.29 -.91 -.32
3.96 -7.28 6.50 -.29 -.91 -.32
3.96 -7.28 6.50 .44 -.83 .03
4.27 -6.97 6.03 .44 -.83 .03
4.27 -6.97 6.03 .12 -.78 .27
3.90 -7.98 5.38 .12 -.78 .27
3.90 -7.98 5.38 -.39 -.70 .31
3.89 -9.19 4.56 -.39 -.70 .31
3.89 -9.19 4.56 -.35 -.65 .22
3.60 -9.50 3.68 -.35 -.65 .22
3.60 -9.50 3.68 .09 -.51 .15
3.66 -8.74 3.52 .09 -.51 .15
3.66 -8.74 3.52 .59 -.51 .19
4.48 -7.94 3.58 .59 -.51 .19
4.48 -7.94 3.58 .65 -.66 .25
4.78 -7.66 3.41 .65 -.66 .25
4.78 -7.66 3.41 .41 -.75 .15
4.31 -7.75 3.09 .41 -.75 .15
4.31 -7.75 3.09 .24 -.81 .00
4.08 -7.69 2.77 .24 -.81 .00
4.08 -7.69 2.77 .23 -.89 -.01
4.81 -7.67 2.39 .26 -.99 .10
