4.81 -7.67 2.39 .23 -.89 -.01
9.26 -6.27 -16.02 -1.83 .31 -.04
9.26 -6.27 -16.02 -2.97 1.17 -.02
9.17 -7.16 -20.42 -2.97 1.17 -.02
9.17 -7.16 -20.42 -3.93 3.19 .11
6.13 -8.23 -21.88 -3.93 3.19 .11
6.13 -8.23 -21.88 -4.15 5.87 .29
2.79 -9.98 -17.66 -4.15 5.87 .29
2.79 -9.98 -17.66 -3.75 8.73 .66
-1.81 -12.77 -20.13 -3.75 8.73 .66
-1.81 -12.77 -20.13 -3.09 11.66 .49
-11.13 -21.25 -17.43 -3.09 11.66 .49
-11.13 -21.25 -17.43 -3.10 14.13 -.74
-29.90 -24.43 5.06 -3.10 14.13 -.74
-29.90 -24.43 5.06 -6.56 14.25 -1.41
-36.64 -26.73 27.79 -6.56 14.25 -1.41
-36.64 -26.73 27.79 -.07 9.01 .31
-14.58 -7.70 27.90 -.07 9.01 .31
-14.58 -7.70 27.90 2.15 3.34 -2.74
-7.34 1.14 25.29 2.15 3.34 -2.74
-7.34 1.14 25.29 -.78 .78 -1.96
-3.62 -2.53 21.51 -.78 .78 -1.96
-3.62 -2.53 21.51 -3.50 -.62 -2.02
-.91 -5.73 15.59 -3.62 -1.40 -1.31
-.91 -5.73 15.59 -3.50 -.62 -2.02
2.00 -7.05 11.02 -3.62 -1.40 -1.31
2.00 -7.05 11.02 -1.84 -1.86 -.42
3.28 -6.78 8.31 -1.84 -1.86 -.42
3.28 -6.78 8.31 -.34 -1.84 .09
3.58 -6.50 6.44 -.34 -1.84 .09
3.58 -6.50 6.44 .24 -1.78 .29
3.76 -7.10 5.36 .24 -1.78 .29
3.76 -7.10 5.36 .04 -1.71 .58
3.64 -9.22 4.77 .04 -1.71 .58
3.64 -9.22 4.77 -.34 -1.51 .64
3.71 -10.63 3.86 -.34 -1.51 .64
3.71 -10.63 3.86 -.28 -1.29 .45
3.72 -10.66 3.32 .15 -1.05 .35
3.72 -10.66 3.32 -.28 -1.29 .45
4.35 -9.21 3.19 .15 -1.05 .35
4.35 -9.21 3.19 .49 -.91 .31
4.86 -8.26 3.43 .49 -.91 .31
4.86 -8.26 3.43 .57 -.77 .30
4.78 -7.64 3.29 .57 -.77 .30
4.78 -7.64 3.29 .53 -.65 .14
4.30 -7.23 3.22 .53 -.65 .14
4.30 -7.23 3.22 .51 -.68 .04
4.29 -7.12 3.17 .51 -.68 .04
4.29 -7.12 3.17 .34 -.88 .03
