4.67 -7.41 2.80 .34 -.88 .03
4.67 -7.41 2.80 .17 -.93 .02
9.35 -5.25 -19.86 -1.31 -.78 -.31
9.35 -5.25 -19.86 -2.81 .07 -.19
8.59 -4.38 -26.97 -2.81 .07 -.19
8.59 -4.38 -26.97 -4.49 2.79 .21
5.11 -4.16 -25.34 -4.49 2.79 .21
5.11 -4.16 -25.34 -4.65 6.36 1.12
3.35 -7.44 -24.57 -4.65 6.36 1.12
3.35 -7.44 -24.57 -3.42 9.71 1.86
-3.84 -11.91 -29.95 -3.42 9.71 1.86
-3.84 -11.91 -29.95 -4.18 13.29 1.19
-28.52 -21.05 -9.09 -4.18 13.29 1.19
-28.52 -21.05 -9.09 -6.96 15.98 .45
-55.37 -46.68 25.76 -6.96 15.98 .45
-55.37 -46.68 25.76 -2.10 11.70 2.27
-14.75 -19.45 31.00 -2.10 11.70 2.27
-14.75 -19.45 31.00 4.20 5.03 -2.28
-10.42 -2.50 27.14 4.20 5.03 -2.28
-10.42 -2.50 27.14 1.17 2.76 -1.86
-7.62 .56 22.13 1.17 2.76 -1.86
-7.62 .56 22.13 -2.01 .00 -2.18
-3.60 -3.49 17.21 -4.11 -1.23 -1.87
-3.60 -3.49 17.21 -2.01 .00 -2.18
.64 -5.07 11.41 -4.11 -1.23 -1.87
.64 -5.07 11.41 -3.35 -1.72 -.98
3.39 -6.53 7.24 -3.35 -1.72 -.98
3.39 -6.53 7.24 -1.36 -1.51 -.30
4.06 -6.80 5.96 .11 -1.18 .42
4.06 -6.80 5.96 -1.36 -1.51 -.30
3.64 -7.11 5.61 .11 -1.18 .42
3.64 -7.11 5.61 .21 -.93 .79
3.62 -8.51 5.36 -.32 -.86 .80
3.62 -8.51 5.36 .21 -.93 .79
3.28 -9.98 4.85 -.48 -.73 .65
3.28 -9.98 4.85 -.32 -.86 .80
2.69 -10.82 4.12 -.18 -.59 .55
2.69 -10.82 4.12 -.48 -.73 .65
3.02 -10.07 3.77 -.18 -.59 .55
3.02 -10.07 3.77 .13 -.58 .44
3.84 -9.18 3.86 .13 -.58 .44
3.84 -9.18 3.86 .39 -.69 .42
4.35 -8.10 4.11 .39 -.69 .42
4.35 -8.10 4.11 .38 -.85 .35
4.17 -7.59 4.11 .38 -.85 .35
4.17 -7.59 4.11 .26 -.97 .20
4.17 -8.05 3.75 .26 -.97 .20
4.17 -8.05 3.75 .03 -1.09 .08
4.83 -8.59 3.13 .03 -1.09 .08
4.83 -8.59 3.13 .05 -1.21 .12
4.78 -8.76 2.78 .24 -1.17 .06
