4.78 -8.76 2.78 .05 -1.21 .12
9.78 -6.59 -14.83 -.37 -.98 -.09
9.78 -6.59 -14.83 -1.97 -1.23 -.14
12.79 -6.24 -25.95 -4.00 .12 -.31
12.79 -6.24 -25.95 -1.97 -1.23 -.14
7.86 -7.08 -28.32 -4.00 .12 -.31
7.86 -7.08 -28.32 -4.76 4.11 .06
2.87 -6.71 -23.83 -4.76 4.11 .06
2.87 -6.71 -23.83 -3.66 7.73 .59
.49 -7.22 -23.19 -3.25 10.67 1.15
.49 -7.22 -23.19 -3.66 7.73 .59
-6.80 -9.62 -25.78 -3.25 10.67 1.15
-6.80 -9.62 -25.78 -6.27 13.78 .69
-34.55 -25.35 -15.32 -8.92 15.75 1.03
-34.55 -25.35 -15.32 -6.27 13.78 .69
-43.25 -39.94 14.52 -8.92 15.75 1.03
-43.25 -39.94 14.52 -2.58 10.37 2.40
-16.17 -22.64 26.05 -2.58 10.37 2.40
-16.17 -22.64 26.05 2.56 6.91 -1.52
-13.17 -9.94 25.93 2.56 6.91 -1.52
-13.17 -9.94 25.93 .83 4.71 -1.86
-10.88 -4.40 21.51 .83 4.71 -1.86
-10.88 -4.40 21.51 -2.40 .45 -2.44
-4.07 -5.55 17.14 -2.40 .45 -2.44
-4.07 -5.55 17.14 -2.83 -1.05 -1.98
-.73 -6.32 14.19 -2.83 -1.05 -1.98
-.73 -6.32 14.19 -2.15 -1.45 -1.38
1.25 -5.93 10.74 -2.15 -1.45 -1.38
1.25 -5.93 10.74 -1.18 -1.58 -.88
2.33 -5.47 8.13 -1.18 -1.58 -.88
2.33 -5.47 8.13 -.70 -1.53 -.37
2.78 -6.65 6.36 -.70 -1.53 -.37
2.78 -6.65 6.36 -.67 -1.41 .07
2.54 -9.40 6.22 -.65 -1.16 .18
2.54 -9.40 6.22 -.67 -1.41 .07
1.78 -10.95 6.17 -.65 -1.16 .18
1.78 -10.95 6.17 -.03 -.97 .39
1.54 -10.31 5.63 -.03 -.97 .39
1.54 -10.31 5.63 .66 -.91 .49
1.62 -9.33 4.62 .66 -.91 .49
1.62 -9.33 4.62 .86 -.88 .52
1.75 -8.48 4.29 .66 -.94 .46
1.75 -8.48 4.29 .86 -.88 .52
2.33 -7.86 4.52 .66 -.94 .46
2.33 -7.86 4.52 .40 -1.11 .45
3.24 -8.31 4.85 .40 -1.11 .45
3.24 -8.31 4.85 .22 -1.33 .46
3.54 -8.58 4.07 .22 -1.33 .46
3.54 -8.58 4.07 .18 -1.43 .27
3.44 -8.15 3.13 .18 -1.43 .27
