3.44 -8.15 3.13 .35 -1.51 .19
8.19 -5.65 -12.62 .07 -1.05 -.37
8.19 -5.65 -12.62 -.26 -1.33 -.37
10.96 -5.21 -23.45 -.26 -1.33 -.37
10.96 -5.21 -23.45 -1.79 -.97 -.43
10.55 -2.89 -28.55 -3.84 2.19 -.09
10.55 -2.89 -28.55 -1.79 -.97 -.43
2.62 -6.16 -22.67 -3.84 2.19 -.09
2.62 -6.16 -22.67 -4.84 6.48 .69
1.16 -3.31 -20.07 -4.84 6.48 .69
1.16 -3.31 -20.07 -4.92 8.63 1.34
-1.30 -5.58 -21.55 -4.92 8.63 1.34
-1.30 -5.58 -21.55 -5.94 11.43 1.92
-16.87 -16.65 -12.85 -5.94 11.43 1.92
-16.87 -16.65 -12.85 -7.86 13.43 1.12
-42.33 -40.76 14.87 -7.86 13.43 1.12
-42.33 -40.76 14.87 -5.37 10.57 2.41
-14.29 -26.57 28.11 -5.37 10.57 2.41
-14.29 -26.57 28.11 2.62 5.45 .67
-7.24 -14.01 26.18 2.62 5.45 .67
-7.24 -14.01 26.18 1.03 4.22 -1.16
-4.51 -8.27 20.19 1.03 4.22 -1.16
-4.51 -8.27 20.19 -1.33 1.64 -1.56
-3.49 -7.44 15.48 -1.33 1.64 -1.56
-3.49 -7.44 15.48 -2.61 .43 -1.65
-1.31 -7.97 12.63 -2.61 .43 -1.65
-1.31 -7.97 12.63 -2.38 -.34 -1.26
.37 -8.12 9.95 -2.38 -.34 -1.26
.37 -8.12 9.95 -1.20 -.53 -.84
1.93 -6.79 7.67 -1.20 -.53 -.84
1.93 -6.79 7.67 .07 -.70 -.47
2.88 -5.97 7.01 .07 -.70 -.47
2.88 -5.97 7.01 .41 -.76 .05
3.50 -6.39 6.60 .41 -.76 .05
3.50 -6.39 6.60 -.17 -.82 .31
3.99 -8.31 5.74 -.17 -.82 .31
3.99 -8.31 5.74 -.63 -.83 .36
3.73 -9.78 5.09 -.63 -.83 .36
3.73 -9.78 5.09 -.24 -.78 .33
2.76 -9.44 4.78 -.24 -.78 .33
2.76 -9.44 4.78 .44 -.72 .27
2.85 -8.57 4.23 .44 -.72 .27
2.85 -8.57 4.23 .92 -.85 .35
3.76 -8.18 3.75 .92 -.85 .35
3.76 -8.18 3.75 .85 -.98 .34
4.15 -7.48 3.27 .85 -.98 .34
4.15 -7.48 3.27 .66 -1.07 .26
