1.91 -6.00 9.49 1.21 -.72 1.50
1.91 -6.00 9.49 1.51 -.67 1.38
1.72 -4.93 9.77 1.51 -.67 1.38
1.72 -4.93 9.77 .99 -.61 1.13
1.72 -5.48 8.43 .99 -.61 1.13
1.72 -5.48 8.43 .20 -.76 .98
1.79 -5.83 7.37 .20 -.76 .98
1.79 -5.83 7.37 -.04 -.82 .79
1.81 -5.54 7.70 -.04 -.82 .79
1.81 -5.54 7.70 .14 -.83 .68
2.32 -4.98 8.29 .14 -.83 .68
2.32 -4.98 8.29 -.06 -.89 .66
2.92 -5.03 7.69 -.06 -.89 .66
2.92 -5.03 7.69 -.49 -.90 .57
2.80 -5.49 7.21 -.49 -.90 .57
2.80 -5.49 7.21 -.54 -.74 .40
11.84 -5.44 -13.33 -1.69 -1.97 1.47
11.84 -5.44 -13.33 -2.84 -1.69 1.55
9.76 -8.34 -20.26 -2.84 -1.69 1.55
9.76 -8.34 -20.26 -6.21 -.02 1.05
-.56 -11.65 -21.97 -6.21 -.02 1.05
-.56 -11.65 -21.97 -8.91 3.66 1.75
1.95 -10.46 -17.74 -8.91 3.66 1.75
1.95 -10.46 -17.74 -6.93 7.52 1.99
-1.03 -17.49 -19.30 -6.93 7.52 1.99
-1.03 -17.49 -19.30 2.52 12.79 3.01
-10.28 -35.63 -13.99 2.52 12.79 3.01
-10.28 -35.63 -13.99 .83 13.65 -2.57
-26.28 -16.88 17.92 .83 13.65 -2.57
-26.28 -16.88 17.92 -.40 12.88 -2.33
-19.41 3.28 30.16 -.40 12.88 -2.33
-19.41 3.28 30.16 1.70 5.19 -1.69
-6.94 5.05 31.42 1.70 5.19 -1.69
-6.94 5.05 31.42 -.54 1.86 -3.13
-5.14 -.69 25.07 -.54 1.86 -3.13
-5.14 -.69 25.07 -1.58 1.61 -2.59
-6.50 -1.33 20.25 -1.58 1.61 -2.59
-6.50 -1.33 20.25 .07 .24 -1.95
-3.98 -.53 15.92 1.03 -.42 -1.01
-3.98 -.53 15.92 .07 .24 -1.95
-.89 -1.77 11.92 1.03 -.42 -1.01
-.89 -1.77 11.92 1.00 -.46 .03
.49 -3.00 9.22 .51 -.39 .55
.49 -3.00 9.22 1.00 -.46 .03
1.95 -4.50 8.29 .51 -.39 .55
1.95 -4.50 8.29 -.29 -.58 .68
3.62 -5.81 8.19 -.59 -.70 .89
3.62 -5.81 8.19 -.29 -.58 .68
3.45 -7.47 7.80 .01 -.45 .88
3.45 -7.47 7.80 -.59 -.70 .89
2.26 -7.55 7.33 .48 -.46 .65
2.26 -7.55 7.33 .01 -.45 .88
2.88 -6.28 6.12 .68 -.68 .74
2.88 -6.28 6.12 .48 -.46 .65
4.28 -5.83 5.51 .68 -.68 .74
4.28 -5.83 5.51 .64 -.86 .90
4.63 -5.70 5.83 .64 -.86 .90
4.63 -5.70 5.83 .35 -.88 .59
3.73 -5.73 6.03 .35 -.88 .59
3.73 -5.73 6.03 .09 -.90 .26
3.65 -5.73 5.62 -.08 -1.07 .22
3.65 -5.73 5.62 .09 -.90 .26
4.37 -5.73 5.36 -.08 -1.07 .22
4.37 -5.73 5.36 -.16 -1.12 .23
