4.36 -7.05 3.05 .66 -1.07 .26
4.36 -7.05 3.05 .42 -1.18 .27
5.31 -7.63 3.09 .42 -1.18 .27
5.31 -7.63 3.09 .25 -1.37 .38
8.32 -5.58 -15.11 -.15 -1.32 -.33
8.32 -5.58 -15.11 -.59 -1.32 -.34
10.99 -3.97 -23.77 -.59 -1.32 -.34
10.99 -3.97 -23.77 -2.13 .25 -.18
8.25 -4.75 -22.37 -2.13 .25 -.18
8.25 -4.75 -22.37 -2.94 4.20 .35
3.90 -5.85 -20.76 -2.94 4.20 .35
3.90 -5.85 -20.76 -2.91 7.40 .56
1.22 -6.30 -22.49 -2.91 7.40 .56
1.22 -6.30 -22.49 -3.76 9.78 .73
-4.68 -8.71 -17.47 -3.76 9.78 .73
-4.68 -8.71 -17.47 -6.72 12.21 .40
-21.30 -20.26 .24 -6.72 12.21 .40
-21.30 -20.26 .24 -8.00 12.34 .02
-28.46 -35.50 10.68 -8.00 12.34 .02
-28.46 -35.50 10.68 -2.74 9.98 1.57
-10.40 -17.33 19.53 -2.74 9.98 1.57
-10.40 -17.33 19.53 1.52 5.66 -.34
-6.11 -9.42 20.48 1.52 5.66 -.34
-6.11 -9.42 20.48 -.66 4.94 -.97
-4.77 -9.31 19.37 -.66 4.94 -.97
-4.77 -9.31 19.37 -1.90 2.86 -1.35
-3.15 -8.42 16.79 -1.90 2.86 -1.35
-3.15 -8.42 16.79 -2.05 1.32 -1.13
-.83 -8.18 14.59 -2.05 1.32 -1.13
-.83 -8.18 14.59 -1.04 -.24 -.52
1.51 -8.22 10.54 -1.04 -.24 -.52
1.51 -8.22 10.54 -.02 -.89 -.22
2.44 -6.66 7.93 -.02 -.89 -.22
2.44 -6.66 7.93 .50 -1.32 .09
2.97 -6.44 6.63 .50 -1.32 .09
2.97 -6.44 6.63 .35 -1.59 .29
3.50 -7.78 5.63 .35 -1.59 .29
3.50 -7.78 5.63 -.02 -1.68 .38
3.76 -9.21 4.80 -.02 -1.68 .38
3.76 -9.21 4.80 .01 -1.61 .40
3.61 -9.76 3.90 .38 -1.49 .36
3.61 -9.76 3.90 .01 -1.61 .40
3.48 -8.75 3.39 .38 -1.49 .36
3.48 -8.75 3.39 .78 -1.36 .35
3.93 -7.68 3.43 .78 -1.36 .35
3.93 -7.68 3.43 .89 -1.35 .47
4.52 -7.44 3.32 .89 -1.35 .47
4.52 -7.44 3.32 .62 -1.35 .45
