4.57 -8.14 2.91 .62 -1.35 .45
4.57 -8.14 2.91 .44 -1.31 .33
4.34 -8.17 2.14 .44 -1.31 .33
4.34 -8.17 2.14 .50 -1.31 .25
4.80 -7.87 1.55 .50 -1.31 .25
4.80 -7.87 1.55 .67 -1.33 .33
10.33 -5.23 -20.21 -.69 -.43 -.35
10.33 -5.23 -20.21 -1.61 -.32 -.37
10.38 -1.13 -27.13 -1.61 -.32 -.37
10.38 -1.13 -27.13 -3.34 2.48 .11
3.47 -4.64 -22.77 -3.34 2.48 .11
3.47 -4.64 -22.77 -3.66 6.74 1.07
-.04 -5.65 -20.19 -3.66 6.74 1.07
-.04 -5.65 -20.19 -3.78 9.51 1.44
-4.75 -10.89 -22.75 -3.78 9.51 1.44
-4.75 -10.89 -22.75 -4.07 12.31 1.45
-23.04 -24.70 -7.74 -4.07 12.31 1.45
-23.04 -24.70 -7.74 -5.44 13.34 .29
-39.09 -38.51 21.11 -5.44 13.34 .29
-39.09 -38.51 21.11 -2.10 10.15 1.27
-12.90 -17.76 26.95 -2.10 10.15 1.27
-12.90 -17.76 26.95 3.44 5.11 -1.03
-6.42 -4.76 23.85 3.44 5.11 -1.03
-6.42 -4.76 23.85 .11 3.40 -2.00
-3.15 -3.61 17.79 .11 3.40 -2.00
-3.15 -3.61 17.79 -2.52 1.37 -1.82
-2.35 -6.35 13.79 -2.52 1.37 -1.82
-2.35 -6.35 13.79 -2.56 .36 -1.44
-.80 -7.64 10.23 -2.56 .36 -1.44
-.80 -7.64 10.23 -.82 .13 -.90
.59 -5.55 8.82 .44 -.12 -.48
.59 -5.55 8.82 -.82 .13 -.90
1.79 -4.23 8.63 .44 -.12 -.48
1.79 -4.23 8.63 .23 -.45 -.02
2.84 -5.04 7.72 -.72 -.65 .27
2.84 -5.04 7.72 .23 -.45 -.02
2.82 -7.65 6.85 -.72 -.65 .27
2.82 -7.65 6.85 -1.38 -.71 .35
2.48 -9.56 6.19 -1.38 -.71 .35
2.48 -9.56 6.19 -.89 -.66 .33
2.24 -9.82 5.74 -.89 -.66 .33
2.24 -9.82 5.74 -.05 -.62 .42
2.95 -8.60 5.31 -.05 -.62 .42
2.95 -8.60 5.31 .48 -.73 .54
3.44 -8.08 4.93 .48 -.73 .54
3.44 -8.08 4.93 .42 -.81 .52
3.25 -7.84 4.64 .42 -.81 .52
3.25 -7.84 4.64 .16 -.89 .40
