2.94 -7.97 4.41 .16 -.89 .40
2.94 -7.97 4.41 .03 -1.04 .33
3.73 -8.03 3.86 .03 -1.04 .33
3.73 -8.03 3.86 -.04 -1.32 .43
4.18 -8.45 3.28 -.04 -1.32 .43
4.18 -8.45 3.28 -.10 -1.41 .37
3.72 -8.64 2.91 -.10 -1.41 .37
3.72 -8.64 2.91 -.16 -1.34 .21
8.21 -4.91 -16.54 -.94 -.28 -.31
8.21 -4.91 -16.54 -1.81 .07 -.15
11.04 -3.86 -25.66 -1.81 .07 -.15
11.04 -3.86 -25.66 -3.31 1.60 -.03
3.72 -3.67 -24.03 -3.31 1.60 -.03
3.72 -3.67 -24.03 -3.85 6.08 .78
-1.13 -6.38 -17.52 -3.85 6.08 .78
-1.13 -6.38 -17.52 -3.55 8.85 1.39
-2.46 -5.80 -14.09 -3.55 8.85 1.39
-2.46 -5.80 -14.09 -3.62 10.84 1.74
-8.49 -11.59 -8.22 -3.62 10.84 1.74
-8.49 -11.59 -8.22 -4.91 12.49 1.25
-20.82 -22.88 -2.88 -4.91 12.49 1.25
-20.82 -22.88 -2.88 -6.09 11.95 .88
-30.38 -34.79 19.08 -6.09 11.95 .88
-30.38 -34.79 19.08 -1.50 9.69 1.89
-14.49 -18.73 28.22 -1.50 9.69 1.89
-14.49 -18.73 28.22 3.88 4.62 -.55
-6.03 -6.47 24.52 3.88 4.62 -.55
-6.03 -6.47 24.52 2.30 2.48 -1.23
-2.95 -1.71 17.59 2.30 2.48 -1.23
-2.95 -1.71 17.59 -.22 .58 -1.25
-2.30 -3.99 13.39 -2.22 -.34 -1.41
-2.30 -3.99 13.39 -.22 .58 -1.25
-1.69 -5.72 12.68 -2.22 -.34 -1.41
-1.69 -5.72 12.68 -2.44 -1.16 -.92
.19 -7.15 10.83 -2.44 -1.16 -.92
.19 -7.15 10.83 -1.37 -1.43 -.22
1.00 -7.94 8.59 -1.37 -1.43 -.22
1.00 -7.94 8.59 -.48 -1.40 -.11
1.94 -7.19 7.00 -.48 -1.40 -.11
1.94 -7.19 7.00 -.14 -1.50 .03
2.73 -7.48 6.39 -.14 -1.50 .03
2.73 -7.48 6.39 -.01 -1.49 .35
3.13 -7.75 6.79 -.01 -1.49 .35
3.13 -7.75 6.79 -.16 -1.42 .46
2.72 -8.37 7.24 -.42 -1.31 .26
2.72 -8.37 7.24 -.16 -1.42 .46
2.00 -9.08 5.42 -.42 -1.31 .26
2.00 -9.08 5.42 -.58 -1.38 .07
3.05 -9.44 4.02 -.58 -1.38 .07
3.05 -9.44 4.02 -.29 -1.55 .16
4.02 -8.95 3.84 -.29 -1.55 .16
4.02 -8.95 3.84 .01 -1.66 .15
4.11 -7.86 4.01 .01 -1.66 .15
4.11 -7.86 4.01 .25 -1.65 .07
3.88 -7.63 3.78 .25 -1.65 .07
3.88 -7.63 3.78 -.08 -1.66 -.03
4.82 -7.66 2.46 -.08 -1.66 -.03
