4.82 -7.66 2.46 -.69 -1.80 -.09
9.69 -.01 -19.26 .14 -.30 .21
9.69 -.01 -19.26 -1.63 .04 .66
10.24 -.83 -27.37 -4.11 2.13 1.41
10.24 -.83 -27.37 -1.63 .04 .66
5.29 -8.03 -25.90 -4.11 2.13 1.41
5.29 -8.03 -25.90 -5.02 5.54 2.00
.12 -10.85 -23.56 -5.02 5.54 2.00
.12 -10.85 -23.56 -4.41 8.61 2.04
-7.19 -16.43 -18.63 -4.41 8.61 2.04
-7.19 -16.43 -18.63 -2.95 11.29 2.00
-16.46 -21.62 -11.22 -2.95 11.29 2.00
-16.46 -21.62 -11.22 -4.42 12.32 1.07
-27.85 -27.28 4.89 -4.42 12.32 1.07
-27.85 -27.28 4.89 -4.64 11.80 1.07
-25.30 -29.64 17.79 -4.64 11.80 1.07
-25.30 -29.64 17.79 -1.19 8.65 .53
-14.05 -19.40 23.18 -1.19 8.65 .53
-14.05 -19.40 23.18 1.75 5.63 -1.26
-10.00 -8.22 19.99 1.75 5.63 -1.26
-10.00 -8.22 19.99 1.38 3.73 -1.59
-7.53 -1.30 17.16 1.38 3.73 -1.59
-7.53 -1.30 17.16 -.32 1.96 -1.70
-4.26 -2.28 16.68 -.32 1.96 -1.70
-4.26 -2.28 16.68 -2.30 .77 -1.52
-2.09 -5.27 14.24 -2.30 .77 -1.52
-2.09 -5.27 14.24 -2.12 .32 -.46
