-.83 -6.73 11.25 -2.12 .32 -.46
-.83 -6.73 11.25 -.42 -.19 .09
.00 -6.51 8.39 -.42 -.19 .09
.00 -6.51 8.39 .49 -.71 .44
1.75 -6.70 7.18 .49 -.71 .44
1.75 -6.70 7.18 .33 -1.19 .81
3.01 -6.62 7.06 .33 -1.19 .81
3.01 -6.62 7.06 .14 -1.19 1.24
2.87 -8.31 7.34 .14 -1.19 1.24
2.87 -8.31 7.34 -.08 -1.13 1.24
2.26 -9.77 6.20 -.08 -1.13 1.24
2.26 -9.77 6.20 -.07 -1.00 .89
2.13 -10.44 4.52 -.07 -1.00 .89
2.13 -10.44 4.52 .51 -1.04 .95
2.67 -9.87 3.88 .51 -1.04 .95
2.67 -9.87 3.88 1.00 -1.12 1.00
2.51 -8.44 4.18 1.00 -1.12 1.00
2.51 -8.44 4.18 1.00 -1.14 .86
2.28 -7.86 4.54 1.00 -1.14 .86
2.28 -7.86 4.54 .63 -1.30 .82
3.15 -9.07 3.89 .63 -1.30 .82
3.15 -9.07 3.89 .01 -1.60 .74
3.62 -9.73 2.77 .01 -1.60 .74
3.62 -9.73 2.77 -.28 -1.66 .49
8.17 -5.28 -13.19 -.42 -1.29 -.32
8.17 -5.28 -13.19 -.85 -1.19 -.25
10.66 -5.10 -23.22 -.85 -1.19 -.25
10.66 -5.10 -23.22 -1.84 -.51 -.31
8.42 -3.28 -27.53 -1.84 -.51 -.31
8.42 -3.28 -27.53 -3.05 2.62 .12
2.36 -5.79 -24.25 -3.05 2.62 .12
2.36 -5.79 -24.25 -3.72 6.32 1.02
2.53 -4.03 -21.14 -3.72 6.32 1.02
2.53 -4.03 -21.14 -4.18 10.60 1.89
-5.63 -12.88 -23.96 -4.18 10.60 1.89
-5.63 -12.88 -23.96 -5.50 13.87 1.55
-31.75 -28.09 -3.63 -5.50 13.87 1.55
-31.75 -28.09 -3.63 -6.79 15.15 .98
-42.65 -39.30 21.55 -6.79 15.15 .98
-42.65 -39.30 21.55 .06 10.76 3.09
-13.02 -16.69 27.82 .06 10.76 3.09
-13.02 -16.69 27.82 3.90 5.23 -2.05
-7.42 -4.48 22.91 1.00 3.29 -1.69
-7.42 -4.48 22.91 3.90 5.23 -2.05
-6.42 -2.88 19.58 1.00 3.29 -1.69
-6.42 -2.88 19.58 -1.38 1.29 -1.87
-4.44 -4.71 16.49 -1.38 1.29 -1.87
-4.44 -4.71 16.49 -2.41 -.01 -1.73
-1.92 -6.00 14.18 -2.41 -.01 -1.73
-1.92 -6.00 14.18 -1.80 -.85 -.91
-.06 -6.64 10.87 -1.80 -.85 -.91
1.60 -6.16 7.91 -.66 -1.15 -.50
-.06 -6.64 10.87 -.66 -1.15 -.50
1.60 -6.16 7.91 .22 -1.47 -.04
3.03 -6.19 6.30 .22 -1.47 -.04
3.03 -6.19 6.30 .45 -1.66 .42
4.00 -6.97 5.36 .45 -1.66 .42
4.00 -6.97 5.36 .15 -1.62 .71
4.06 -8.98 5.71 .15 -1.62 .71
4.06 -8.98 5.71 .00 -1.55 .74
3.10 -10.22 5.60 .00 -1.55 .74
3.10 -10.22 5.60 .21 -1.46 .46
2.20 -9.58 4.37 .21 -1.46 .46
2.20 -9.58 4.37 .75 -1.48 .33
3.50 -8.65 3.07 .75 -1.48 .33
3.50 -8.65 3.07 1.09 -1.81 .57
5.21 -7.61 2.84 1.09 -1.81 .57
5.21 -7.61 2.84 .92 -2.02 .64
5.20 -7.02 3.38 .92 -2.02 .64
5.20 -7.02 3.38 .63 -2.04 .39
