4.39 -7.73 4.01 .63 -2.04 .39
4.39 -7.73 4.01 .14 -2.09 .12
4.67 -8.09 3.31 .14 -2.09 .12
4.67 -8.09 3.31 -.03 -2.29 .07
9.91 -5.12 -17.77 -.42 -.51 -.33
9.91 -5.12 -17.77 -1.09 -.39 -.28
11.48 -1.71 -25.37 -1.09 -.39 -.28
11.48 -1.71 -25.37 -3.75 1.38 -.22
7.17 -2.51 -28.70 -3.75 1.38 -.22
7.17 -2.51 -28.70 -4.94 4.73 .63
3.71 -5.91 -25.16 -4.94 4.73 .63
3.71 -5.91 -25.16 -3.98 7.89 1.41
-1.18 -11.12 -25.04 -3.98 7.89 1.41
-1.18 -11.12 -25.04 -2.98 11.23 1.61
-11.64 -16.59 -21.80 -2.98 11.23 1.61
-11.64 -16.59 -21.80 -4.95 14.45 .72
-36.69 -23.90 -7.17 -4.95 14.45 .72
-36.69 -23.90 -7.17 -7.02 14.84 1.05
-36.43 -37.05 18.53 -7.02 14.84 1.05
-36.43 -37.05 18.53 -2.09 10.29 1.13
-17.17 -23.07 23.57 -2.09 10.29 1.13
-17.17 -23.07 23.57 2.81 7.13 -1.35
-14.39 -7.86 23.25 2.81 7.13 -1.35
-14.39 -7.86 23.25 2.17 4.76 -2.01
-11.93 .29 21.21 2.17 4.76 -2.01
-11.93 .29 21.21 -.53 1.80 -2.24
-6.30 -2.14 17.65 -.53 1.80 -2.24
-6.30 -2.14 17.65 -3.25 -.21 -2.21
-2.38 -5.76 14.32 -3.25 -.21 -2.21
-2.38 -5.76 14.32 -3.44 -.87 -1.46
.24 -7.21 11.23 -3.44 -.87 -1.46
.24 -7.21 11.23 -2.09 -1.21 -.71
1.66 -6.43 8.82 -.64 -1.39 -.10
1.66 -6.43 8.82 -2.09 -1.21 -.71
2.40 -6.01 7.22 -.64 -1.39 -.10
2.40 -6.01 7.22 -.23 -1.47 .36
2.57 -6.80 5.93 -.23 -1.47 .36
2.57 -6.80 5.93 -.33 -1.37 .64
1.97 -8.58 5.37 -.33 -1.37 .64
1.97 -8.58 5.37 -.52 -1.30 .74
1.80 -10.25 5.43 -.39 -1.27 .66
1.80 -10.25 5.43 -.52 -1.30 .74
1.89 -10.56 5.11 -.39 -1.27 .66
1.89 -10.56 5.11 .10 -1.23 .67
2.09 -9.43 4.41 .10 -1.23 .67
2.09 -9.43 4.41 .59 -1.21 .65
2.39 -8.03 4.12 .59 -1.21 .65
2.39 -8.03 4.12 .61 -1.31 .64
3.12 -7.79 4.17 .61 -1.31 .64
3.12 -7.79 4.17 .34 -1.49 .63
3.90 -8.14 4.05 .34 -1.49 .63
