3.90 -8.14 4.05 -.05 -1.61 .56
4.02 -8.87 3.79 -.05 -1.61 .56
4.02 -8.87 3.79 -.13 -1.66 .41
8.96 -5.13 -14.13 -1.19 -1.69 -.52
8.96 -5.13 -14.13 -1.33 -1.88 -.43
11.12 -3.93 -22.23 -1.33 -1.88 -.43
11.12 -3.93 -22.23 -1.60 -1.06 -.43
9.71 -.83 -25.05 -1.60 -1.06 -.43
9.71 -.83 -25.05 -2.61 2.10 -.02
5.90 -1.92 -23.15 -2.88 5.47 1.10
5.90 -1.92 -23.15 -2.61 2.10 -.02
2.93 -2.98 -21.06 -2.88 5.47 1.10
2.93 -2.98 -21.06 -4.26 8.38 1.57
-2.12 -7.40 -24.58 -5.91 11.36 1.42
-2.12 -7.40 -24.58 -4.26 8.38 1.57
-17.40 -19.21 -14.85 -6.75 14.10 1.41
-17.40 -19.21 -14.85 -5.91 11.36 1.42
-38.72 -37.77 4.72 -3.68 12.83 2.63
-38.72 -37.77 4.72 -6.75 14.10 1.41
-23.14 -28.33 24.42 -3.68 12.83 2.63
-23.14 -28.33 24.42 3.23 7.67 .43
-10.46 -11.50 23.24 2.62 4.72 -1.71
-10.46 -11.50 23.24 3.23 7.67 .43
-7.84 -2.26 18.61 2.62 4.72 -1.71
-7.84 -2.26 18.61 -.25 2.53 -1.74
-5.54 -3.61 16.18 -.25 2.53 -1.74
-5.54 -3.61 16.18 -2.56 .69 -2.04
-3.05 -6.76 16.38 -2.56 .69 -2.04
-3.05 -6.76 16.38 -2.94 -.13 -1.81
-.81 -7.64 13.59 -2.94 -.13 -1.81
-.81 -7.64 13.59 -1.53 -.56 -1.08
.97 -5.42 10.45 -1.53 -.56 -1.08
.97 -5.42 10.45 -.18 -.96 -.60
3.04 -3.75 8.18 -.18 -.96 -.60
3.04 -3.75 8.18 -.01 -1.43 .13
4.75 -5.39 6.56 -.01 -1.43 .13
4.75 -5.39 6.56 -.42 -1.33 .47
4.56 -7.67 6.42 -.42 -1.33 .47
4.56 -7.67 6.42 -.62 -1.23 .60
4.14 -9.31 6.16 -.62 -1.23 .60
4.14 -9.31 6.16 -.16 -1.14 .70
3.57 -9.54 5.29 -.16 -1.14 .70
3.57 -9.54 5.29 .34 -1.07 .63
3.20 -8.28 4.17 .34 -1.07 .63
3.20 -8.28 4.17 .71 -1.06 .61
3.79 -7.12 3.57 .71 -1.06 .61
3.79 -7.12 3.57 .59 -1.26 .69
5.13 -7.80 3.49 .59 -1.26 .69
5.13 -7.80 3.49 .10 -1.42 .67
5.26 -7.96 3.40 .10 -1.42 .67
5.26 -7.96 3.40 -.46 -1.39 .36
4.24 -8.04 3.01 -.46 -1.39 .36
