4.24 -8.04 3.01 -.53 -1.32 .13
10.23 -3.67 -16.06 -1.01 -.95 -.51
10.23 -3.67 -16.06 -2.07 -.74 -.38
10.57 -4.29 -21.62 -2.07 -.74 -.38
10.57 -4.29 -21.62 -3.32 2.17 .18
5.81 -4.63 -26.11 -3.32 2.17 .18
5.81 -4.63 -26.11 -3.72 5.46 1.09
2.78 -4.08 -21.05 -3.72 5.46 1.09
2.78 -4.08 -21.05 -4.68 8.67 1.72
-2.04 -8.73 -25.46 -4.68 8.67 1.72
-2.04 -8.73 -25.46 -4.81 11.82 1.97
-14.19 -23.35 -13.86 -4.81 11.82 1.97
-14.19 -23.35 -13.86 -3.80 14.68 1.58
-36.06 -38.52 6.27 -3.80 14.68 1.58
-36.06 -38.52 6.27 -3.18 14.67 1.04
-28.98 -24.75 21.20 -3.18 14.67 1.04
-28.98 -24.75 21.20 4.53 7.75 .02
-12.82 -4.11 22.96 4.53 7.75 .02
-12.82 -4.11 22.96 2.86 3.73 -2.35
-9.62 .15 22.30 2.86 3.73 -2.35
-9.62 .15 22.30 .12 1.36 -1.90
-5.80 -1.81 19.67 .12 1.36 -1.90
-5.80 -1.81 19.67 -2.50 -.41 -2.46
-1.46 -3.67 15.15 -2.50 -.41 -2.46
-1.46 -3.67 15.15 -2.84 -1.28 -1.57
.83 -4.55 10.74 -2.84 -1.28 -1.57
.83 -4.55 10.74 -1.89 -1.52 -.80
1.78 -4.86 8.00 -1.89 -1.52 -.80
1.78 -4.86 8.00 -.89 -1.59 -.44
3.36 -5.16 6.15 -.89 -1.59 -.44
3.36 -5.16 6.15 -.40 -1.85 .08
4.92 -6.80 5.46 -.40 -1.85 .08
4.92 -6.80 5.46 -.31 -1.75 .54
4.55 -7.96 5.34 -.31 -1.75 .54
4.55 -7.96 5.34 -.33 -1.39 .59
3.29 -8.22 5.30 -.33 -1.39 .59
3.29 -8.22 5.30 -.03 -1.18 .55
3.26 -8.96 4.89 -.03 -1.18 .55
3.26 -8.96 4.89 .06 -1.26 .68
4.63 -9.27 3.80 .06 -1.26 .68
4.63 -9.27 3.80 .02 -1.31 .66
4.71 -8.98 3.31 .02 -1.31 .66
4.71 -8.98 3.31 .13 -1.18 .50
3.91 -7.87 3.31 .13 -1.18 .50
