3.91 -7.87 3.31 .31 -1.20 .36
4.00 -7.41 3.47 .31 -1.20 .36
4.00 -7.41 3.47 .24 -1.42 .41
4.88 -7.22 2.99 .24 -1.42 .41
4.88 -7.22 2.99 -.26 -1.66 .34
5.30 -7.63 1.93 -.26 -1.66 .34
5.30 -7.63 1.93 -.52 -1.64 .18
11.03 -4.58 -17.58 -1.16 -.62 -.45
11.03 -4.58 -17.58 -2.10 -.46 -.54
11.28 -2.84 -28.25 -2.10 -.46 -.54
11.28 -2.84 -28.25 -2.78 1.86 -.15
5.04 -4.32 -23.59 -2.78 1.86 -.15
5.04 -4.32 -23.59 -2.28 6.55 1.03
.61 -3.21 -15.53 -2.28 6.55 1.03
.61 -3.21 -15.53 -3.58 9.53 1.36
-1.71 -1.16 -41.80 -3.58 9.53 1.36
-1.71 -1.16 -41.80 -5.09 13.18 2.16
-21.85 -28.52 -29.58 -5.09 13.18 2.16
-21.85 -28.52 -29.58 -5.60 18.35 1.16
-62.97 -55.77 10.43 -5.60 18.35 1.16
-62.97 -55.77 10.43 .28 15.52 2.49
-21.06 1.03 33.01 .28 15.52 2.49
-21.06 1.03 33.01 7.62 6.83 -1.37
-15.05 1.15 30.36 7.62 6.83 -1.37
-15.05 1.15 30.36 -1.21 4.13 -2.81
-13.59 -5.42 21.79 -1.21 4.13 -2.81
-13.59 -5.42 21.79 -3.34 .97 -2.40
-7.84 -3.82 17.62 -3.34 .97 -2.40
-7.84 -3.82 17.62 -2.76 -1.70 -1.63
-2.13 -4.05 13.06 -2.76 -1.70 -1.63
-2.13 -4.05 13.06 -2.56 -2.67 -.88
1.35 -5.05 8.33 -2.56 -2.67 -.88
1.35 -5.05 8.33 -2.01 -2.57 -.20
3.28 -6.72 5.03 -2.01 -2.57 -.20
3.28 -6.72 5.03 -1.39 -2.17 .15
4.07 -9.60 3.13 -1.39 -2.17 .15
4.07 -9.60 3.13 -.82 -1.78 .47
