4.05 -12.18 3.26 -.82 -1.78 .47
4.05 -12.18 3.26 -.09 -1.36 .50
3.17 -12.07 4.16 -.09 -1.36 .50
3.17 -12.07 4.16 .55 -1.09 .49
2.19 -10.90 4.36 .55 -1.09 .49
2.19 -10.90 4.36 .69 -.98 .35
2.27 -9.81 3.81 .69 -.98 .35
2.27 -9.81 3.81 .09 -1.01 .06
3.36 -8.56 2.89 .09 -1.01 .06
3.36 -8.56 2.89 -.01 -1.02 .07
3.80 -8.37 2.96 -.01 -1.02 .07
3.80 -8.37 2.96 .01 -1.07 -.05
3.45 -8.26 3.28 .01 -1.07 -.05
3.45 -8.26 3.28 .15 -1.02 -.15
2.85 -8.11 3.37 .15 -1.02 -.15
2.85 -8.11 3.37 .27 -1.09 -.13
3.86 -7.37 2.79 .27 -1.09 -.13
3.86 -7.37 2.79 .15 -1.36 .03
5.18 -7.49 2.11 .15 -1.36 .03
5.18 -7.49 2.11 -.02 -1.49 .10
9.08 -1.13 -20.35 -2.63 -.50 .21
9.08 -1.13 -20.35 -4.23 -.13 .64
9.92 -2.10 -27.09 -4.23 -.13 .64
9.92 -2.10 -27.09 -4.40 3.68 1.76
.79 -6.77 -24.53 -2.41 7.71 2.69
.79 -6.77 -24.53 -4.40 3.68 1.76
-6.24 -12.55 -17.72 -2.41 7.71 2.69
-6.24 -12.55 -17.72 -1.14 10.53 2.60
-13.06 -20.10 -14.15 -1.14 10.53 2.60
-13.06 -20.10 -14.15 -2.17 11.87 1.74
-21.63 -22.47 -7.00 -2.17 11.87 1.74
-21.63 -22.47 -7.00 -4.50 12.43 .83
-28.89 -28.69 12.80 -4.50 12.43 .83
-28.89 -28.69 12.80 -3.47 10.22 .35
-18.01 -23.53 22.91 1.26 6.54 -.73
-18.01 -23.53 22.91 -3.47 10.22 .35
-10.67 -9.36 23.90 1.26 6.54 -.73
-10.67 -9.36 23.90 2.80 4.34 -2.01
-7.03 -.56 21.57 1.44 2.62 -2.04
-7.03 -.56 21.57 2.80 4.34 -2.01
-5.08 .76 19.94 1.44 2.62 -2.04
-5.08 .76 19.94 -.99 1.53 -1.96
-5.35 -1.34 16.94 -.99 1.53 -1.96
-5.35 -1.34 16.94 -2.30 .84 -1.48
-3.57 -4.19 14.40 -1.98 .11 -1.00
-3.57 -4.19 14.40 -2.30 .84 -1.48
-.75 -6.02 11.19 -1.98 .11 -1.00
-.75 -6.02 11.19 -1.19 -.35 -.37
1.59 -6.58 8.78 -.35 -.58 .27
1.59 -6.58 8.78 -1.19 -.35 -.37
2.39 -6.94 8.26 .21 -.53 .75
2.39 -6.94 8.26 -.35 -.58 .27
2.65 -6.67 8.46 .22 -.53 .97
2.65 -6.67 8.46 .21 -.53 .75
