5.02 -5.60 5.32 -.16 -1.12 .23
5.02 -5.60 5.32 -.03 -1.07 .21
11.20 -5.57 -19.41 -1.61 -.13 .12
11.20 -5.57 -19.41 -2.62 1.05 -.08
-1.39 -9.50 -20.38 -2.62 1.05 -.08
-1.39 -9.50 -20.38 -3.35 4.03 .05
.44 -11.65 -19.65 -3.35 4.03 .05
.44 -11.65 -19.65 -3.35 7.54 .59
-3.52 -10.08 -17.96 -3.35 7.54 .59
-3.52 -10.08 -17.96 -2.71 10.42 .30
-7.50 -12.54 -10.64 -2.71 10.42 .30
-7.50 -12.54 -10.64 -3.05 11.59 .21
-10.39 -12.17 7.05 -3.05 11.59 .21
-10.39 -12.17 7.05 -6.12 11.24 -.85
-15.12 -16.18 11.97 -6.12 11.24 -.85
-15.12 -16.18 11.97 -4.33 10.06 -1.06
-14.56 -16.17 19.41 -4.33 10.06 -1.06
-14.56 -16.17 19.41 -1.76 6.92 -.92
-5.41 -10.02 32.73 -1.76 6.92 -.92
-5.41 -10.02 32.73 .71 3.32 -.25
-7.94 -2.99 37.13 .71 3.32 -.25
-7.94 -2.99 37.13 1.11 2.99 -.03
-10.10 -6.29 29.71 1.11 2.99 -.03
-10.10 -6.29 29.71 -.04 1.22 -.12
-4.84 -7.72 17.70 -.04 1.22 -.12
-4.84 -7.72 17.70 .25 -.98 -.09
2.29 -6.88 10.71 .25 -.98 -.09
2.29 -6.88 10.71 .88 -2.44 .63
5.72 -5.66 7.80 .88 -2.44 .63
5.72 -5.66 7.80 1.21 -2.54 .98
5.23 -5.09 8.21 .73 -2.51 .47
5.23 -5.09 8.21 1.21 -2.54 .98
2.46 -5.52 6.75 .73 -2.51 .47
2.46 -5.52 6.75 -.18 -2.14 .16
2.18 -7.32 3.93 -.18 -2.14 .16
2.18 -7.32 3.93 .06 -1.87 .11
3.89 -8.26 2.77 .06 -1.87 .11
3.89 -8.26 2.77 .82 -1.76 .31
4.84 -7.03 3.35 .82 -1.76 .31
4.84 -7.03 3.35 1.38 -1.24 .22
4.49 -5.10 5.16 1.38 -1.24 .22
4.49 -5.10 5.16 1.05 -1.06 .17
4.72 -4.94 5.44 .47 -.95 .10
4.72 -4.94 5.44 1.05 -1.06 .17
5.26 -5.29 5.04 .47 -.95 .10
5.26 -5.29 5.04 .04 -.88 .10
5.50 -5.74 4.92 .04 -.88 .10
5.50 -5.74 4.92 -.03 -.78 .08
5.56 -5.71 4.74 -.03 -.78 .08
5.56 -5.71 4.74 .15 -.73 .08
