3.06 -7.54 7.96 -.09 -.65 .96
3.06 -7.54 7.96 .22 -.53 .97
2.83 -9.11 6.91 -.09 -.65 .96
2.83 -9.11 6.91 -.25 -.70 .71
1.89 -8.58 6.21 -.25 -.70 .71
1.89 -8.58 6.21 -.15 -.74 .53
2.86 -7.89 5.81 -.15 -.74 .53
2.86 -7.89 5.81 .14 -1.12 .75
4.64 -7.54 5.35 .06 -1.39 .83
4.64 -7.54 5.35 .14 -1.12 .75
4.86 -8.27 5.40 .01 -1.44 .46
4.86 -8.27 5.40 .06 -1.39 .83
3.91 -7.76 5.00 .00 -1.53 .18
3.91 -7.76 5.00 .01 -1.44 .46
4.63 -8.23 4.23 .00 -1.53 .18
4.63 -8.23 4.23 .02 -1.83 .29
10.55 -5.83 -19.23 -.51 -.38 -.26
10.55 -5.83 -19.23 -1.22 .05 -.27
10.05 -4.48 -25.77 -1.22 .05 -.27
10.05 -4.48 -25.77 -3.09 2.33 -.11
4.32 -6.38 -23.78 -3.09 2.33 -.11
4.32 -6.38 -23.78 -4.02 6.25 .46
.86 -8.06 -20.49 -4.02 6.25 .46
.86 -8.06 -20.49 -4.13 9.09 .72
-2.74 -13.25 -22.49 -4.13 9.09 .72
-2.74 -13.25 -22.49 -4.40 11.72 .59
-13.89 -18.04 -12.57 -4.40 11.72 .59
-13.89 -18.04 -12.57 -6.56 13.60 -.23
-32.01 -31.37 5.88 -6.56 13.60 -.23
-32.01 -31.37 5.88 -5.27 12.57 .58
-25.70 -26.13 24.48 -5.27 12.57 .58
-25.70 -26.13 24.48 .88 8.10 -.01
-11.91 -10.74 24.67 .88 8.10 -.01
-11.91 -10.74 24.67 1.97 5.04 -2.08
-8.63 -2.01 21.87 1.97 5.04 -2.08
-8.63 -2.01 21.87 -.12 2.96 -1.90
-6.40 -2.19 20.54 -.12 2.96 -1.90
-6.40 -2.19 20.54 -2.31 .93 -2.05
-3.94 -4.60 17.88 -2.31 .93 -2.05
-3.94 -4.60 17.88 -3.01 -.04 -1.58
-1.28 -6.21 13.71 -3.01 -.04 -1.58
-1.28 -6.21 13.71 -1.98 -.78 -.72
1.67 -6.07 9.99 -1.98 -.78 -.72
1.67 -6.07 9.99 -.93 -1.17 -.17
3.55 -6.71 7.86 -.93 -1.17 -.17
3.55 -6.71 7.86 -.21 -1.26 .31
4.04 -7.52 6.78 .01 -1.12 .53
4.04 -7.52 6.78 -.21 -1.26 .31
3.29 -8.59 6.44 .01 -1.12 .53
3.29 -8.59 6.44 .22 -.96 .62
3.21 -9.29 5.62 .46 -.93 .66
3.21 -9.29 5.62 .22 -.96 .62
3.22 -9.67 4.85 .46 -.93 .66
3.22 -9.67 4.85 .65 -.87 .59
2.77 -9.17 4.46 .65 -.87 .59
2.77 -9.17 4.46 .84 -.78 .41
2.55 -8.11 4.35 .84 -.78 .41
2.55 -8.11 4.35 .94 -.83 .39
3.37 -8.11 4.42 .94 -.83 .39
3.37 -8.11 4.42 .87 -1.02 .47
3.97 -7.69 4.66 .87 -1.02 .47
3.97 -7.69 4.66 .68 -1.14 .37
3.74 -7.25 4.78 .68 -1.14 .37
