3.74 -7.25 4.78 .66 -1.22 .23
4.01 -6.96 3.94 .66 -1.22 .23
4.01 -6.96 3.94 .60 -1.45 .28
9.35 -7.40 -16.68 -1.55 -.36 -.01
9.35 -7.40 -16.68 -3.28 .40 .03
8.29 -7.52 -23.61 -3.28 .40 .03
8.29 -7.52 -23.61 -5.13 2.38 .15
5.60 -7.88 -27.22 -5.13 2.38 .15
5.60 -7.88 -27.22 -5.97 5.38 .52
1.08 -12.58 -25.62 -5.97 5.38 .52
1.08 -12.58 -25.62 -4.88 9.29 .67
-8.46 -19.39 -21.27 -4.88 9.29 .67
-8.46 -19.39 -21.27 -3.36 12.58 .63
-20.12 -22.04 -13.29 -3.36 12.58 .63
-20.12 -22.04 -13.29 -3.63 14.25 -.06
-34.13 -24.92 8.10 -3.63 14.25 -.06
-34.13 -24.92 8.10 -4.22 13.88 .17
-29.25 -27.48 23.88 -4.22 13.88 .17
-29.25 -27.48 23.88 -1.03 9.20 -1.34
-17.13 -12.90 24.73 -1.03 9.20 -1.34
-17.13 -12.90 24.73 .91 3.73 -2.48
-13.10 -2.21 24.74 .91 3.73 -2.48
-13.10 -2.21 24.74 -.40 1.28 -2.40
-6.34 -1.60 20.48 -.40 1.28 -2.40
-6.34 -1.60 20.48 -2.16 -.34 -2.39
-2.58 -3.15 16.33 -2.16 -.34 -2.39
-2.58 -3.15 16.33 -2.60 -.96 -1.49
.38 -4.47 12.58 -2.60 -.96 -1.49
.38 -4.47 12.58 -2.02 -1.23 -.68
1.77 -5.83 9.07 -2.02 -1.23 -.68
1.77 -5.83 9.07 -1.05 -1.25 -.10
2.32 -7.09 7.30 -1.05 -1.25 -.10
2.32 -7.09 7.30 -.37 -1.26 .36
3.31 -8.21 7.02 -.37 -1.26 .36
3.31 -8.21 7.02 .05 -1.23 .72
4.09 -8.42 6.77 .05 -1.23 .72
4.09 -8.42 6.77 .19 -1.04 .89
3.50 -9.53 6.36 .19 -1.04 .89
3.50 -9.53 6.36 .20 -.72 .66
2.21 -10.15 5.50 .20 -.72 .66
2.21 -10.15 5.50 .30 -.54 .37
1.92 -9.75 5.00 .30 -.54 .37
1.92 -9.75 5.00 .72 -.72 .42
3.18 -8.16 4.66 .72 -.72 .42
3.18 -8.16 4.66 .86 -1.08 .51
3.62 -7.50 4.62 .86 -1.08 .51
3.62 -7.50 4.62 .84 -1.19 .40
2.64 -6.72 4.86 .84 -1.19 .40
2.64 -6.72 4.86 .44 -1.34 .15
2.57 -6.95 4.12 .44 -1.34 .15
