2.57 -6.95 4.12 .03 -1.61 .14
3.84 -7.77 3.31 .03 -1.61 .14
3.84 -7.77 3.31 -.37 -1.89 .28
11.16 -3.57 -19.26 -.82 -.23 .02
11.16 -3.57 -19.26 -2.23 .46 .37
10.99 -5.52 -24.88 -4.45 3.15 .88
10.99 -5.52 -24.88 -2.23 .46 .37
6.99 -5.37 -22.84 -4.61 6.73 1.61
6.99 -5.37 -22.84 -4.45 3.15 .88
3.08 -7.39 -28.63 -4.61 6.73 1.61
3.08 -7.39 -28.63 -1.95 10.20 1.73
-3.20 -14.45 -25.62 -1.95 10.20 1.73
-3.20 -14.45 -25.62 -2.41 13.47 .75
-24.19 -18.93 -7.76 -2.41 13.47 .75
-24.19 -18.93 -7.76 -7.08 15.65 -.39
-43.72 -32.01 4.53 -7.08 15.65 -.39
-43.72 -32.01 4.53 -3.66 12.64 2.59
-20.87 -20.88 17.95 -3.66 12.64 2.59
-20.87 -20.88 17.95 1.18 6.81 -1.51
-14.22 -11.34 21.52 1.08 4.92 -1.73
-14.22 -11.34 21.52 1.18 6.81 -1.51
-12.74 -3.86 22.25 1.08 4.92 -1.73
-12.74 -3.86 22.25 .26 3.01 -1.98
-7.62 -1.62 20.55 .26 3.01 -1.98
-7.62 -1.62 20.55 -1.53 1.07 -2.11
-4.29 -4.77 17.03 -1.53 1.07 -2.11
-4.29 -4.77 17.03 -2.53 .48 -1.83
-3.44 -6.37 14.49 -2.53 .48 -1.83
-3.44 -6.37 14.49 -1.87 -.19 -1.34
-1.75 -5.15 11.82 -.87 -1.14 -.72
-1.75 -5.15 11.82 -1.87 -.19 -1.34
1.29 -4.79 9.28 -.87 -1.14 -.72
1.29 -4.79 9.28 -.43 -1.87 -.19
3.36 -6.62 8.27 -.43 -1.87 -.19
3.36 -6.62 8.27 -.42 -1.99 .28
3.15 -8.24 8.20 -.42 -1.99 .28
3.15 -8.24 8.20 -.40 -1.74 .43
2.89 -9.00 7.07 -.40 -1.74 .43
2.89 -9.00 7.07 -.06 -1.62 .60
2.91 -10.18 5.85 -.06 -1.62 .60
2.91 -10.18 5.85 .14 -1.62 .71
2.36 -10.17 5.50 .14 -1.62 .71
2.36 -10.17 5.50 .18 -1.48 .45
1.32 -9.01 6.26 .18 -1.48 .45
1.32 -9.01 6.26 .36 -1.49 .39
1.90 -8.51 6.55 .36 -1.49 .39
1.90 -8.51 6.55 .37 -1.75 .53
3.37 -8.72 5.14 .37 -1.75 .53
3.37 -8.72 5.14 .24 -1.96 .45
3.44 -8.57 3.65 .24 -1.96 .45
