3.44 -8.57 3.65 .35 -2.02 .20
2.84 -7.92 3.40 .35 -2.02 .20
2.84 -7.92 3.40 .42 -2.09 .05
8.25 -4.54 -14.71 -.52 -1.24 -.16
8.25 -4.54 -14.71 -1.21 -.86 -.08
10.25 -3.85 -23.23 -1.21 -.86 -.08
10.25 -3.85 -23.23 -2.49 .10 .05
7.88 -4.98 -26.83 -2.49 .10 .05
7.88 -4.98 -26.83 -3.37 2.72 .51
6.14 -7.25 -27.01 -3.37 2.72 .51
6.14 -7.25 -27.01 -3.91 5.64 1.07
3.48 -8.69 -23.50 -3.91 5.64 1.07
3.48 -8.69 -23.50 -5.50 8.81 1.18
-3.74 -11.48 -21.67 -5.50 8.81 1.18
-3.74 -11.48 -21.67 -7.21 11.74 1.21
-22.51 -24.64 -4.31 -7.21 11.74 1.21
-22.51 -24.64 -4.31 -6.10 12.14 1.43
-30.64 -32.16 7.83 -6.10 12.14 1.43
-30.64 -32.16 7.83 -4.00 10.83 2.13
-17.99 -25.49 19.67 -4.00 10.83 2.13
-17.99 -25.49 19.67 -1.32 7.18 .08
-12.15 -17.98 21.38 -1.32 7.18 .08
-12.15 -17.98 21.38 -.33 5.16 -1.02
-9.11 -11.98 20.19 -.33 5.16 -1.02
-9.11 -11.98 20.19 .58 3.52 -1.74
-6.49 -7.57 19.52 .58 3.52 -1.74
-6.49 -7.57 19.52 1.34 2.23 -1.73
-4.53 -4.39 17.29 1.34 2.23 -1.73
-4.53 -4.39 17.29 1.36 1.14 -1.51
-3.76 -1.30 14.02 1.36 1.14 -1.51
-3.76 -1.30 14.02 .31 .17 -1.03
-1.46 -2.15 9.77 .31 .17 -1.03
-1.46 -2.15 9.77 -1.02 -.85 -.66
2.47 -3.89 7.77 -1.02 -.85 -.66
2.47 -3.89 7.77 -2.08 -1.52 -.07
4.37 -6.20 6.67 -2.08 -1.52 -.07
4.37 -6.20 6.67 -1.64 -1.42 .78
4.05 -8.18 6.88 -1.64 -1.42 .78
4.05 -8.18 6.88 -.28 -1.14 .86
