3.79 -8.52 5.22 -.28 -1.14 .86
3.79 -8.52 5.22 .22 -1.15 1.02
3.65 -9.22 4.23 .22 -1.15 1.02
3.65 -9.22 4.23 .49 -1.11 1.04
2.29 -9.01 4.07 .49 -1.11 1.04
2.29 -9.01 4.07 .64 -.99 .83
2.54 -9.04 4.97 .64 -.99 .83
2.54 -9.04 4.97 .55 -1.19 .93
5.23 -9.80 4.88 .55 -1.19 .93
5.23 -9.80 4.88 .19 -1.53 1.03
6.17 -10.20 3.66 .19 -1.53 1.03
6.17 -10.20 3.66 .00 -1.61 .61
4.51 -9.76 2.35 .00 -1.61 .61
4.51 -9.76 2.35 .14 -1.57 .02
9.24 -5.03 -12.46 -.20 -.83 .03
9.24 -5.03 -12.46 -.93 -.75 .09
11.32 -5.41 -21.20 -2.05 .31 .26
11.32 -5.41 -21.20 -.93 -.75 .09
8.59 -5.14 -26.14 -2.91 3.70 .60
8.59 -5.14 -26.14 -2.05 .31 .26
4.16 -6.17 -23.04 -2.91 3.70 .60
4.16 -6.17 -23.04 -2.95 7.38 .96
-.14 -7.50 -22.49 -2.95 7.38 .96
-.14 -7.50 -22.49 -4.78 10.46 .80
-6.86 -7.70 -19.91 -4.78 10.46 .80
-6.86 -7.70 -19.91 -7.72 13.15 1.04
-27.05 -21.66 -4.54 -8.78 13.76 1.62
-27.05 -21.66 -4.54 -7.72 13.15 1.04
-36.58 -39.11 15.83 -8.78 13.76 1.62
-36.58 -39.11 15.83 -3.71 10.14 2.49
-13.93 -22.22 24.02 -3.71 10.14 2.49
-13.93 -22.22 24.02 2.57 4.59 -.18
-7.00 -8.33 23.49 2.57 4.59 -.18
-7.00 -8.33 23.49 .67 2.91 -.99
-6.30 -5.60 19.79 -.90 1.02 -1.01
-6.30 -5.60 19.79 .67 2.91 -.99
-4.19 -7.13 15.51 -1.68 -.54 -1.20
-4.19 -7.13 15.51 -.90 1.02 -1.01
-1.14 -7.63 11.64 -1.68 -.54 -1.20
-1.14 -7.63 11.64 -1.41 -1.38 -.63
1.71 -8.20 8.41 -.50 -1.52 .05
1.71 -8.20 8.41 -1.41 -1.38 -.63
3.59 -8.69 5.82 -.50 -1.52 .05
3.59 -8.69 5.82 -.05 -1.40 .51
5.03 -9.87 4.19 -.05 -1.40 .51
5.03 -9.87 4.19 .25 -1.13 .74
4.44 -10.90 3.87 .25 -1.13 .74
4.44 -10.90 3.87 .41 -.57 .62
1.99 -11.46 4.02 .41 -.57 .62
1.99 -11.46 4.02 .50 -.51 .38
2.11 -11.35 3.80 .50 -.51 .38
2.11 -11.35 3.80 .71 -.60 .35
2.69 -10.60 3.49 .71 -.60 .35
2.69 -10.60 3.49 .92 -.64 .25
2.51 -9.51 3.26 .96 -.62 .03
2.51 -9.51 3.26 .92 -.64 .25
1.76 -8.50 3.42 .96 -.62 .03
1.76 -8.50 3.42 .93 -.71 -.05
1.73 -7.42 3.50 .93 -.71 -.05
1.73 -7.42 3.50 .74 -.95 -.01
2.64 -7.48 3.46 .74 -.95 -.01
2.64 -7.48 3.46 .51 -1.18 .06
3.44 -8.08 3.39 .51 -1.18 .06
