3.44 -8.08 3.39 .29 -1.25 .04
10.44 -5.07 -18.93 -.88 -1.55 .02
10.44 -5.07 -18.93 -2.17 -.80 .12
9.75 -3.80 -23.92 -2.17 -.80 .12
9.75 -3.80 -23.92 -3.99 1.26 .40
5.53 -5.68 -23.28 -3.99 1.26 .40
5.53 -5.68 -23.28 -4.74 4.26 1.03
2.89 -7.06 -19.62 -4.74 4.26 1.03
2.89 -7.06 -19.62 -4.61 6.97 1.46
-.84 -8.54 -16.82 -4.61 6.97 1.46
-.84 -8.54 -16.82 -4.57 9.57 1.72
-7.72 -10.84 -10.14 -4.57 9.57 1.72
-7.72 -10.84 -10.14 -5.75 11.46 1.83
-19.85 -16.99 2.83 -5.75 11.46 1.83
-19.85 -16.99 2.83 -7.10 10.94 2.02
-25.87 -29.58 9.28 -7.10 10.94 2.02
-25.87 -29.58 9.28 -2.28 5.66 1.40
-6.83 -20.03 20.98 -2.28 5.66 1.40
-6.83 -20.03 20.98 .94 3.34 .28
-4.97 -13.43 20.02 .94 3.34 .28
-4.97 -13.43 20.02 1.03 2.58 -.62
-3.11 -9.86 16.98 1.03 2.58 -.62
-3.11 -9.86 16.98 .42 1.44 -1.04
-1.50 -7.58 14.27 .42 1.44 -1.04
-1.50 -7.58 14.27 -.29 .64 -1.07
-.22 -6.14 11.11 -.29 .64 -1.07
-.22 -6.14 11.11 -.72 .10 -.76
.77 -6.24 8.63 -.72 .10 -.76
.77 -6.24 8.63 -.66 -.34 -.45
2.41 -6.95 6.88 -.66 -.34 -.45
2.41 -6.95 6.88 -.18 -.68 -.12
3.67 -7.57 6.02 -.18 -.68 -.12
4.30 -7.68 5.99 .39 -.76 .36
3.67 -7.57 6.02 .39 -.76 .36
4.30 -7.68 5.99 .60 -.64 .61
3.72 -7.87 5.57 .60 -.64 .61
3.72 -7.87 5.57 .42 -.48 .55
3.36 -8.51 4.94 .42 -.48 .55
3.36 -8.51 4.94 .14 -.52 .46
3.75 -9.82 4.47 .14 -.52 .46
3.75 -9.82 4.47 .16 -.66 .47
3.37 -10.04 4.59 .16 -.66 .47
3.37 -10.04 4.59 .48 -.71 .31
2.51 -9.12 4.89 .48 -.71 .31
2.51 -9.12 4.89 .77 -.86 .18
3.34 -8.06 4.21 .77 -.86 .18
3.34 -8.06 4.21 .60 -1.18 .22
5.02 -7.83 3.30 .60 -1.18 .22
5.02 -7.83 3.30 .24 -1.44 .24
4.98 -8.23 2.81 .24 -1.44 .24
