4.98 -8.23 2.81 -.01 -1.44 -.04
9.28 -5.95 -16.70 -.71 -1.31 -.31
9.28 -5.95 -16.70 -1.78 -.03 -.02
7.41 -4.41 -22.69 -1.78 -.03 -.02
7.41 -4.41 -22.69 -2.86 2.70 .29
5.03 -4.73 -21.56 -2.86 2.70 .29
5.03 -4.73 -21.56 -3.59 5.63 .73
2.89 -5.87 -18.15 -4.36 8.39 1.02
2.89 -5.87 -18.15 -3.59 5.63 .73
-1.74 -8.32 -15.41 -4.36 8.39 1.02
-1.74 -8.32 -15.41 -5.90 10.80 .89
-14.38 -14.98 -.91 -7.05 11.56 .78
-14.38 -14.98 -.91 -5.90 10.80 .89
-22.72 -27.69 9.40 -4.79 9.65 1.60
-22.72 -27.69 9.40 -7.05 11.56 .78
-15.32 -25.23 20.26 -4.79 9.65 1.60
-15.32 -25.23 20.26 -.18 6.03 .73
-5.52 -17.23 21.66 -.18 6.03 .73
-5.52 -17.23 21.66 1.66 3.97 -.48
-2.04 -9.47 17.21 1.66 3.97 -.48
-2.04 -9.47 17.21 .93 2.31 -1.07
.39 -4.96 14.51 .93 2.31 -1.07
.39 -4.96 14.51 -.47 .95 -1.28
1.14 -5.15 12.89 -1.91 .29 -1.12
1.14 -5.15 12.89 -.47 .95 -1.28
.88 -6.85 11.33 -1.91 .29 -1.12
.88 -6.85 11.33 -1.97 -.05 -.81
1.36 -7.48 8.69 -.75 -.39 -.35
1.36 -7.48 8.69 -1.97 -.05 -.81
3.25 -6.87 6.30 -.75 -.39 -.35
3.25 -6.87 6.30 .43 -.66 -.02
4.58 -6.32 5.27 .43 -.66 -.02
4.58 -6.32 5.27 .77 -.71 .37
5.13 -5.84 5.33 .77 -.71 .37
5.13 -5.84 5.33 .45 -.58 .48
4.26 -7.50 5.95 .45 -.58 .48
4.26 -7.50 5.95 .00 -.35 .48
3.79 -8.56 5.58 .00 -.35 .48
3.79 -8.56 5.58 -.20 -.36 .32
3.63 -8.62 4.73 -.20 -.36 .32
3.63 -8.62 4.73 .06 -.33 .35
3.72 -8.40 4.65 .06 -.33 .35
3.72 -8.40 4.65 .45 -.37 .38
4.35 -7.51 4.27 .45 -.37 .38
4.35 -7.51 4.27 .61 -.55 .45
4.86 -6.95 3.95 .61 -.55 .45
