4.86 -6.95 3.95 .53 -.69 .43
4.44 -6.42 3.59 .53 -.69 .43
4.44 -6.42 3.59 .38 -.75 .37
4.44 -6.73 3.43 .09 -.91 .39
4.44 -6.73 3.43 .38 -.75 .37
8.06 -4.65 -10.59 -.15 -.88 -.12
8.06 -4.65 -10.59 -.55 -.63 -.09
8.99 -4.50 -15.88 -.55 -.63 -.09
8.99 -4.50 -15.88 -1.18 .22 .07
8.25 -5.63 -20.06 -1.18 .22 .07
8.25 -5.63 -20.06 -2.06 2.25 .44
6.01 -5.18 -21.78 -2.06 2.25 .44
6.01 -5.18 -21.78 -2.96 4.91 .70
3.73 -6.58 -19.03 -3.68 7.54 1.14
3.73 -6.58 -19.03 -2.96 4.91 .70
.04 -9.61 -17.91 -5.08 9.94 .77
.04 -9.61 -17.91 -3.68 7.54 1.14
-7.28 -13.29 -6.66 -5.08 9.94 .77
-7.28 -13.29 -6.66 -6.49 11.66 .59
-17.80 -21.62 5.38 -5.80 10.39 .75
-17.80 -21.62 5.38 -6.49 11.66 .59
-20.70 -27.37 15.04 -5.80 10.39 .75
-20.70 -27.37 15.04 -1.87 8.53 .89
-9.30 -17.39 18.63 1.08 4.77 -.72
-9.30 -17.39 18.63 -1.87 8.53 .89
-4.05 -8.91 18.77 -.09 3.09 -1.12
-4.05 -8.91 18.77 1.08 4.77 -.72
-1.76 -5.69 16.79 -.09 3.09 -1.12
-1.76 -5.69 16.79 -1.49 1.69 -1.30
-.08 -6.74 13.43 -1.49 1.69 -1.30
-.08 -6.74 13.43 -2.77 .83 -1.17
.43 -9.48 11.17 -2.77 .83 -1.17
.43 -9.48 11.17 -2.53 .36 -.88
.78 -9.56 9.09 -2.53 .36 -.88
.78 -9.56 9.09 -.83 .07 -.51
1.85 -7.87 7.26 -.83 .07 -.51
1.85 -7.87 7.26 .45 -.31 -.11
3.37 -7.31 6.58 .45 -.31 -.11
3.37 -7.31 6.58 .43 -.58 .10
3.97 -7.37 5.87 .43 -.58 .10
3.97 -7.37 5.87 .08 -.55 .28
3.56 -8.69 5.69 .08 -.55 .28
3.56 -8.69 5.69 -.21 -.46 .25
3.02 -9.36 5.28 -.13 -.40 .15
3.02 -9.36 5.28 -.21 -.46 .25
3.11 -9.32 4.70 -.13 -.40 .15
3.11 -9.32 4.70 .33 -.39 .27
3.73 -8.30 4.32 .72 -.46 .34
3.73 -8.30 4.32 .33 -.39 .27
3.90 -7.98 4.22 .72 -.46 .34
3.90 -7.98 4.22 .84 -.50 .33
3.61 -7.57 4.07 .84 -.50 .33
3.61 -7.57 4.07 .69 -.59 .21
