3.51 -7.37 4.07 .69 -.59 .21
3.51 -7.37 4.07 .47 -.76 .23
9.05 -5.45 -21.41 -1.60 -.84 -.31
9.05 -5.45 -21.41 -3.05 .29 -.11
7.10 -4.98 -24.49 -3.05 .29 -.11
7.10 -4.98 -24.49 -4.14 2.96 .32
4.18 -4.34 -22.42 -4.14 2.96 .32
4.18 -4.34 -22.42 -4.02 6.33 1.23
.16 -6.21 -19.27 -4.02 6.33 1.23
.16 -6.21 -19.27 -4.59 9.29 1.57
-6.12 -9.24 -15.95 -4.59 9.29 1.57
-6.12 -9.24 -15.95 -6.23 11.65 1.48
-19.74 -19.62 .82 -6.23 11.65 1.48
-19.74 -19.62 .82 -7.21 11.33 1.46
-27.48 -35.07 14.36 -7.21 11.33 1.46
-27.48 -35.07 14.36 -4.22 9.49 2.17
-13.32 -25.57 24.57 -4.22 9.49 2.17
-13.32 -25.57 24.57 1.34 4.87 .37
-4.83 -14.16 23.37 1.34 4.87 .37
-4.83 -14.16 23.37 1.98 2.91 -.90
-.64 -7.05 19.08 1.98 2.91 -.90
-.64 -7.05 19.08 .93 .96 -1.21
2.21 -4.18 15.57 .93 .96 -1.21
2.21 -4.18 15.57 -.78 -.27 -1.32
2.52 -5.65 12.18 -.78 -.27 -1.32
2.52 -5.65 12.18 -2.04 -.82 -1.21
2.24 -6.49 8.55 -2.04 -.82 -1.21
2.24 -6.49 8.55 -1.63 -1.04 -.81
2.87 -7.48 6.24 -1.63 -1.04 -.81
2.87 -7.48 6.24 -.37 -1.13 -.25
4.14 -7.20 4.50 -.37 -1.13 -.25
4.14 -7.20 4.50 .62 -1.11 .07
5.13 -6.61 3.60 .62 -1.11 .07
5.13 -6.61 3.60 1.06 -.95 .48
5.58 -6.33 3.39 1.06 -.95 .48
5.58 -6.33 3.39 .89 -.75 .73
5.58 -7.21 3.30 .89 -.75 .73
5.58 -7.21 3.30 .29 -.55 .65
4.58 -8.71 3.47 .29 -.55 .65
4.58 -8.71 3.47 -.10 -.36 .45
4.01 -8.88 3.28 -.10 -.36 .45
4.01 -8.88 3.28 .04 -.36 .42
4.75 -8.89 2.71 .04 -.36 .42
4.75 -8.89 2.71 .62 -.47 .56
5.53 -7.69 2.46 .62 -.47 .56
5.53 -7.69 2.46 .88 -.57 .50
5.75 -7.48 2.49 .75 -.65 .34
5.75 -7.48 2.49 .88 -.57 .50
5.42 -7.48 2.36 .75 -.65 .34
5.42 -7.48 2.36 .38 -.70 .15
5.71 -7.59 1.96 .38 -.70 .15
