5.71 -7.59 1.96 .18 -.80 .16
8.31 -3.39 -18.67 -1.84 .92 .88
8.31 -3.39 -18.67 -2.86 2.08 1.25
5.90 -3.85 -21.94 -2.86 2.08 1.25
5.90 -3.85 -21.94 -4.54 4.09 1.92
2.60 -5.22 -20.35 -4.55 6.95 2.71
2.60 -5.22 -20.35 -4.54 4.09 1.92
-1.75 -8.04 -16.04 -4.28 9.66 3.03
-1.75 -8.04 -16.04 -4.55 6.95 2.71
-10.18 -16.41 -11.46 -4.28 9.66 3.03
-10.18 -16.41 -11.46 -4.46 11.48 2.88
-22.92 -24.07 -1.14 -4.46 11.48 2.88
-22.92 -24.07 -1.14 -5.66 11.36 2.46
-26.25 -31.49 14.62 -3.21 8.38 1.64
-26.25 -31.49 14.62 -5.66 11.36 2.46
-9.95 -20.82 18.82 -3.21 8.38 1.64
-9.95 -20.82 18.82 -.11 4.27 -.29
-3.27 -13.65 21.56 -.11 4.27 -.29
-3.27 -13.65 21.56 .21 2.64 -.84
-1.09 -8.48 18.19 .21 2.64 -.84
-1.09 -8.48 18.19 -.24 1.47 -1.32
-.70 -6.88 14.19 -.24 1.47 -1.32
-.70 -6.88 14.19 -1.13 .68 -1.29
-.69 -7.82 10.45 -1.13 .68 -1.29
-.69 -7.82 10.45 -1.55 .26 -1.08
.97 -8.38 8.31 -1.55 .26 -1.08
.97 -8.38 8.31 -.94 .02 -.51
2.69 -8.39 7.48 -.94 .02 -.51
2.69 -8.39 7.48 -.24 -.07 -.06
3.16 -8.74 6.56 -.24 -.07 -.06
3.16 -8.74 6.56 .02 -.02 .11
2.67 -9.24 5.71 .02 -.02 .11
2.67 -9.24 5.71 .12 -.02 .15
2.57 -9.24 5.14 .12 -.02 .15
2.57 -9.24 5.14 .12 -.14 .22
2.65 -9.66 4.78 .12 -.14 .22
2.65 -9.66 4.78 .34 -.28 .21
2.48 -9.42 4.23 .34 -.28 .21
2.48 -9.42 4.23 .51 -.44 .16
2.55 -8.78 3.83 .51 -.44 .16
2.55 -8.78 3.83 .50 -.65 .12
3.11 -8.13 3.60 .50 -.65 .12
3.11 -8.13 3.60 .36 -.87 .14
3.50 -8.18 3.83 .36 -.87 .14
3.50 -8.18 3.83 .19 -1.04 .09
3.55 -8.17 3.51 .19 -1.04 .09
3.55 -8.17 3.51 .11 -1.19 .00
3.35 -8.38 2.94 .11 -1.19 .00
