5.48 -5.30 4.95 .27 -.67 .09
5.48 -5.30 4.95 .15 -.73 .08
7.32 -4.91 -13.50 -.77 .51 .20
7.32 -4.91 -13.50 -.95 1.34 .36
2.39 -7.98 -14.68 -.95 1.34 .36
2.39 -7.98 -14.68 -1.15 3.10 .47
-.37 -14.60 -12.18 -1.15 3.10 .47
-.37 -14.60 -12.18 -2.40 6.49 .52
-1.47 -17.07 -8.13 -2.40 6.49 .52
-1.47 -17.07 -8.13 -4.41 8.72 .44
-3.09 -11.87 -5.53 -4.41 8.72 .44
-3.09 -11.87 -5.53 -5.91 9.27 -.21
.61 -9.23 -2.69 -5.91 9.27 -.21
.61 -9.23 -2.69 -3.62 9.30 -.20
3.83 -17.80 14.51 -.84 7.79 -1.50
3.83 -17.80 14.51 -3.62 9.30 -.20
-2.40 -4.80 22.74 -.84 7.79 -1.50
-2.40 -4.80 22.74 -.74 6.58 -1.30
-11.99 10.80 25.44 -.74 6.58 -1.30
-11.99 10.80 25.44 .63 4.68 .83
-11.48 -1.69 22.40 .63 4.68 .83
-11.48 -1.69 22.40 -3.82 1.81 -.76
-4.08 -16.94 19.68 -3.82 1.81 -.76
-4.08 -16.94 19.68 -1.81 -.46 -.17
-.02 -16.28 16.72 -1.81 -.46 -.17
-.02 -16.28 16.72 .81 -.72 .95
1.52 -8.81 11.55 .81 -.72 .95
1.52 -8.81 11.55 1.78 -.82 .94
2.11 -6.74 7.50 1.78 -.82 .94
2.11 -6.74 7.50 .65 -1.11 .48
3.37 -6.69 5.87 .65 -1.11 .48
3.37 -6.69 5.87 -.45 -1.43 .26
4.23 -7.96 5.96 -.45 -1.43 .26
4.23 -7.96 5.96 -.59 -1.49 .13
4.33 -8.99 6.11 -.59 -1.49 .13
4.33 -8.99 6.11 .32 -1.37 .23
3.74 -8.25 5.21 .32 -1.37 .23
3.74 -8.25 5.21 1.24 -1.19 .24
3.25 -6.33 4.77 1.24 -1.19 .24
3.25 -6.33 4.77 1.30 -1.09 .21
3.33 -5.46 4.44 1.30 -1.09 .21
3.33 -5.46 4.44 .65 -1.01 .16
3.86 -6.45 5.38 .65 -1.01 .16
3.86 -6.45 5.38 -.02 -.96 .15
