3.35 -8.38 2.94 .02 -1.28 -.07
3.82 -8.59 2.09 .02 -1.28 -.07
3.82 -8.59 2.09 -.07 -1.36 -.07
9.80 -4.98 -17.02 -.97 -1.10 -.15
9.80 -4.98 -17.02 -2.01 -.43 -.03
8.24 -4.80 -20.76 -2.99 1.54 .36
8.24 -4.80 -20.76 -2.01 -.43 -.03
3.77 -5.95 -19.52 -2.99 1.54 .36
3.77 -5.95 -19.52 -3.35 4.36 .92
2.87 -5.47 -16.87 -3.35 4.36 .92
2.87 -5.47 -16.87 -3.64 6.82 1.34
-.27 -8.07 -14.32 -3.64 6.82 1.34
-.27 -8.07 -14.32 -4.65 9.49 1.33
-6.36 -11.17 -11.30 -4.65 9.49 1.33
-6.36 -11.17 -11.30 -6.20 11.63 1.07
-21.04 -23.71 3.92 -6.20 11.63 1.07
-21.04 -23.71 3.92 -5.99 11.50 1.16
-27.72 -33.70 18.04 -5.99 11.50 1.16
-27.72 -33.70 18.04 -1.35 9.09 1.53
-9.65 -18.25 22.06 -1.35 9.09 1.53
-9.65 -18.25 22.06 3.58 3.73 -.88
-3.16 -5.44 20.83 3.58 3.73 -.88
-3.16 -5.44 20.83 1.96 2.34 -1.10
-2.01 -.45 18.35 1.96 2.34 -1.10
-2.01 -.45 18.35 -.37 .61 -.95
.77 -4.14 16.27 -.37 .61 -.95
.77 -4.14 16.27 -3.08 -.40 -1.56
2.16 -7.14 13.35 -3.08 -.40 -1.56
2.16 -7.14 13.35 -3.10 -.98 -.77
3.36 -8.41 10.16 -.80 -1.13 -.11
3.36 -8.41 10.16 -3.10 -.98 -.77
4.08 -7.52 6.82 -.80 -1.13 -.11
4.08 -7.52 6.82 .26 -1.16 .12
5.03 -6.30 5.82 .26 -1.16 .12
5.03 -6.30 5.82 .61 -1.23 .41
5.50 -6.68 5.43 .61 -1.23 .41
5.50 -6.68 5.43 .46 -1.09 .63
5.03 -7.23 4.93 .46 -1.09 .63
5.03 -7.23 4.93 -.06 -.92 .53
4.40 -8.47 3.85 -.06 -.92 .53
4.40 -8.47 3.85 -.19 -.81 .42
