4.26 -9.25 3.21 -.06 -.75 .36
4.26 -9.25 3.21 -.19 -.81 .42
4.53 -9.05 3.12 -.06 -.75 .36
4.53 -9.05 3.12 .45 -.71 .34
4.44 -7.82 3.18 .45 -.71 .34
4.44 -7.82 3.18 .92 -.72 .33
4.99 -7.44 3.18 .92 -.72 .33
4.99 -7.44 3.18 .98 -.90 .35
5.46 -7.51 3.07 .98 -.90 .35
5.46 -7.51 3.07 .55 -1.05 .22
5.08 -7.79 2.93 .55 -1.05 .22
5.08 -7.79 2.93 .16 -1.08 .04
11.23 -4.80 -17.99 -.28 -1.14 -.23
11.23 -4.80 -17.99 -1.67 -.52 -.14
10.88 -4.27 -25.85 -1.67 -.52 -.14
10.88 -4.27 -25.85 -3.32 1.76 -.20
6.90 -4.64 -25.94 -3.32 1.76 -.20
6.90 -4.64 -25.94 -3.36 5.21 .41
4.06 -5.69 -20.03 -3.36 5.21 .41
4.06 -5.69 -20.03 -3.23 8.29 .78
-.05 -9.37 -15.21 -3.23 8.29 .78
-.05 -9.37 -15.21 -4.75 10.57 .24
-7.69 -13.05 -6.56 -4.75 10.57 .24
-7.69 -13.05 -6.56 -7.10 11.94 -.17
-20.59 -25.68 5.14 -7.10 11.94 -.17
-20.59 -25.68 5.14 -7.31 9.93 .04
-23.50 -33.32 24.11 -7.31 9.93 .04
-23.50 -33.32 24.11 -2.95 7.13 .60
-9.28 -19.28 28.14 -2.95 7.13 .60
-9.28 -19.28 28.14 1.43 3.08 -1.25
-4.27 -8.47 23.04 1.43 3.08 -1.25
-4.27 -8.47 23.04 -.07 .29 -1.92
-.82 -5.06 14.57 -.07 .29 -1.92
-.82 -5.06 14.57 -1.12 -.84 -1.97
.82 -5.90 10.51 -1.12 -.84 -1.97
.82 -5.90 10.51 -1.89 -1.29 -1.74
2.12 -5.38 7.79 -1.89 -1.29 -1.74
2.12 -5.38 7.79 -1.24 -1.37 -1.03
3.52 -5.70 5.56 -1.24 -1.37 -1.03
3.52 -5.70 5.56 -.29 -1.28 -.61
4.91 -6.09 3.90 -.29 -1.28 -.61
4.91 -6.09 3.90 .31 -1.04 -.33
6.52 -6.65 3.22 .31 -1.04 -.33
6.52 -6.65 3.22 .81 -.89 .07
7.80 -6.55 2.56 .81 -.89 .07
7.80 -6.55 2.56 .87 -.75 .21
6.97 -6.46 2.87 .87 -.75 .21
6.97 -6.46 2.87 .59 -.51 .07
4.79 -6.26 3.54 .59 -.51 .07
4.79 -6.26 3.54 .20 -.35 -.13
3.96 -6.73 3.42 .20 -.35 -.13
3.96 -6.73 3.42 -.01 -.44 -.07
5.87 -7.56 2.40 -.01 -.44 -.07
5.87 -7.56 2.40 .14 -.76 .10
7.50 -7.67 1.66 .14 -.76 .10
7.50 -7.67 1.66 .50 -.86 .15
6.58 -7.01 1.65 .50 -.86 .15
6.58 -7.01 1.65 .87 -.81 -.03
5.40 -6.05 2.45 .87 -.81 -.03
5.40 -6.05 2.45 1.01 -.91 -.02
