6.78 -5.88 2.24 1.01 -.91 -.02
6.78 -5.88 2.24 .96 -1.21 .18
9.10 -5.01 -10.79 .05 -1.61 -.02
9.10 -5.01 -10.79 -.89 -1.93 -.09
13.11 -6.31 -25.35 -.89 -1.93 -.09
13.11 -6.31 -25.35 -3.02 -1.65 -.23
9.95 -8.25 -28.29 -3.02 -1.65 -.23
9.95 -8.25 -28.29 -5.35 2.97 -.12
1.49 -12.54 -21.15 -5.35 2.97 -.12
1.49 -12.54 -21.15 -4.01 7.50 -.06
1.20 -5.99 -19.23 -4.01 7.50 -.06
1.20 -5.99 -19.23 -2.20 10.07 .36
-1.31 -8.38 -23.68 -4.86 13.59 -.56
-1.31 -8.38 -23.68 -2.20 10.07 .36
-21.56 -20.70 -10.53 -4.86 13.59 -.56
-21.56 -20.70 -10.53 -9.30 16.76 -1.78
-50.71 -40.07 18.67 -9.30 16.76 -1.78
-50.71 -40.07 18.67 -6.13 12.88 1.76
-18.70 -20.47 32.21 -6.13 12.88 1.76
-18.70 -20.47 32.21 4.29 4.69 -1.64
-8.72 -.06 29.31 4.29 4.69 -1.64
-8.72 -.06 29.31 3.41 2.44 -1.58
-6.87 3.43 23.65 3.41 2.44 -1.58
-6.87 3.43 23.65 .01 .18 -1.34
-2.70 -.98 17.60 .01 .18 -1.34
-2.70 -.98 17.60 -2.62 -1.57 -1.69
1.78 -4.45 13.23 -2.62 -1.57 -1.69
1.78 -4.45 13.23 -2.75 -2.62 -.81
5.28 -6.34 9.79 -2.75 -2.62 -.81
5.28 -6.34 9.79 -2.07 -2.57 -.23
6.03 -7.60 7.39 -2.07 -2.57 -.23
6.03 -7.60 7.39 -.93 -1.94 .08
6.21 -7.78 5.43 -.93 -1.94 .08
6.21 -7.78 5.43 .29 -1.47 .03
6.00 -7.61 4.27 .29 -1.47 .03
6.00 -7.61 4.27 1.07 -1.01 .10
4.82 -8.04 4.08 1.07 -1.01 .10
4.82 -8.04 4.08 1.16 -.61 .11
3.39 -8.46 5.01 1.16 -.61 .11
3.39 -8.46 5.01 .94 -.44 .03
2.70 -8.01 5.48 .94 -.44 .03
2.70 -8.01 5.48 .72 -.50 -.07
2.99 -7.15 4.96 .72 -.50 -.07
2.99 -7.15 4.96 .46 -.60 -.08
