3.69 -6.47 4.16 .46 -.60 -.08
3.69 -6.47 4.16 .09 -.69 -.13
4.35 -6.33 4.03 .09 -.69 -.13
4.35 -6.33 4.03 -.11 -.78 -.19
4.90 -6.34 4.22 -.11 -.78 -.19
4.90 -6.34 4.22 .03 -.88 -.13
4.97 -6.14 4.64 .03 -.88 -.13
4.97 -6.14 4.64 .14 -.94 -.13
10.07 -4.02 -12.22 .57 -1.25 -.09
10.07 -4.02 -12.22 -.82 -1.09 -.07
10.42 -5.06 -18.69 -.82 -1.09 -.07
10.42 -5.06 -18.69 -4.03 -.16 -.52
9.36 -9.38 -27.58 -4.03 -.16 -.52
9.36 -9.38 -27.58 -5.97 2.32 -.21
8.03 -7.20 -25.57 -5.97 2.32 -.21
8.03 -7.20 -25.57 -5.60 5.89 .26
4.36 -2.60 -19.05 -5.60 5.89 .26
4.36 -2.60 -19.05 -4.83 8.95 1.02
.00 -4.96 -22.48 -4.83 8.95 1.02
-10.87 -15.21 -8.48 -4.41 11.94 1.15
.00 -4.96 -22.48 -4.41 11.94 1.15
-10.87 -15.21 -8.48 -5.39 14.67 .07
-31.03 -26.74 5.89 -5.39 14.67 .07
-31.03 -26.74 5.89 -7.56 13.60 .60
-31.47 -31.40 23.21 -7.56 13.60 .60
-31.47 -31.40 23.21 1.25 7.97 1.01
-10.25 -11.90 22.92 1.25 7.97 1.01
-10.25 -11.90 22.92 3.79 3.23 -1.91
-6.09 .43 21.80 3.79 3.23 -1.91
-6.09 .43 21.80 -.26 .66 -.94
-2.90 -2.54 18.67 -.26 .66 -.94
1.40 -5.85 14.26 -3.29 -.88 -1.32
-2.90 -2.54 18.67 -3.29 -.88 -1.32
1.40 -5.85 14.26 -3.31 -2.22 -.86
3.89 -7.52 9.59 -2.22 -2.32 -.14
3.89 -7.52 9.59 -3.31 -2.22 -.86
4.05 -7.83 6.70 -2.22 -2.32 -.14
4.05 -7.83 6.70 -.71 -2.05 .23
4.10 -6.52 5.27 -.71 -2.05 .23
4.10 -6.52 5.27 .37 -1.74 .40
4.58 -6.28 4.97 .37 -1.74 .40
4.58 -6.28 4.97 .77 -1.45 .68
4.42 -6.86 5.28 .77 -1.45 .68
4.42 -6.86 5.28 .74 -1.06 .87
3.57 -8.35 5.59 .74 -1.06 .87
3.57 -8.35 5.59 .45 -.82 .71
3.57 -8.66 4.80 .45 -.82 .71
3.57 -8.66 4.80 .20 -.67 .59
3.62 -8.38 4.33 .31 -.56 .60
3.62 -8.38 4.33 .20 -.67 .59
