2.24 -6.89 1.31 .91 .14 -.12
2.24 -6.89 1.31 .71 .30 .15
2.52 -7.14 1.11 .71 .30 .15
2.52 -7.14 1.11 .30 .51 .29
2.16 -7.60 .95 .30 .51 .29
2.16 -7.60 .95 -.01 .66 .34
1.81 -9.00 1.32 -.01 .66 .34
1.81 -9.00 1.32 -.12 .66 .31
1.59 -9.38 1.44 -.12 .66 .31
1.59 -9.38 1.44 .09 .53 .26
2.32 -9.42 1.64 .09 .53 .26
2.32 -9.42 1.64 .22 .20 .23
3.07 -9.19 1.57 .22 .20 .23
3.07 -9.19 1.57 .01 -.09 .20
3.01 -9.27 1.47 .01 -.09 .20
3.01 -9.27 1.47 -.26 -.30 .14
2.43 -9.31 1.18 -.26 -.30 .14
2.43 -9.31 1.18 -.47 -.45 .09
2.34 -9.75 1.14 -.47 -.45 .09
2.34 -9.75 1.14 -.56 -.57 .05
2.73 -9.72 1.03 -.56 -.57 .05
2.73 -9.72 1.03 -.48 -.63 .06
8.69 -4.80 -14.39 -1.02 -.16 -.22
8.69 -4.80 -14.39 -.99 .03 .06
9.60 -7.09 -22.70 -.99 .03 .06
9.60 -7.09 -22.70 -.31 1.48 .48
3.78 -8.05 -22.34 -1.73 5.26 .91
3.78 -8.05 -22.34 -.31 1.48 .48
.88 -3.00 -20.48 -1.73 5.26 .91
.88 -3.00 -20.48 -4.07 8.55 1.11
-.72 -.65 -20.15 -4.07 8.55 1.11
-.72 -.65 -20.15 -5.05 11.26 1.74
-8.85 -13.97 -15.71 -5.05 11.26 1.74
-8.85 -13.97 -15.71 -6.13 14.20 1.51
-45.61 -43.59 6.02 -6.13 14.20 1.51
-45.61 -43.59 6.02 -3.24 15.61 2.11
-34.00 -18.55 32.05 -3.24 15.61 2.11
-34.00 -18.55 32.05 3.90 5.50 .35
-11.68 -12.33 37.47 3.90 5.50 .35
-11.68 -12.33 37.47 -1.18 .70 -2.30
-6.99 -14.48 26.14 -1.18 .70 -2.30
-6.99 -14.48 26.14 -1.28 -1.89 -1.01
1.32 -.38 11.42 -1.28 -1.89 -1.01
1.32 -.38 11.42 -3.22 -2.84 -1.91
2.09 -9.42 9.25 -3.22 -2.84 -1.91
2.09 -9.42 9.25 -5.63 -2.30 -1.52
