1.87 -11.74 3.32 -5.63 -2.30 -1.52
1.87 -11.74 3.32 -2.67 -1.19 -.84
1.98 -7.57 .87 -2.67 -1.19 -.84
1.98 -7.57 .87 1.10 -.21 -.04
2.25 -6.67 .89 1.10 -.21 -.04
2.25 -6.67 .89 1.71 .31 .12
3.12 -6.48 1.19 1.71 .31 .12
3.12 -6.48 1.19 1.08 .46 .30
2.54 -7.69 1.26 1.08 .46 .30
2.54 -7.69 1.26 .09 .64 .35
2.11 -9.89 1.13 .09 .64 .35
2.11 -9.89 1.13 -.39 .70 .13
1.68 -10.68 1.46 -.39 .70 .13
1.68 -10.68 1.46 .15 .80 .08
1.61 -8.88 1.65 .15 .80 .08
1.61 -8.88 1.65 .68 .61 .05
2.08 -8.63 1.96 .68 .61 .05
2.08 -8.63 1.96 .31 .34 -.01
3.00 -8.80 1.55 .31 .34 -.01
3.00 -8.80 1.55 .04 .13 .03
2.70 -9.17 1.79 .04 .13 .03
2.70 -9.17 1.79 -.20 -.03 .03
2.38 -9.39 2.03 -.20 -.03 .03
2.38 -9.39 2.03 -.39 -.19 .00
2.58 -9.65 2.06 -.39 -.19 .00
2.58 -9.65 2.06 -.39 -.31 -.01
8.49 -5.46 -19.17 -2.01 .16 .14
8.49 -5.46 -19.17 -2.45 .84 .36
7.37 -5.34 -25.11 -2.45 .84 .36
7.37 -5.34 -25.11 -2.51 3.27 .96
3.45 -3.25 -23.92 -2.51 3.27 .96
3.45 -3.25 -23.92 -3.01 6.72 1.77
-1.03 -1.65 -20.14 -3.01 6.72 1.77
-1.03 -1.65 -20.14 -4.19 9.67 2.20
-9.46 -9.39 -11.18 -4.19 9.67 2.20
-9.46 -9.39 -11.18 -5.60 11.74 2.09
-23.01 -30.42 7.20 -5.60 11.74 2.09
-23.01 -30.42 7.20 -4.99 11.22 2.30
-23.34 -27.54 20.51 -4.99 11.22 2.30
-23.34 -27.54 20.51 1.97 5.55 .89
-9.60 -16.99 19.60 1.97 5.55 .89
-9.60 -16.99 19.60 .27 2.60 -.72
-3.04 -11.67 13.14 .27 2.60 -.72
-3.04 -11.67 13.14 -1.55 .91 -1.13
-.92 -10.46 12.76 -1.55 .91 -1.13
-.92 -10.46 12.76 -1.98 .00 -1.07
.22 -10.35 10.27 -1.98 .00 -1.07
.22 -10.35 10.27 -1.87 -.19 -.66
.54 -9.88 6.55 -1.87 -.19 -.66
.54 -9.88 6.55 -.70 -.09 -.43
1.24 -8.25 4.04 -.70 -.09 -.43
1.24 -8.25 4.04 .49 -.06 -.13
2.13 -7.97 2.91 .49 -.06 -.13
2.13 -7.97 2.91 .55 -.03 .14
2.50 -8.61 2.44 .55 -.03 .14
2.50 -8.61 2.44 .20 .05 .26
2.28 -8.93 2.22 .20 .05 .26
2.28 -8.93 2.22 .16 .18 .23
2.16 -8.92 2.54 .16 .18 .23
2.16 -8.92 2.54 .28 .17 .27
2.74 -8.83 2.35 .28 .17 .27
2.74 -8.83 2.35 .52 .08 .26
3.11 -8.47 2.07 .52 .08 .26
3.11 -8.47 2.07 .71 .03 .25
3.05 -8.14 1.96 .71 .03 .25
3.05 -8.14 1.96 .64 -.05 .24
2.98 -7.99 2.01 .64 -.05 .24
2.98 -7.99 2.01 .23 -.23 .25
3.26 -8.73 1.84 .23 -.23 .25
3.26 -8.73 1.84 -.18 -.40 .23
3.32 -9.24 1.59 -.27 -.47 .21
3.32 -9.24 1.59 -.18 -.40 .23
2.84 -9.75 1.58 -.27 -.47 .21
2.84 -9.75 1.58 -.13 -.48 .16
2.71 -9.25 1.69 -.05 -.53 .12
