2.71 -9.25 1.69 -.13 -.48 .16
7.42 -5.23 -11.07 -1.45 .96 .43
7.42 -5.23 -11.07 -2.32 1.23 .60
7.21 -5.05 -18.03 -2.32 1.23 .60
7.21 -5.05 -18.03 -3.31 2.05 .94
5.81 -5.16 -22.44 -3.31 2.05 .94
5.81 -5.16 -22.44 -3.72 4.32 1.67
1.87 -7.30 -23.56 -3.72 4.32 1.67
1.87 -7.30 -23.56 -3.87 7.65 2.34
-3.10 -9.78 -24.72 -3.87 7.65 2.34
-3.10 -9.78 -24.72 -3.50 11.58 2.22
-15.08 -19.55 -8.64 -3.50 11.58 2.22
-15.08 -19.55 -8.64 -3.20 14.46 1.43
-33.24 -37.69 10.59 -3.20 14.46 1.43
-33.24 -37.69 10.59 -1.99 13.97 .36
-27.02 -19.17 26.33 -1.99 13.97 .36
-27.02 -19.17 26.33 1.50 7.64 -.19
-10.87 -7.85 29.22 1.50 7.64 -.19
-10.87 -7.85 29.22 -.77 2.92 -1.64
-5.67 -12.27 25.89 -.77 2.92 -1.64
-5.67 -12.27 25.89 -2.64 .50 -1.81
-3.91 -6.96 18.68 -2.64 .50 -1.81
-3.91 -6.96 18.68 -.64 -1.34 -1.03
-1.05 -4.04 10.87 -.64 -1.34 -1.03
-1.05 -4.04 10.87 -2.13 -2.36 -.91
.48 -8.37 5.62 -2.13 -2.36 -.91
.48 -8.37 5.62 -2.68 -2.58 -.76
2.00 -9.38 2.68 -2.68 -2.58 -.76
2.00 -9.38 2.68 -.57 -2.40 -.18
2.93 -8.48 1.41 -.57 -2.40 -.18
2.93 -8.48 1.41 .85 -1.98 .18
3.37 -7.12 .14 .89 -1.55 .22
3.37 -7.12 .14 .85 -1.98 .18
3.49 -6.83 -.16 .89 -1.55 .22
3.49 -6.83 -.16 .42 -1.04 .40
3.20 -8.12 -.13 -.13 -.61 .32
3.20 -8.12 -.13 .42 -1.04 .40
3.27 -9.81 .33 -.13 -.61 .32
3.27 -9.81 .33 -.24 -.31 .24
3.62 -10.44 .71 .37 -.07 .28
3.62 -10.44 .71 -.24 -.31 .24
3.63 -9.39 1.09 .80 .03 .28
3.63 -9.39 1.09 .37 -.07 .28
3.20 -8.96 1.74 .77 .00 .19
3.20 -8.96 1.74 .80 .03 .28
3.08 -8.74 2.31 .59 -.21 .18
3.08 -8.74 2.31 .77 .00 .19
3.16 -8.71 2.22 .27 -.46 .17
3.16 -8.71 2.22 .59 -.21 .18
3.23 -8.75 2.17 .27 -.46 .17
