3.23 -8.75 2.17 .02 -.68 .14
7.12 -5.91 -19.03 -1.93 1.04 .54
7.12 -5.91 -19.03 -2.68 2.55 1.11
4.46 -5.71 -18.35 -2.68 2.55 1.11
4.46 -5.71 -18.35 -2.85 5.50 1.74
1.06 -6.49 -17.02 -2.85 5.50 1.74
1.06 -6.49 -17.02 -3.15 8.14 2.01
-3.15 -10.22 -14.53 -3.15 8.14 2.01
-3.15 -10.22 -14.53 -4.69 10.10 1.59
-13.22 -20.99 4.81 -4.69 10.10 1.59
-13.22 -20.99 4.81 -6.60 10.84 1.20
-21.54 -35.80 15.10 -6.60 10.84 1.20
-21.54 -35.80 15.10 -2.83 9.02 1.02
-9.90 -20.00 19.35 -2.83 9.02 1.02
-9.90 -20.00 19.35 1.99 4.29 -.28
-2.99 -9.40 18.36 1.99 4.29 -.28
-2.99 -9.40 18.36 .33 1.78 -1.33
.67 -8.37 16.83 .33 1.78 -1.33
.67 -8.37 16.83 -2.08 -.09 -1.55
1.69 -11.78 12.74 -2.08 -.09 -1.55
1.69 -11.78 12.74 -2.84 -.62 -1.52
.95 -9.22 7.49 -2.84 -.62 -1.52
.95 -9.22 7.49 -1.29 -.66 -.91
.14 -8.09 4.66 -1.29 -.66 -.91
.14 -8.09 4.66 .17 -.58 -.70
