1.13 -8.42 3.60 .17 -.58 -.70
1.13 -8.42 3.60 .77 -.52 -.44
2.14 -8.13 2.98 .77 -.52 -.44
2.14 -8.13 2.98 1.06 -.43 -.09
2.41 -7.33 2.22 1.06 -.43 -.09
2.41 -7.33 2.22 .75 -.30 .02
2.01 -7.66 1.27 .75 -.30 .02
2.01 -7.66 1.27 .25 -.13 .06
2.48 -8.59 .96 .25 -.13 .06
2.48 -8.59 .96 .08 -.02 .06
3.08 -8.57 1.11 .08 -.02 .06
3.08 -8.57 1.11 .27 .09 .19
3.16 -8.58 1.01 .27 .09 .19
3.16 -8.58 1.01 .40 .16 .24
3.10 -8.35 1.10 .40 .16 .24
3.10 -8.35 1.10 .40 .12 .25
3.42 -8.59 1.26 .40 .12 .25
3.42 -8.59 1.26 .33 -.03 .35
3.67 -8.86 1.39 .33 -.03 .35
3.67 -8.86 1.39 .15 -.17 .35
3.56 -8.73 1.54 .15 -.17 .35
3.56 -8.73 1.54 -.03 -.30 .33
3.22 -9.07 1.55 -.03 -.30 .33
3.22 -9.07 1.55 -.20 -.39 .26
3.12 -9.05 1.59 -.20 -.39 .26
3.12 -9.05 1.59 -.33 -.47 .19
6.93 -4.54 -10.65 -1.28 .48 .30
6.93 -4.54 -10.65 -1.72 .67 .55
7.47 -4.01 -16.97 -1.72 .67 .55
7.47 -4.01 -16.97 -2.48 1.47 .93
5.28 -4.10 -18.94 -2.48 1.47 .93
5.28 -4.10 -18.94 -2.82 3.80 1.70
.99 -2.37 -19.02 -2.82 3.80 1.70
.99 -2.37 -19.02 -2.98 6.46 2.79
-2.06 -2.41 -19.26 -2.98 6.46 2.79
-2.06 -2.41 -19.26 -3.95 8.81 3.13
-9.65 -13.39 -6.53 -3.95 8.81 3.13
-9.65 -13.39 -6.53 -6.50 10.40 2.72
-21.32 -35.67 9.65 -6.50 10.40 2.72
-21.32 -35.67 9.65 -5.51 9.11 2.64
-15.86 -27.83 18.26 -5.51 9.11 2.64
-15.86 -27.83 18.26 1.84 5.57 1.94
-5.57 -16.28 17.81 1.84 5.57 1.94
-5.57 -16.28 17.81 1.56 2.69 -.11
-.80 -13.47 15.90 1.56 2.69 -.11
-.80 -13.47 15.90 -1.06 .73 -1.11
1.32 -13.38 13.59 -1.06 .73 -1.11
1.32 -13.38 13.59 -2.16 .03 -1.17
1.94 -12.28 9.40 -2.16 .03 -1.17
1.94 -12.28 9.40 -1.65 .03 -1.03
.78 -9.38 5.79 -1.65 .03 -1.03
.78 -9.38 5.79 -.04 .35 -.67
.79 -8.54 4.12 -.04 .35 -.67
.79 -8.54 4.12 .97 .44 -.51
1.67 -8.81 3.29 .97 .44 -.51
1.67 -8.81 3.29 1.28 .38 -.25
2.29 -7.91 2.76 1.28 .38 -.25
2.29 -7.91 2.76 .66 .16 -.17
2.31 -7.54 2.13 .66 .16 -.17
2.31 -7.54 2.13 .11 .08 -.15
2.22 -7.95 1.43 .11 .08 -.15
2.22 -7.95 1.43 .13 .03 -.11
2.28 -8.09 1.21 .13 .03 -.11
2.28 -8.09 1.21 .36 -.01 -.02
2.38 -7.99 1.12 .36 -.01 -.02
2.38 -7.99 1.12 .41 -.12 .02
2.45 -8.15 1.34 .41 -.12 .02
2.45 -8.15 1.34 .32 -.27 .12
2.46 -8.13 1.40 .32 -.27 .12
2.46 -8.13 1.40 .16 -.44 .19
2.42 -8.75 1.50 .16 -.44 .19
2.42 -8.75 1.50 -.08 -.60 .24
2.45 -9.12 1.31 -.39 -.72 .19
