2.45 -9.12 1.31 -.08 -.60 .24
2.71 -9.42 1.04 -.39 -.72 .19
2.71 -9.42 1.04 -.48 -.82 .20
7.45 -5.24 -10.67 -.11 -.61 -.51
7.45 -5.24 -10.67 -.88 -.57 -.39
9.50 -4.92 -19.26 -.88 -.57 -.39
9.50 -4.92 -19.26 -2.48 -.03 -.22
7.80 -5.10 -25.91 -2.48 -.03 -.22
7.80 -5.10 -25.91 -4.74 2.54 .10
2.61 -4.46 -24.42 -4.74 2.54 .10
2.61 -4.46 -24.42 -5.14 6.74 1.19
2.16 .00 -21.79 -5.14 6.74 1.19
2.16 .00 -21.79 -4.39 9.72 2.27
-2.09 -1.84 -23.85 -4.39 9.72 2.27
-2.09 -1.84 -23.85 -5.75 12.89 2.58
-24.91 -16.12 -4.41 -5.75 12.89 2.58
-24.91 -16.12 -4.41 -8.63 14.89 2.26
-48.20 -47.07 15.10 -5.37 11.62 4.00
-48.20 -47.07 15.10 -8.63 14.89 2.26
-12.86 -23.90 23.51 -5.37 11.62 4.00
-12.86 -23.90 23.51 1.96 3.40 .48
-3.93 -15.66 21.35 1.96 3.40 .48
-3.93 -15.66 21.35 -.07 2.55 -.44
-3.82 -12.60 17.21 -.07 2.55 -.44
-3.82 -12.60 17.21 -.96 1.06 -1.35
-3.45 -8.94 13.38 -1.08 -.26 -1.24
-3.45 -8.94 13.38 -.96 1.06 -1.35
.66 -8.03 9.50 -1.08 -.26 -1.24
.66 -8.03 9.50 -.90 -1.14 -.97
3.72 -5.88 6.31 -.90 -1.14 -.97
3.72 -5.88 6.31 -.08 -1.32 -.44
5.50 -4.60 4.27 -.08 -1.32 -.44
5.50 -4.60 4.27 .63 -1.19 -.12
5.14 -5.64 3.55 .63 -1.19 -.12
5.14 -5.64 3.55 .26 -.77 .27
4.14 -7.73 2.92 .26 -.77 .27
4.14 -7.73 2.92 -.13 -.68 .43
3.98 -9.17 3.13 -.13 -.68 .43
3.98 -9.17 3.13 -.08 -.56 .56
3.21 -9.69 3.42 .25 -.36 .48
3.21 -9.69 3.42 -.08 -.56 .56
2.98 -9.43 3.07 .25 -.36 .48
2.98 -9.43 3.07 .54 -.33 .37
4.21 -8.85 2.96 .54 -.33 .37
4.21 -8.85 2.96 .55 -.44 .32
4.75 -8.63 2.88 .55 -.44 .32
4.75 -8.63 2.88 .32 -.47 .21
3.84 -8.60 2.67 .25 -.48 .08
3.84 -8.60 2.67 .32 -.47 .21
