4.41 -7.50 5.14 -.02 -.96 .15
4.41 -7.50 5.14 -.27 -.91 .13
5.04 -7.62 4.36 -.27 -.91 .13
5.04 -7.62 4.36 -.05 -.89 .09
5.06 -6.93 4.30 -.05 -.89 .09
5.06 -6.93 4.30 .25 -.79 .07
4.93 -6.75 4.73 .25 -.79 .07
4.93 -6.75 4.73 .19 -.69 .00
-2.06 -8.73 2.95 -1.44 8.50 .27
-2.06 -8.73 2.95 -1.54 8.66 -.09
-.22 -11.29 4.86 -1.54 8.66 -.09
-.22 -11.29 4.86 -1.67 7.46 -1.28
.45 -16.95 9.66 -1.67 7.46 -1.28
.45 -16.95 9.66 -.29 6.68 -.92
-6.82 -11.58 21.17 -.29 6.68 -.92
-6.82 -11.58 21.17 2.52 4.89 -1.37
-6.55 2.05 23.27 2.52 4.89 -1.37
-6.55 2.05 23.27 1.95 3.00 -.77
-2.95 -.88 18.35 1.95 3.00 -.77
-2.95 -.88 18.35 -.25 1.38 -.92
-.52 -3.02 13.64 -.25 1.38 -.92
-.52 -3.02 13.64 -1.14 .44 -.76
.28 -4.98 12.46 -1.14 .44 -.76
.28 -4.98 12.46 -.93 -.27 -.46
1.22 -5.87 11.31 -.93 -.27 -.46
1.22 -5.87 11.31 -.45 -.61 -.10
2.04 -5.39 9.29 -.45 -.61 -.10
2.04 -5.39 9.29 -.15 -.77 .21
3.15 -5.31 7.78 -.15 -.77 .21
3.15 -5.31 7.78 -.01 -.87 .31
4.01 -5.29 7.00 -.01 -.87 .31
4.01 -5.29 7.00 .07 -.86 .28
4.23 -5.50 6.48 .07 -.86 .28
4.23 -5.50 6.48 .13 -.80 .28
3.88 -5.75 6.13 .13 -.80 .28
3.88 -5.75 6.13 .11 -.70 .31
3.96 -6.02 5.93 .11 -.70 .31
3.96 -6.02 5.93 .19 -.69 .37
4.27 -6.10 6.20 .19 -.69 .37
4.27 -6.10 6.20 .25 -.67 .38
4.26 -5.96 6.55 .25 -.67 .38
4.26 -5.96 6.55 .23 -.56 .34
4.03 -5.95 6.66 .23 -.56 .34
4.03 -5.95 6.66 .14 -.50 .30
4.07 -6.35 6.46 .14 -.50 .30
4.07 -6.35 6.46 .02 -.50 .26
4.26 -6.93 6.27 .02 -.50 .26
4.26 -6.93 6.27 .00 -.52 .22
4.18 -7.12 6.41 .00 -.52 .22
4.18 -7.12 6.41 .14 -.47 .18
3.99 -6.62 6.48 .14 -.47 .18
3.99 -6.62 6.48 .38 -.45 .17
3.89 -6.00 6.59 .38 -.45 .17
3.89 -6.00 6.59 .25 -.47 .14
4.03 -6.12 6.66 .25 -.47 .14
