3.35 -7.58 2.95 .25 -.48 .08
3.35 -7.58 2.95 .28 -.63 .08
4.46 -7.41 3.05 .28 -.63 .08
4.46 -7.41 3.05 -.06 -.91 .19
5.90 -4.75 -8.79 -2.96 -2.24 -.21
5.90 -4.75 -8.79 -2.17 -1.62 -.11
7.33 -6.82 -21.60 -3.09 -2.53 -.07
7.33 -6.82 -21.60 -2.96 -2.24 -.21
12.93 -7.25 -29.53 -3.09 -2.53 -.07
12.93 -7.25 -29.53 -1.94 -.62 .57
5.91 -3.73 -25.58 -1.94 -.62 .57
5.91 -3.73 -25.58 .83 7.07 1.53
-2.68 -2.21 -16.21 .65 9.09 1.91
-2.68 -2.21 -16.21 .83 7.07 1.53
-5.85 -10.56 -10.06 .65 9.09 1.91
-5.85 -10.56 -10.06 -1.91 10.65 1.12
-14.11 -21.77 -5.27 -1.91 10.65 1.12
-14.11 -21.77 -5.27 -4.06 10.68 .40
-23.02 -23.44 7.70 -4.06 10.68 .40
-23.02 -23.44 7.70 -1.72 9.25 .75
-15.47 -12.25 18.45 1.18 5.20 -.36
-15.47 -12.25 18.45 -1.72 9.25 .75
-4.45 -6.62 19.08 1.18 5.20 -.36
-4.45 -6.62 19.08 -.24 3.39 -1.44
-.62 -7.62 16.64 -.24 3.39 -1.44
-.62 -7.62 16.64 -1.44 3.22 -1.56
-1.86 -10.00 16.46 -1.44 3.22 -1.56
-1.86 -10.00 16.46 -1.87 2.68 -1.77
-4.40 -6.85 14.87 -1.87 2.68 -1.77
-4.40 -6.85 14.87 -1.21 2.22 -1.39
-3.03 -4.67 13.28 -1.21 2.22 -1.39
-3.03 -4.67 13.28 -1.14 1.25 -.78
.50 -6.42 10.80 -1.14 1.25 -.78
.50 -6.42 10.80 -1.42 .63 -.73
2.69 -8.57 8.35 -1.42 .63 -.73
2.69 -8.57 8.35 -1.17 .37 -.17
3.39 -10.08 8.02 -1.17 .37 -.17
3.39 -10.08 8.02 -.12 .29 .20
2.98 -9.48 8.27 -.12 .29 .20
2.98 -9.48 8.27 .74 .22 .33
2.23 -8.20 7.96 .74 .22 .33
2.23 -8.20 7.96 1.15 .01 .38
2.23 -7.94 7.16 1.15 .01 .38
2.23 -7.94 7.16 .73 -.27 .34
2.62 -8.92 6.83 .73 -.27 .34
2.62 -8.92 6.83 .16 -.57 .26
2.79 -9.43 6.36 .16 -.57 .26
2.79 -9.43 6.36 .13 -.81 .16
3.46 -9.16 5.75 .13 -.81 .16
3.46 -9.16 5.75 .40 -1.12 .21
4.15 -8.73 5.06 .43 -1.33 .16
4.15 -8.73 5.06 .40 -1.12 .21
4.06 -8.54 4.74 .43 -1.33 .16
