4.06 -8.54 4.74 .14 -1.37 -.02
7.60 -3.99 -19.84 -1.00 -.05 .17
7.60 -3.99 -19.84 -1.17 .78 .61
7.23 -2.06 -25.04 -1.17 .78 .61
7.23 -2.06 -25.04 -2.22 3.67 1.44
2.31 -.44 -19.43 -2.22 3.67 1.44
2.31 -.44 -19.43 -3.79 7.39 2.41
-1.28 .04 -18.89 -3.79 7.39 2.41
-1.28 .04 -18.89 -5.52 10.02 2.89
-7.63 -14.33 -22.29 -5.52 10.02 2.89
-7.63 -14.33 -22.29 -4.88 12.72 3.00
-25.86 -38.05 -.47 -4.88 12.72 3.00
-25.86 -38.05 -.47 -5.55 12.92 1.83
-32.36 -31.49 19.96 2.74 9.87 2.32
-32.36 -31.49 19.96 -5.55 12.92 1.83
-13.88 -10.98 29.23 2.74 9.87 2.32
-13.88 -10.98 29.23 1.99 4.41 -1.43
-6.78 -8.56 23.65 -1.62 1.64 -2.02
-6.78 -8.56 23.65 1.99 4.41 -1.43
-3.58 -9.53 17.28 -1.62 1.64 -2.02
-3.58 -9.53 17.28 -3.28 .08 -1.98
-.51 -8.70 13.50 -3.28 .08 -1.98
-.51 -8.70 13.50 -3.02 -.76 -1.73
.78 -7.75 9.95 -2.10 -.76 -1.02
.78 -7.75 9.95 -3.02 -.76 -1.73
1.25 -6.81 7.22 -2.10 -.76 -1.02
1.25 -6.81 7.22 -1.14 -.70 -.67
2.17 -7.20 5.20 -1.14 -.70 -.67
2.17 -7.20 5.20 -.71 -.66 -.29
3.16 -8.35 3.45 -.71 -.66 -.29
3.16 -8.35 3.45 -.51 -.54 .15
3.28 -9.00 3.28 -.14 -.39 .38
3.28 -9.00 3.28 -.51 -.54 .15
2.72 -9.16 3.85 -.14 -.39 .38
2.72 -9.16 3.85 .12 -.32 .45
2.48 -9.25 3.83 .12 -.32 .45
2.48 -9.25 3.83 .15 -.39 .45
2.65 -9.41 3.43 .15 -.39 .45
2.65 -9.41 3.43 .13 -.45 .43
2.84 -9.22 2.98 .13 -.45 .43
2.84 -9.22 2.98 .12 -.54 .42
3.35 -8.75 3.11 .12 -.54 .42
3.35 -8.75 3.11 .09 -.69 .38
3.92 -8.75 3.58 .09 -.69 .38
3.92 -8.75 3.58 .08 -.83 .32
3.97 -9.35 3.47 .08 -.83 .32
3.97 -9.35 3.47 .16 -.94 .21
3.81 -9.20 2.74 .16 -.94 .21
3.81 -9.20 2.74 .33 -1.05 .15
