4.07 -8.68 2.14 .33 -1.05 .15
4.07 -8.68 2.14 .43 -1.23 .20
8.46 -2.98 -12.60 -.71 -.56 -.45
8.46 -2.98 -12.60 -1.26 -.67 -.26
12.02 -.94 -24.93 -1.26 -.67 -.26
12.02 -.94 -24.93 -2.69 -.47 -.14
9.53 -1.52 -28.12 -2.69 -.47 -.14
9.53 -1.52 -28.12 -3.67 2.43 .60
2.11 -2.43 -22.46 -3.70 5.99 1.98
2.11 -2.43 -22.46 -3.67 2.43 .60
2.36 .26 -18.02 -4.16 8.54 2.82
2.36 .26 -18.02 -3.70 5.99 1.98
-4.25 -7.23 -11.89 -4.16 8.54 2.82
-4.25 -7.23 -11.89 -6.17 10.91 2.53
-20.43 -20.00 -2.62 -6.17 10.91 2.53
-20.43 -20.00 -2.62 -9.21 10.20 2.12
-26.33 -42.76 17.35 -9.21 10.20 2.12
-26.33 -42.76 17.35 -4.74 7.63 2.47
-9.79 -27.69 21.83 -4.74 7.63 2.47
-9.79 -27.69 21.83 1.21 3.65 1.28
-4.40 -17.38 18.87 1.21 3.65 1.28
-4.40 -17.38 18.87 1.29 2.03 -.85
-1.44 -8.74 13.68 1.29 2.03 -.85
-1.44 -8.74 13.68 -.12 .19 -1.52
.41 -5.93 10.35 -1.44 -.57 -1.30
.41 -5.93 10.35 -.12 .19 -1.52
3.11 -7.28 7.74 -2.38 -.84 -1.05
3.11 -7.28 7.74 -1.44 -.57 -1.30
4.00 -7.81 5.10 -2.38 -.84 -1.05
4.00 -7.81 5.10 -1.74 -.58 -.37
4.22 -7.62 3.66 -1.74 -.58 -.37
4.22 -7.62 3.66 -.07 -.32 .12
3.89 -7.93 3.09 -.07 -.32 .12
3.89 -7.93 3.09 1.02 .00 .50
4.02 -8.06 2.80 1.24 .08 .70
4.02 -8.06 2.80 1.02 .00 .50
4.76 -8.36 2.72 1.02 .02 .87
4.76 -8.36 2.72 1.24 .08 .70
4.75 -8.68 2.28 1.02 .02 .87
4.75 -8.68 2.28 .66 .05 .72
3.48 -8.36 2.23 .66 .05 .72
3.48 -8.36 2.23 .32 .10 .53
2.87 -8.87 2.61 .32 .10 .53
2.87 -8.87 2.61 .19 -.07 .52
4.30 -8.76 1.95 .19 -.07 .52
4.30 -8.76 1.95 .14 -.47 .53
5.10 -8.80 1.54 .14 -.47 .53
5.10 -8.80 1.54 .29 -.58 .46
4.12 -8.49 1.44 .29 -.58 .46
4.12 -8.49 1.44 .24 -.60 .22
