4.25 -7.86 1.50 .24 -.60 .22
4.25 -7.86 1.50 .05 -.86 .21
9.27 -5.04 -18.48 -1.85 .50 .13
9.27 -5.04 -18.48 -2.71 .89 .43
7.68 -4.90 -22.87 -4.05 2.45 .78
7.68 -4.90 -22.87 -2.71 .89 .43
2.27 -5.13 -19.79 -4.05 2.45 .78
2.27 -5.13 -19.79 -5.72 5.45 1.55
-.23 -3.77 -14.77 -5.72 5.45 1.55
-.23 -3.77 -14.77 -6.93 7.83 2.38
-4.89 -9.27 -14.65 -6.93 7.83 2.38
-4.89 -9.27 -14.65 -7.11 9.84 2.98
-15.80 -23.01 -4.38 -7.11 9.84 2.98
-15.80 -23.01 -4.38 -6.33 10.02 3.00
-20.04 -31.50 9.09 -6.33 10.02 3.00
-20.04 -31.50 9.09 -3.31 8.72 2.61
-14.11 -29.42 20.49 -3.31 8.72 2.61
-14.11 -29.42 20.49 -.03 6.12 1.26
-7.39 -20.51 19.08 -.03 6.12 1.26
-7.39 -20.51 19.08 .40 3.36 -.36
-2.72 -12.91 14.72 .40 3.36 -.36
-2.72 -12.91 14.72 -.36 1.34 -1.34
-.46 -8.21 11.62 -.90 .21 -1.30
-.46 -8.21 11.62 -.36 1.34 -1.34
.25 -7.11 9.37 -1.34 -.18 -1.15
.25 -7.11 9.37 -.90 .21 -1.30
-.28 -6.68 8.06 -1.34 -.18 -1.15
.98 -6.48 5.77 -1.14 -.27 -.70
-.28 -6.68 8.06 -1.14 -.27 -.70
.98 -6.48 5.77 .07 -.57 -.19
3.54 -6.27 3.75 .07 -.57 -.19
3.54 -6.27 3.75 1.08 -.74 .27
5.18 -6.19 2.73 1.08 -.74 .27
5.18 -6.19 2.73 1.23 -.78 .65
5.15 -6.94 2.49 1.23 -.78 .65
5.15 -6.94 2.49 .88 -.75 .82
4.58 -8.01 1.89 .88 -.75 .82
4.58 -8.01 1.89 .42 -.80 .84
4.10 -8.98 1.45 .42 -.80 .84
4.10 -8.98 1.45 .31 -.81 .80
3.44 -9.15 1.34 .31 -.81 .80
3.44 -9.15 1.34 .42 -.79 .70
3.54 -9.41 1.34 .42 -.79 .70
3.54 -9.41 1.34 .60 -1.07 .60
5.17 -10.17 .61 .60 -1.07 .60
5.17 -10.17 .61 .52 -1.23 .43
4.82 -9.43 .33 .52 -1.23 .43
4.82 -9.43 .33 .41 -1.23 .15
4.10 -8.76 .40 .41 -1.23 .15
4.10 -8.76 .40 .25 -1.24 .01
4.92 -8.85 .28 .25 -1.24 .01
