4.92 -8.85 .28 .08 -1.34 .01
10.13 -3.22 -19.01 .03 -1.94 -.55
10.13 -3.22 -19.01 -.58 -1.61 -.39
8.87 -2.57 -23.65 -.58 -1.61 -.39
8.87 -2.57 -23.65 -1.78 .40 .26
3.56 -4.35 -21.53 -1.78 .40 .26
3.56 -4.35 -21.53 -3.58 3.51 1.34
4.05 .11 -19.17 -3.58 3.51 1.34
1.88 -2.03 -18.98 -5.71 5.91 2.12
4.05 .11 -19.17 -5.71 5.91 2.12
1.88 -2.03 -18.98 -7.43 8.10 3.06
-6.28 -14.45 -10.53 -7.43 8.10 3.06
-6.28 -14.45 -10.53 -8.07 9.89 3.19
-17.19 -30.01 1.47 -8.07 9.89 3.19
-17.19 -30.01 1.47 -6.64 8.77 3.06
-15.90 -28.41 11.43 -6.64 8.77 3.06
-15.90 -28.41 11.43 -1.60 6.89 3.19
-6.92 -20.22 11.77 -1.60 6.89 3.19
-6.92 -20.22 11.77 -1.17 4.26 .96
-3.12 -18.08 9.06 -1.17 4.26 .96
-3.12 -18.08 9.06 -2.36 2.81 -.45
-1.07 -16.30 9.42 -2.36 2.81 -.45
-1.07 -16.30 9.42 -3.18 1.91 -.80
-.01 -14.50 9.58 -3.18 1.91 -.80
-.01 -14.50 9.58 -2.69 1.30 -.80
.55 -11.65 6.81 -2.69 1.30 -.80
.55 -11.65 6.81 -1.79 .89 -.70
1.14 -9.07 4.24 -1.79 .89 -.70
1.14 -9.07 4.24 -.93 .50 -.49
2.06 -9.06 2.88 -.93 .50 -.49
2.06 -9.06 2.88 -.11 .19 -.24
2.90 -8.89 2.13 -.11 .19 -.24
2.90 -8.89 2.13 .52 .01 .04
3.80 -8.30 2.08 .52 .01 .04
3.80 -8.30 2.08 1.01 -.18 .33
3.96 -7.59 2.02 1.01 -.18 .33
3.96 -7.59 2.02 .99 -.26 .42
3.23 -7.39 1.80 .99 -.26 .42
3.23 -7.39 1.80 .68 -.32 .35
2.92 -8.22 1.17 .68 -.32 .35
2.92 -8.22 1.17 .54 -.52 .36
3.81 -9.13 .48 .54 -.52 .36
3.81 -9.13 .48 .85 -.77 .40
4.38 -8.97 -.19 .85 -.77 .40
4.38 -8.97 -.19 1.52 -.97 .41
3.45 -7.70 .16 1.52 -.97 .41
3.62 -8.06 .13 1.24 -1.08 .33
3.45 -7.70 .16 1.24 -1.08 .33
3.62 -8.06 .13 .56 -1.34 .32
4.41 -9.00 -.45 .56 -1.34 .32
