7.38 -3.46 -12.42 -3.88 -3.92 -.91
7.38 -3.46 -12.42 -4.01 -3.76 -.95
8.52 -1.37 -26.64 -5.15 -2.86 -.82
8.52 -1.37 -26.64 -4.01 -3.76 -.95
7.75 -4.12 -33.57 -5.15 -2.86 -.82
7.75 -4.12 -33.57 -6.64 .79 .36
2.54 -4.11 -29.17 -6.64 .79 .36
2.54 -4.11 -29.17 -6.60 5.84 1.60
1.92 -.30 -25.51 -6.60 5.84 1.60
1.92 -.30 -25.51 -5.63 9.40 3.00
-4.78 -11.64 -30.85 -6.16 13.66 2.97
-4.78 -11.64 -30.85 -5.63 9.40 3.00
-33.75 -26.88 -9.24 -6.16 13.66 2.97
-33.75 -26.88 -9.24 -8.89 16.98 1.82
-47.67 -47.65 25.87 -8.89 16.98 1.82
-47.67 -47.65 25.87 -1.53 12.58 3.97
-17.38 -24.94 34.87 -1.53 12.58 3.97
-17.38 -24.94 34.87 6.10 6.61 -.32
-13.39 -8.25 27.15 6.10 6.61 -.32
-13.39 -8.25 27.15 6.81 3.93 -1.02
-12.12 4.96 22.78 6.81 3.93 -1.02
-12.12 4.96 22.78 4.49 .44 -1.13
-4.98 11.52 19.89 4.49 .44 -1.13
-4.98 11.52 19.89 .03 -2.26 -.61
.20 4.19 15.39 .03 -2.26 -.61
.20 4.19 15.39 -4.18 -3.09 .08
2.86 -3.61 9.58 -4.18 -3.09 .08
2.86 -3.61 9.58 -5.20 -2.98 .01
4.11 -9.13 5.79 -5.20 -2.98 .01
4.11 -9.13 5.79 -3.56 -2.86 .49
4.47 -8.06 3.28 -3.56 -2.86 .49
4.47 -8.06 3.28 -.78 -2.29 1.01
5.65 -7.93 3.79 -.78 -2.29 1.01
5.65 -7.93 3.79 1.16 -1.94 1.54
6.33 -7.91 4.65 1.16 -1.94 1.54
6.33 -7.91 4.65 1.32 -1.62 1.50
5.08 -7.76 5.08 1.32 -1.62 1.50
5.08 -7.76 5.08 1.10 -1.16 1.21
3.18 -8.27 5.59 1.10 -1.16 1.21
3.18 -8.27 5.59 .30 -.99 .89
4.16 -8.93 4.77 .30 -.99 .89
4.16 -8.93 4.77 -.19 -1.55 .72
6.22 -9.06 2.83 -.19 -1.55 .72
6.22 -9.06 2.83 .14 -1.48 .59
5.18 -8.49 3.02 .14 -1.48 .59
5.18 -8.49 3.02 .47 -1.32 .33
4.14 -7.86 3.42 .26 -1.35 .17
4.14 -7.86 3.42 .47 -1.32 .33
