4.75 -7.92 3.53 .26 -1.35 .17
4.75 -7.92 3.53 -.10 -1.60 .22
8.33 -4.33 -10.26 -.60 -2.04 -.28
8.33 -4.33 -10.26 -1.14 -2.21 -.33
11.09 -2.73 -25.03 -1.14 -2.21 -.33
11.09 -2.73 -25.03 -3.20 -1.66 -.55
7.06 -6.70 -30.52 -3.20 -1.66 -.55
7.06 -6.70 -30.52 -5.20 2.60 .19
.17 -8.91 -23.45 -5.20 2.60 .19
.17 -8.91 -23.45 -4.34 7.36 .82
1.65 -.39 -18.92 -4.34 7.36 .82
1.65 -.39 -18.92 -2.46 9.95 1.57
-1.52 -4.57 -19.02 -2.46 9.95 1.57
-1.52 -4.57 -19.02 -4.54 13.13 .96
-18.76 -17.92 -6.04 -4.54 13.13 .96
-18.76 -17.92 -6.04 -8.90 15.71 -.37
-48.86 -41.92 17.55 -8.90 15.71 -.37
-48.86 -41.92 17.55 -5.64 12.52 2.75
-15.41 -21.50 29.28 4.54 3.20 -1.51
-15.41 -21.50 29.28 -5.64 12.52 2.75
-2.66 -2.09 27.00 1.79 1.53 -1.31
-2.66 -2.09 27.00 4.54 3.20 -1.51
-.80 -3.36 20.62 1.79 1.53 -1.31
-.80 -3.36 20.62 -1.92 .54 -1.24
-.68 -7.27 15.03 -3.66 -.21 -1.48
-.68 -7.27 15.03 -1.92 .54 -1.24
1.19 -8.79 11.80 -3.66 -.21 -1.48
1.19 -8.79 11.80 -2.53 -.98 -.57
3.92 -7.89 9.67 -.86 -1.07 -.09
3.92 -7.89 9.67 -2.53 -.98 -.57
4.85 -6.94 8.31 .43 -.59 .13
4.85 -6.94 8.31 -.86 -1.07 -.09
4.11 -6.44 6.91 .43 -.59 .13
4.11 -6.44 6.91 1.25 -.20 .29
3.17 -6.51 6.62 1.25 -.20 .29
3.17 -6.51 6.62 1.45 -.09 .39
2.89 -6.64 6.22 1.45 -.09 .39
2.89 -6.64 6.22 1.14 -.21 .44
2.80 -7.24 5.94 1.14 -.21 .44
2.80 -7.24 5.94 .73 -.32 .48
2.54 -7.79 5.63 .40 -.42 .36
2.54 -7.79 5.63 .73 -.32 .48
2.64 -7.56 5.25 .40 -.42 .36
2.64 -7.56 5.25 .28 -.56 .26
3.19 -6.94 5.02 .28 -.56 .26
3.19 -6.94 5.02 .38 -.69 .27
3.68 -6.97 5.21 .38 -.69 .27
3.68 -6.97 5.21 .44 -.83 .29
