3.80 -6.95 5.37 .44 -.83 .29
3.80 -6.95 5.37 .47 -.95 .27
3.68 -6.71 5.12 .47 -.95 .27
3.68 -6.71 5.12 .41 -1.06 .31
10.17 -5.70 -11.96 -.72 -1.04 -.33
10.17 -5.70 -11.96 -1.65 -1.13 -.60
12.55 -5.69 -23.49 -1.65 -1.13 -.60
12.55 -5.69 -23.49 -3.11 .14 -.87
2.94 -10.79 -21.03 -3.11 .14 -.87
2.94 -10.79 -21.03 -4.75 4.56 -.55
2.17 -7.71 -17.67 -4.75 4.56 -.55
2.17 -7.71 -17.67 -4.77 6.97 -.62
2.94 .21 -16.81 -4.77 6.97 -.62
2.94 .21 -16.81 -4.81 9.21 .55
-.65 -.10 -8.51 -4.81 9.21 .55
-.65 -.10 -8.51 -6.91 11.34 .29
-16.43 -8.09 2.45 -6.91 11.34 .29
-16.43 -8.09 2.45 -9.37 11.26 .00
-27.36 -29.60 13.17 -9.37 11.26 .00
-27.36 -29.60 13.17 -5.96 8.16 2.04
-10.03 -20.36 22.35 -5.96 8.16 2.04
-10.03 -20.36 22.35 1.56 2.24 .32
1.39 -8.93 26.07 1.56 2.24 .32
1.39 -8.93 26.07 1.56 1.69 .83
2.39 -7.65 21.80 -.42 .95 .52
2.39 -7.65 21.80 1.56 1.69 .83
2.15 -10.82 16.26 -.42 .95 .52
2.15 -10.82 16.26 -1.47 .37 -.15
3.06 -11.10 12.76 -1.47 .37 -.15
3.06 -11.10 12.76 -.88 -.08 .05
5.24 -9.78 10.63 -.88 -.08 .05
5.24 -9.78 10.63 .15 -.26 .23
5.24 -9.24 9.77 .15 -.26 .23
5.24 -9.24 9.77 1.06 -.10 .08
3.51 -8.09 9.10 1.06 -.10 .08
3.51 -8.09 9.10 1.62 -.08 -.07
2.58 -6.43 7.84 1.62 -.08 -.07
2.58 -6.43 7.84 1.38 -.30 -.06
3.50 -6.12 6.35 1.38 -.30 -.06
3.50 -6.12 6.35 .78 -.72 -.02
3.91 -6.07 4.72 .78 -.72 -.02
3.91 -6.07 4.72 .30 -.80 -.08
3.09 -5.96 4.24 .30 -.80 -.08
3.09 -5.96 4.24 .21 -.75 -.16
2.65 -5.48 4.51 .31 -.81 -.21
2.65 -5.48 4.51 .21 -.75 -.16
3.68 -5.05 4.39 .31 -.81 -.21
3.68 -5.05 4.39 .44 -.96 -.09
4.66 -5.15 4.15 .44 -.96 -.09
4.66 -5.15 4.15 .14 -.88 .00
