5.05 -5.87 4.30 .14 -.88 .00
5.05 -5.87 4.30 -.02 -.80 .04
5.42 -6.33 4.40 -.02 -.80 .04
5.42 -6.33 4.40 -.12 -.68 .09
11.53 -2.86 -10.20 -.26 -.26 .16
11.53 -2.86 -10.20 -2.17 -.62 .00
12.51 -6.23 -18.23 -2.17 -.62 .00
12.51 -6.23 -18.23 -3.63 .66 -.41
-2.96 -10.38 -12.04 -4.10 4.46 -.55
-2.96 -10.38 -12.04 -3.63 .66 -.41
.68 -13.90 -8.38 -4.10 4.46 -.55
.68 -13.90 -8.38 -2.18 6.25 -.07
2.70 -5.46 -3.29 -2.18 6.25 -.07
2.70 -5.46 -3.29 -2.18 7.55 .74
1.17 -4.65 .89 -2.18 7.55 .74
1.17 -4.65 .89 -5.62 8.90 -1.02
-5.12 -11.15 9.60 -5.62 8.90 -1.02
-5.12 -11.15 9.60 -9.49 7.15 -2.12
-14.47 -27.72 13.97 -9.49 7.15 -2.12
-14.47 -27.72 13.97 -5.09 7.23 -.11
-9.00 -18.52 21.83 -5.09 7.23 -.11
-9.00 -18.52 21.83 1.52 2.54 .30
-.68 -4.03 22.33 1.52 2.54 .30
-.68 -4.03 22.33 1.80 .73 .29
.48 -4.57 19.67 1.80 .73 .29
.48 -4.57 19.67 -.22 .14 .68
.32 -8.12 13.17 -.22 .14 .68
.32 -8.12 13.17 -1.20 -.49 -.10
.00 -10.11 8.63 -1.20 -.49 -.10
.00 -10.11 8.63 -.11 -1.24 .58
1.56 -9.04 6.58 -.11 -1.24 .58
1.56 -9.04 6.58 .83 -1.71 .81
3.12 -7.78 5.17 .83 -1.71 .81
3.12 -7.78 5.17 .84 -1.86 .75
3.69 -7.43 3.84 .84 -1.86 .75
3.69 -7.43 3.84 .71 -1.68 .67
3.22 -7.68 3.78 .71 -1.68 .67
3.22 -7.68 3.78 .44 -1.43 .64
2.80 -8.05 3.41 .44 -1.43 .64
2.80 -8.05 3.41 .22 -1.27 .56
2.83 -8.54 3.43 .22 -1.27 .56
2.83 -8.54 3.43 .12 -1.17 .51
3.33 -8.09 3.79 .12 -1.17 .51
3.33 -8.09 3.79 .40 -.92 .58
3.33 -7.60 4.63 .40 -.92 .58
3.33 -7.60 4.63 .57 -.75 .54
2.98 -7.64 4.16 .57 -.75 .54
2.98 -7.64 4.16 .43 -.67 .49
3.16 -7.69 3.48 .43 -.67 .49
3.16 -7.69 3.48 .16 -.74 .54
3.45 -8.13 3.59 .16 -.74 .54
3.45 -8.13 3.59 -.06 -.77 .59
