3.42 -8.23 4.36 -.06 -.77 .59
3.42 -8.23 4.36 -.08 -.73 .53
11.10 -1.49 -18.06 -1.27 -1.36 .18
11.10 -1.49 -18.06 -2.56 -1.26 .17
11.59 -4.03 -25.77 -2.56 -1.26 .17
11.59 -4.03 -25.77 -2.38 1.80 .58
-.90 -9.90 -22.57 -2.38 1.80 .58
-.90 -9.90 -22.57 -1.11 6.61 .92
.48 -6.85 -17.36 -1.11 6.61 .92
.48 -6.85 -17.36 -1.22 8.42 1.10
-.55 -8.90 -11.22 -1.22 8.42 1.10
-.55 -8.90 -11.22 -4.66 10.86 .42
-8.74 -14.86 -10.20 -4.66 10.86 .42
-8.74 -14.86 -10.20 -8.39 12.53 -.90
-26.73 -32.01 6.60 -8.39 12.53 -.90
-26.73 -32.01 6.60 -6.58 11.26 -.09
-27.12 -26.47 27.45 -6.58 11.26 -.09
-27.12 -26.47 27.45 .99 7.74 .53
-10.04 -7.25 29.78 .99 7.74 .53
-10.04 -7.25 29.78 2.58 3.84 -1.93
-5.46 2.06 25.47 2.58 3.84 -1.93
-5.46 2.06 25.47 -.51 1.84 -1.39
-3.92 -2.16 19.46 -.51 1.84 -1.39
-3.92 -2.16 19.46 -3.11 .56 -1.39
-2.08 -5.82 9.39 -3.11 .56 -1.39
-2.08 -5.82 9.39 -3.15 -.36 -.85
2.97 -10.64 17.81 -3.15 -.36 -.85
2.97 -10.64 17.81 -1.60 -.36 .07
1.88 -8.35 13.06 -1.60 -.36 .07
1.88 -8.35 13.06 .44 .21 .98
.90 -7.06 8.82 .44 .21 .98
