4.03 -6.12 6.66 -.08 -.50 .06
4.08 -6.82 6.85 -.08 -.50 .06
4.08 -6.82 6.85 -.29 -.50 .00
6.68 -8.35 -15.74 -1.43 -1.25 .00
6.68 -8.35 -15.74 -2.04 -.57 -.03
4.95 -8.49 -20.75 -2.04 -.57 -.03
4.95 -8.49 -20.75 -2.72 1.16 -.07
-1.35 -10.78 -21.44 -2.72 1.16 -.07
-1.35 -10.78 -21.44 -3.26 4.84 .17
-.14 -9.20 -16.18 -3.26 4.84 .17
-.14 -9.20 -16.18 -2.45 8.57 .57
-2.04 -9.25 -7.43 -2.45 8.57 .57
-2.04 -9.25 -7.43 -1.83 10.90 1.16
-2.87 -14.09 -11.41 -1.83 10.90 1.16
-2.87 -14.09 -11.41 -1.83 12.56 .33
-11.04 -27.09 6.06 -1.83 12.56 .33
-11.04 -27.09 6.06 -.71 11.89 -1.87
-15.19 -10.62 19.84 -.71 11.89 -1.87
-15.19 -10.62 19.84 .47 9.05 -1.79
-13.60 4.00 31.96 .47 9.05 -1.79
-13.60 4.00 31.96 1.84 1.73 -1.03
1.03 .67 23.75 -1.49 1.79 -2.23
1.03 .67 23.75 1.84 1.73 -1.03
-.74 -3.87 16.90 -1.49 1.79 -2.23
-.74 -3.87 16.90 -1.76 .57 -1.43
-2.05 -4.40 13.55 -1.76 .57 -1.43
-2.05 -4.40 13.55 -.26 .38 -1.24
-.29 -4.02 11.15 -.26 .38 -1.24
-.29 -4.02 11.15 .64 -.01 -.12
1.38 -4.20 9.53 .64 -.01 -.12
1.38 -4.20 9.53 .58 -.13 .19
2.90 -4.04 8.00 .58 -.13 .19
2.90 -4.04 8.00 .00 -.18 .15
3.68 -4.63 7.57 .00 -.18 .15
3.68 -4.63 7.57 -.60 -.16 .47
