.90 -7.06 8.82 1.60 -.25 .49
1.73 -5.46 6.57 1.60 -.25 .49
1.73 -5.46 6.57 1.40 -.76 .69
1.87 -6.54 6.38 1.40 -.76 .69
1.87 -6.54 6.38 .50 -1.17 .79
2.03 -7.29 4.17 -.19 -1.34 .40
2.03 -7.29 4.17 .50 -1.17 .79
3.70 -7.80 7.43 -.19 -1.34 .40
3.70 -7.80 7.43 -.49 -1.16 .56
3.00 -7.99 7.50 -.49 -1.16 .56
3.00 -7.99 7.50 -.10 -.74 .43
2.20 -6.99 5.65 -.10 -.74 .43
2.20 -6.99 5.65 .34 -.67 .16
3.03 -6.43 5.19 .34 -.67 .16
3.03 -6.43 5.19 .47 -.75 .39
3.67 -6.87 6.09 .47 -.75 .39
3.67 -6.87 6.09 .49 -.73 .48
3.70 -6.40 6.81 .49 -.73 .48
3.70 -6.40 6.81 .68 -.67 .37
3.10 -5.96 7.05 .68 -.67 .37
3.10 -5.96 7.05 .68 -.66 .40
9.84 -3.31 -10.84 -.49 -.46 .09
9.84 -3.31 -10.84 -.79 -.01 .17
8.96 -4.03 -17.59 -.79 -.01 .17
8.96 -4.03 -17.59 -.78 1.53 .33
4.85 -6.86 -17.47 -.78 1.53 .33
4.85 -6.86 -17.47 -.54 4.27 .79
2.59 -7.21 -16.02 -.54 4.27 .79
2.59 -7.21 -16.02 -1.24 6.63 .69
-1.00 -6.30 -13.70 -1.24 6.63 .69
-1.00 -6.30 -13.70 -3.51 8.46 .17
-6.12 -6.62 -10.22 -3.51 8.46 .17
-6.12 -6.62 -10.22 -6.04 9.73 .02
-13.87 -12.93 2.92 -6.04 9.73 .02
-13.87 -12.93 2.92 -7.29 8.65 .04
-9.36 -24.95 16.19 -7.29 8.65 .04
-9.36 -24.95 16.19 -5.02 6.79 .42
-5.09 -21.69 25.57 -5.02 6.79 .42
-5.09 -21.69 25.57 -.57 6.00 .74
-5.28 -12.98 23.73 -.57 6.00 .74
-5.28 -12.98 23.73 .85 5.00 -.39
-4.55 -8.79 20.49 .85 5.00 -.39
-4.55 -8.79 20.49 -.17 3.34 -.77
-2.85 -7.80 16.60 -.17 3.34 -.77
-2.85 -7.80 16.60 -.64 2.00 -.50
-1.93 -7.70 14.86 -.64 2.00 -.50
-1.93 -7.70 14.86 -.18 .62 -.23
-.41 -5.83 11.91 -.18 .62 -.23
-.41 -5.83 11.91 .10 -.04 .10
1.06 -5.53 9.16 .10 -.04 .10
1.06 -5.53 9.16 .00 -.47 .30
2.17 -5.81 7.56 .00 -.47 .30
2.17 -5.81 7.56 -.25 -.74 .37
2.54 -6.27 6.72 -.27 -.83 .45
2.54 -6.27 6.72 -.25 -.74 .37
2.85 -6.99 6.86 -.27 -.83 .45
2.85 -6.99 6.86 -.21 -.86 .47
2.86 -7.86 6.65 -.21 -.86 .47
2.86 -7.86 6.65 .08 -.82 .40
2.96 -7.52 6.11 .08 -.82 .40
2.96 -7.52 6.11 .50 -.75 .38
3.11 -6.84 5.79 .50 -.75 .38
3.11 -6.84 5.79 .61 -.71 .41
2.98 -6.92 5.58 .61 -.71 .41
2.98 -6.92 5.58 .32 -.66 .29
2.78 -7.25 5.68 .32 -.66 .29
2.78 -7.25 5.68 .01 -.64 .19
2.84 -7.59 5.50 -.15 -.68 .17
2.84 -7.59 5.50 .01 -.64 .19
3.16 -7.71 5.09 -.15 -.68 .17
