3.16 -7.71 5.09 -.12 -.65 .15
12.27 -3.60 -19.01 -.30 -1.14 -.14
12.27 -3.60 -19.01 -.71 -.86 -.27
7.48 -3.68 -22.77 -.71 -.86 -.27
7.48 -3.68 -22.77 -.46 2.32 -.20
-4.92 -11.06 -19.43 -.46 2.32 -.20
-4.92 -11.06 -19.43 -.38 6.63 .12
2.40 -8.58 -10.37 -.38 6.63 .12
2.40 -8.58 -10.37 -1.89 8.74 .55
3.72 -6.39 -6.92 -1.89 8.74 .55
3.72 -6.39 -6.92 -5.47 10.43 -.13
-3.74 -8.90 -15.62 -5.47 10.43 -.13
-3.74 -8.90 -15.62 -7.21 12.93 -.81
-24.91 -41.04 15.99 -7.21 12.93 -.81
-24.91 -41.04 15.99 -.92 10.92 -.39
-14.79 -2.77 32.21 -.92 10.92 -.39
-14.79 -2.77 32.21 5.95 2.80 -1.23
-2.31 12.09 28.10 5.95 2.80 -1.23
-2.31 12.09 28.10 1.27 .48 -1.78
-1.18 .24 19.60 1.27 .48 -1.78
-1.18 .24 19.60 -3.43 .03 -1.17
-3.23 -6.95 14.28 -3.43 .03 -1.17
-3.23 -6.95 14.28 -2.82 -1.06 -.74
-.45 -7.30 11.21 -2.82 -1.06 -.74
-.45 -7.30 11.21 -.84 -1.76 .19
1.93 -5.73 8.89 -.84 -1.76 .19
1.93 -5.73 8.89 .41 -1.52 .69
2.95 -6.57 6.92 .41 -1.52 .69
2.95 -6.57 6.92 .89 -1.09 .84
2.38 -7.68 6.49 .89 -1.09 .84
2.38 -7.68 6.49 .69 -.85 .95
1.62 -7.86 6.62 .69 -.85 .95
1.62 -7.86 6.62 .14 -.85 .84
1.34 -7.80 6.75 -.17 -.89 .74
1.34 -7.80 6.75 .14 -.85 .84
1.57 -8.12 6.29 -.17 -.89 .74
1.57 -8.12 6.29 -.17 -.99 .69
2.53 -7.86 5.59 -.17 -.99 .69
2.53 -7.86 5.59 .11 -1.09 .65
3.24 -7.14 5.28 .11 -1.09 .65
3.24 -7.14 5.28 .49 -1.15 .67
