3.31 -6.31 6.06 .49 -1.15 .67
3.31 -6.31 6.06 .49 -1.16 .63
3.09 -5.81 5.64 .49 -1.16 .63
3.09 -5.81 5.64 .28 -1.19 .55
4.52 -7.18 7.43 .28 -1.19 .55
4.52 -7.18 7.43 .03 -1.01 .60
4.44 -7.47 7.52 .03 -1.01 .60
4.44 -7.47 7.52 .17 -.85 .59
3.11 -7.08 6.17 .17 -.85 .59
3.11 -7.08 6.17 .54 -.78 .40
8.22 -5.41 -13.28 -1.07 -.65 -.35
8.22 -5.41 -13.28 -.34 .06 -.07
5.38 -6.20 -16.06 -.34 .06 -.07
5.38 -6.20 -16.06 .62 4.23 .44
2.07 -8.01 -16.46 .62 4.23 .44
2.07 -8.01 -16.46 .41 6.30 .55
-.43 -6.75 -15.95 .41 6.30 .55
-.43 -6.75 -15.95 -2.41 8.28 -.15
-3.95 -5.30 -10.51 -2.41 8.28 -.15
-3.95 -5.30 -10.51 -6.48 10.07 -.85
-14.47 -10.24 5.93 -6.48 10.07 -.85
-14.47 -10.24 5.93 -8.66 9.50 -.59
-16.06 -30.08 15.70 -8.66 9.50 -.59
-16.06 -30.08 15.70 -4.24 7.25 .25
-7.80 -20.73 23.44 -4.24 7.25 .25
-7.80 -20.73 23.44 .30 5.13 .41
-4.35 -8.67 22.22 .54 4.02 .22
-4.35 -8.67 22.22 .30 5.13 .41
-3.25 -6.21 18.19 .54 4.02 .22
-3.25 -6.21 18.19 -1.78 2.54 -.28
-2.91 -12.29 14.47 -1.78 2.54 -.28
-2.91 -12.29 14.47 -2.55 1.41 -.19
-2.02 -13.27 10.85 -2.55 1.41 -.19
-2.02 -13.27 10.85 -.88 .50 .10
-.09 -9.94 9.67 -.88 .50 .10
-.09 -9.94 9.67 .93 -.15 .33
1.37 -7.68 8.16 .93 -.15 .33
1.37 -7.68 8.16 1.45 -.44 .33
2.45 -6.77 6.85 1.45 -.44 .33
2.45 -6.77 6.85 1.12 -.61 .33
2.65 -7.28 5.43 1.12 -.61 .33
2.65 -7.28 5.43 .33 -.70 .26
2.29 -8.34 5.26 .33 -.70 .26
2.29 -8.34 5.26 -.36 -.71 .07
1.72 -9.09 5.24 -.36 -.71 .07
1.72 -9.09 5.24 -.29 -.72 .07
1.66 -9.30 5.15 -.29 -.72 .07
1.66 -9.30 5.15 .21 -.71 .07
1.93 -8.48 4.68 .21 -.71 .07
1.93 -8.48 4.68 .72 -.72 .08
1.87 -7.98 4.59 .73 -.68 .05
1.87 -7.98 4.59 .72 -.72 .08
1.83 -7.96 4.66 .73 -.68 .05
1.83 -7.96 4.66 .43 -.73 .00
2.03 -8.24 4.74 .43 -.73 .00
2.03 -8.24 4.74 .14 -.82 .05
2.42 -8.18 4.36 .14 -.82 .05
2.42 -8.18 4.36 .00 -.87 .09
