2.50 -8.63 4.41 .00 -.87 .09
2.50 -8.63 4.41 -.05 -.87 .05
9.23 -4.01 -11.77 -.90 -.18 .23
9.23 -4.01 -11.77 -1.74 1.28 .28
2.84 -9.66 -17.08 -1.74 1.28 .28
2.84 -9.66 -17.08 -1.20 4.21 .68
1.05 -8.58 -15.51 -1.20 4.21 .68
1.05 -8.58 -15.51 -.60 6.29 .50
.15 -8.32 -12.55 -.60 6.29 .50
.15 -8.32 -12.55 -2.88 7.89 .19
-2.47 -8.03 -7.74 -2.88 7.89 .19
-2.47 -8.03 -7.74 -7.14 9.24 -.68
-13.40 -15.45 7.32 -7.14 9.24 -.68
-13.40 -15.45 7.32 -9.00 8.55 -.78
-14.37 -32.00 17.23 -9.00 8.55 -.78
-14.37 -32.00 17.23 -4.17 6.80 .04
-10.04 -17.97 24.72 -4.17 6.80 .04
-10.04 -17.97 24.72 1.16 5.03 .54
-6.49 -7.78 23.40 1.16 5.03 .54
-6.49 -7.78 23.40 .91 3.83 .03
-3.76 -6.70 20.33 .91 3.83 .03
-3.76 -6.70 20.33 -1.09 1.82 -.22
-2.03 -9.36 14.92 -1.09 1.82 -.22
-2.03 -9.36 14.92 -1.64 .65 -.10
-1.71 -10.17 10.75 -1.64 .65 -.10
-1.71 -10.17 10.75 -.76 -.28 .16
-.08 -8.84 8.54 -.76 -.28 .16
-.08 -8.84 8.54 .27 -1.02 .40
1.37 -7.97 6.45 .27 -1.02 .40
1.37 -7.97 6.45 .85 -1.37 .67
2.23 -7.86 5.88 .85 -1.37 .67
2.23 -7.86 5.88 .91 -1.31 .68
2.05 -7.99 4.71 .91 -1.31 .68
2.05 -7.99 4.71 .61 -1.20 .59
1.67 -7.96 3.84 .61 -1.20 .59
1.67 -7.96 3.84 .25 -1.17 .47
1.89 -7.80 3.49 .25 -1.17 .47
1.89 -7.80 3.49 .18 -1.17 .49
2.05 -7.99 4.27 .18 -1.17 .49
2.05 -7.99 4.27 .22 -1.07 .53
1.63 -8.25 5.02 .22 -1.07 .53
1.63 -8.25 5.02 .29 -.96 .45
1.24 -8.26 4.77 .29 -.96 .45
1.24 -8.26 4.77 .40 -.89 .47
1.58 -8.13 4.11 .40 -.89 .47
1.58 -8.13 4.11 .38 -.92 .53
2.48 -8.51 3.85 .38 -.92 .53
2.48 -8.51 3.85 .25 -.96 .55
2.54 -8.97 4.61 .25 -.96 .55
2.54 -8.97 4.61 .22 -.91 .52
1.88 -8.47 5.24 .22 -.91 .52
