1.88 -8.47 5.24 .37 -.91 .53
8.53 -6.11 -17.85 -2.56 1.11 .21
8.53 -6.11 -17.85 -2.75 3.68 1.15
8.02 -6.19 -22.49 -2.75 3.68 1.15
8.02 -6.19 -22.49 -2.20 7.19 1.35
2.54 -10.09 -21.06 -2.35 10.94 .38
2.54 -10.09 -21.06 -2.20 7.19 1.35
-8.53 -13.43 -8.52 -2.35 10.94 .38
-8.53 -13.43 -8.52 -3.60 14.05 -.61
-29.41 -20.58 6.47 -6.57 13.25 -.51
-29.41 -20.58 6.47 -3.60 14.05 -.61
-35.03 -28.56 25.73 -6.57 13.25 -.51
-35.03 -28.56 25.73 -.78 8.15 .36
-11.85 -11.65 28.36 -.78 8.15 .36
-11.85 -11.65 28.36 1.80 2.55 -2.01
-5.12 -2.66 22.41 1.80 2.55 -2.01
-5.12 -2.66 22.41 -.95 .44 -1.34
-2.11 -4.79 17.22 -.95 .44 -1.34
-2.11 -4.79 17.22 -3.50 -.73 -1.42
.48 -6.55 12.74 -3.50 -.73 -1.42
.48 -6.55 12.74 -4.41 -1.40 -.99
2.95 -7.82 8.51 -4.41 -1.40 -.99
2.95 -7.82 8.51 -3.76 -1.61 -.34
4.30 -8.14 5.79 -3.76 -1.61 -.34
4.30 -8.14 5.79 -2.60 -1.32 -.05
3.99 -8.50 4.69 -2.60 -1.32 -.05
3.99 -8.50 4.69 -1.55 -1.05 .27
3.20 -8.59 4.66 -1.55 -1.05 .27
3.20 -8.59 4.66 -1.06 -.90 .43
2.98 -9.11 4.28 -1.06 -.90 .43
2.98 -9.11 4.28 -1.01 -.92 .43
3.48 -9.67 3.72 -1.01 -.92 .43
3.48 -9.67 3.72 -1.00 -.97 .39
3.67 -9.80 2.93 -1.00 -.97 .39
3.67 -9.80 2.93 -.62 -.91 .37
