3.56 -9.44 2.45 -.62 -.91 .37
3.56 -9.44 2.45 -.22 -.88 .23
3.79 -8.99 2.26 .04 -.90 .11
3.79 -8.99 2.26 -.22 -.88 .23
4.13 -9.06 2.31 .04 -.90 .11
4.13 -9.06 2.31 .08 -.98 .06
4.43 -9.23 2.01 .08 -.98 .06
4.43 -9.23 2.01 .11 -1.13 -.06
4.35 -8.73 1.13 .11 -1.13 -.06
4.35 -8.73 1.13 .23 -1.22 -.14
3.99 -8.70 .78 .23 -1.22 -.14
3.99 -8.70 .78 .19 -1.26 -.21
3.89 -8.98 .86 .19 -1.26 -.21
3.89 -8.98 .86 .00 -1.27 -.26
4.05 -9.14 1.09 .00 -1.27 -.26
4.05 -9.14 1.09 -.02 -1.30 -.21
6.67 -6.33 -12.73 -1.50 1.37 -.28
6.67 -6.33 -12.73 -2.17 1.99 -.15
6.26 -6.78 -17.77 -3.11 3.54 .18
6.26 -6.78 -17.77 -2.17 1.99 -.15
3.72 -7.91 -18.12 -3.11 3.54 .18
3.72 -7.91 -18.12 -3.77 6.02 .47
.04 -8.64 -17.23 -3.94 8.64 .58
.04 -8.64 -17.23 -3.77 6.02 .47
-5.48 -12.76 -14.47 -3.94 8.64 .58
-5.48 -12.76 -14.47 -4.31 10.90 .20
-16.89 -21.51 2.36 -5.96 11.13 -.76
-16.89 -21.51 2.36 -4.31 10.90 .20
-23.74 -29.04 17.78 -3.68 9.84 -.32
-23.74 -29.04 17.78 -5.96 11.13 -.76
-15.31 -23.19 25.89 -3.68 9.84 -.32
-15.31 -23.19 25.89 .58 5.86 -.88
-7.29 -11.42 23.52 .58 5.86 -.88
-7.29 -11.42 23.52 1.31 2.80 -2.13
-2.23 -2.88 20.51 1.31 2.80 -2.13
-2.23 -2.88 20.51 .02 .48 -1.81
.99 -3.08 17.51 .02 .48 -1.81
.99 -3.08 17.51 -1.41 -.69 -1.49
1.40 -5.31 12.80 -1.41 -.69 -1.49
1.40 -5.31 12.80 -2.25 -.93 -1.21
1.07 -6.93 9.29 -2.25 -.93 -1.21
1.07 -6.93 9.29 -1.54 -.95 -.72
1.58 -7.19 7.25 -1.54 -.95 -.72
1.58 -7.19 7.25 -.32 -.93 -.33
2.17 -7.42 6.22 -.32 -.93 -.33
2.17 -7.42 6.22 .29 -.80 -.03
2.69 -7.92 6.55 .29 -.80 -.03
2.69 -7.92 6.55 .38 -.78 .07
3.07 -7.41 6.24 .38 -.78 .07
3.07 -7.41 6.24 .28 -.78 .13
3.24 -7.31 5.70 .28 -.78 .13
3.24 -7.31 5.70 .07 -.84 .07
3.98 -7.54 5.02 .07 -.84 .07
3.98 -7.54 5.02 -.03 -.97 .02
4.52 -7.40 4.41 -.01 -1.01 -.01
4.52 -7.40 4.41 -.03 -.97 .02
4.65 -7.37 4.25 -.01 -1.01 -.01
4.65 -7.37 4.25 .22 -1.10 .00
5.16 -7.69 4.27 .22 -1.10 .00
5.16 -7.69 4.27 .39 -1.34 .08
5.74 -7.34 3.54 .39 -1.34 .08
