5.74 -7.34 3.54 .44 -1.56 .13
5.31 -6.98 3.16 .44 -1.56 .13
5.31 -6.98 3.16 .38 -1.61 .11
4.65 -7.73 2.90 .38 -1.61 .11
4.65 -7.73 2.90 .22 -1.65 .01
6.75 -6.40 -15.02 -1.92 1.29 -.09
6.75 -6.40 -15.02 -2.49 2.13 .05
5.60 -7.35 -17.48 -2.49 2.13 .05
5.60 -7.35 -17.48 -3.38 4.34 .38
2.80 -7.89 -15.31 -3.38 4.34 .38
2.80 -7.89 -15.31 -3.57 7.01 .71
.79 -8.21 -17.01 -3.57 7.01 .71
.79 -8.21 -17.01 -3.00 9.47 .77
-4.15 -11.61 -13.95 -3.00 9.47 .77
-4.15 -11.61 -13.95 -3.63 11.59 .06
-17.54 -19.25 -2.09 -3.63 11.59 .06
-17.54 -19.25 -2.09 -5.85 12.43 -.77
-29.81 -29.72 16.03 -5.85 12.43 -.77
-29.81 -29.72 16.03 -3.78 10.02 .13
-16.19 -19.73 26.29 -3.78 10.02 .13
-16.19 -19.73 26.29 -.02 5.03 -1.02
-6.77 -10.49 23.22 -.02 5.03 -1.02
-6.77 -10.49 23.22 -.27 2.47 -1.69
-3.18 -6.01 19.46 -.27 2.47 -1.69
-3.18 -6.01 19.46 -1.52 .52 -1.56
-.34 -6.84 16.95 -1.52 .52 -1.56
-.34 -6.84 16.95 -2.00 -.51 -1.35
1.03 -8.24 13.87 -2.00 -.51 -1.35
1.03 -8.24 13.87 -1.46 -.83 -.86
2.09 -7.94 10.30 -1.46 -.83 -.86
2.09 -7.94 10.30 -.29 -.81 -.52
2.54 -7.38 8.15 -.29 -.81 -.52
2.54 -7.38 8.15 .75 -.62 -.21
2.06 -6.86 6.71 .75 -.62 -.21
2.06 -6.86 6.71 1.18 -.52 .12
1.83 -6.95 5.82 1.18 -.52 .12
1.83 -6.95 5.82 1.08 -.51 .25
1.93 -7.21 5.40 1.08 -.51 .25
1.93 -7.21 5.40 .62 -.66 .38
2.17 -7.88 4.78 .62 -.66 .38
2.17 -7.88 4.78 .20 -.78 .45
2.30 -8.28 4.36 .20 -.78 .45
2.30 -8.28 4.36 .05 -.81 .43
2.15 -8.27 3.92 .00 -.80 .39
2.15 -8.27 3.92 .05 -.81 .43
2.26 -8.07 3.57 .00 -.80 .39
2.26 -8.07 3.57 .01 -.86 .43
2.78 -7.89 3.28 .01 -.86 .43
2.78 -7.89 3.28 .03 -.99 .52
3.25 -8.21 3.44 .03 -.99 .52
3.25 -8.21 3.44 .02 -1.09 .54
3.36 -8.42 3.25 .02 -1.09 .54
3.36 -8.42 3.25 .04 -1.13 .51
3.22 -8.49 3.14 .04 -1.13 .51
