3.22 -8.49 3.14 .01 -1.18 .49
7.87 -5.39 -11.86 -1.07 .36 -.03
7.87 -5.39 -11.86 -2.34 .95 .11
7.48 -6.14 -19.18 -2.34 .95 .11
7.48 -6.14 -19.18 -3.84 2.55 .30
3.06 -6.99 -19.52 -4.68 5.54 .90
3.06 -6.99 -19.52 -3.84 2.55 .30
.59 -6.32 -17.95 -4.68 5.54 .90
.59 -6.32 -17.95 -4.02 8.18 1.43
-2.65 -10.78 -16.59 -2.63 10.94 1.56
-2.65 -10.78 -16.59 -4.02 8.18 1.43
-10.40 -15.79 -5.73 -2.63 10.94 1.56
-10.40 -15.79 -5.73 -3.11 13.25 .47
-23.96 -19.62 9.31 -4.28 12.14 .21
-23.96 -19.62 9.31 -3.11 13.25 .47
-27.88 -27.20 23.78 -4.28 12.14 .21
-27.88 -27.20 23.78 -.24 8.83 .50
-11.03 -13.97 23.55 -.24 8.83 .50
-11.03 -13.97 23.55 2.23 3.56 -1.73
-4.47 -4.63 20.53 2.23 3.56 -1.73
-4.47 -4.63 20.53 .03 1.25 -1.33
-1.47 -4.56 17.56 .03 1.25 -1.33
-1.47 -4.56 17.56 -1.86 -.27 -1.17
.87 -7.24 15.09 -1.86 -.27 -1.17
.87 -7.24 15.09 -2.75 -.88 -1.20
1.58 -8.24 11.52 -2.75 -.88 -1.20
1.58 -8.24 11.52 -2.24 -.95 -.61
1.39 -7.81 8.38 -2.24 -.95 -.61
1.39 -7.81 8.38 -.90 -.66 -.38
1.51 -7.72 6.46 -.90 -.66 -.38
1.51 -7.72 6.46 .09 -.60 -.17
1.76 -7.95 5.95 .09 -.60 -.17
1.76 -7.95 5.95 .52 -.57 .00
1.69 -7.47 6.16 .52 -.57 .00
1.69 -7.47 6.16 .53 -.55 .19
1.78 -7.22 5.97 .53 -.55 .19
1.78 -7.22 5.97 .15 -.61 .27
2.13 -7.54 5.18 .15 -.61 .27
2.13 -7.54 5.18 -.20 -.63 .25
2.32 -7.85 4.26 -.20 -.63 .25
2.32 -7.85 4.26 -.24 -.59 .26
2.35 -7.92 3.79 -.24 -.59 .26
2.35 -7.92 3.79 -.09 -.56 .28
2.73 -8.20 4.24 -.09 -.56 .28
2.73 -8.20 4.24 .19 -.64 .35
3.25 -7.85 4.58 .19 -.64 .35
3.25 -7.85 4.58 .30 -.74 .44
3.23 -7.85 4.29 .30 -.74 .44
3.23 -7.85 4.29 .18 -.81 .46
2.99 -7.91 3.82 .18 -.81 .46
