2.99 -7.91 3.82 -.01 -.89 .38
8.75 -5.53 -17.59 -1.77 .43 -.12
8.75 -5.53 -17.59 -3.12 .97 .05
8.36 -6.05 -26.55 -3.12 .97 .05
8.36 -6.05 -26.55 -5.11 3.21 .25
1.71 -9.01 -24.11 -5.59 7.11 .81
1.71 -9.01 -24.11 -5.11 3.21 .25
-2.25 -8.92 -19.63 -4.60 9.97 1.08
-2.25 -8.92 -19.63 -5.59 7.11 .81
-6.22 -12.15 -17.27 -4.60 9.97 1.08
-6.22 -12.15 -17.27 -4.42 12.71 1.04
-20.59 -19.66 .80 -6.92 13.17 -.20
-20.59 -19.66 .80 -4.42 12.71 1.04
-35.16 -35.90 17.13 -6.92 13.17 -.20
-35.16 -35.90 17.13 -4.71 11.22 1.04
-16.60 -25.46 28.17 -4.71 11.22 1.04
-16.60 -25.46 28.17 1.57 5.61 -.81
-8.06 -9.91 27.10 1.57 5.61 -.81
-8.06 -9.91 27.10 1.81 2.74 -1.79
-3.13 -3.20 20.95 -.90 .59 -1.67
-3.13 -3.20 20.95 1.81 2.74 -1.79
-.38 -5.12 15.76 -.90 .59 -1.67
-.38 -5.12 15.76 -3.00 -.34 -1.67
.34 -8.08 11.36 -3.00 -.34 -1.67
.34 -8.08 11.36 -2.82 -.50 -1.32
.90 -8.25 8.38 -2.82 -.50 -1.32
.90 -8.25 8.38 -1.33 -.41 -.82
2.17 -6.86 6.73 -1.33 -.41 -.82
2.17 -6.86 6.73 .28 -.30 -.15
2.60 -6.59 5.77 .28 -.30 -.15
2.60 -6.59 5.77 .33 -.14 .00
2.60 -6.94 5.71 .33 -.14 .00
2.60 -6.94 5.71 .10 -.09 .08
2.77 -7.26 5.39 .10 -.09 .08
2.77 -7.26 5.39 -.10 -.13 .18
3.00 -7.46 4.87 -.10 -.13 .18
3.00 -7.46 4.87 -.21 -.17 .14
2.96 -7.82 4.77 -.21 -.17 .14
2.96 -7.82 4.77 -.12 -.17 .12
2.95 -7.76 4.93 -.12 -.17 .12
2.95 -7.76 4.93 .07 -.23 .16
3.67 -7.25 4.88 .07 -.23 .16
3.67 -7.25 4.88 .16 -.42 .23
4.54 -7.21 4.51 .16 -.42 .23
4.54 -7.21 4.51 .06 -.60 .29
4.52 -7.31 4.20 .06 -.60 .29
4.52 -7.31 4.20 -.09 -.66 .24
4.07 -7.87 4.07 -.09 -.66 .24
4.07 -7.87 4.07 -.24 -.73 .15
4.09 -8.08 3.73 -.24 -.73 .15
