4.09 -8.08 3.73 -.32 -.84 .15
7.28 -4.90 -12.84 -.66 .25 -.02
7.28 -4.90 -12.84 -1.33 .74 .13
8.54 -5.28 -21.19 -1.33 .74 .13
8.54 -5.28 -21.19 -2.68 2.15 .26
3.94 -8.22 -22.78 -2.68 2.15 .26
3.94 -8.22 -22.78 -3.89 5.52 .92
.61 -8.92 -20.99 -3.89 5.52 .92
.61 -8.92 -20.99 -3.90 8.34 1.21
-1.84 -12.53 -21.00 -3.90 8.34 1.21
-1.84 -12.53 -21.00 -3.56 11.23 1.13
-12.41 -17.45 -7.97 -3.56 11.23 1.13
-12.41 -17.45 -7.97 -5.45 13.41 -.14
-27.63 -25.76 9.92 -5.45 13.41 -.14
-27.63 -25.76 9.92 -5.99 11.83 -.24
-23.90 -28.90 24.90 -5.99 11.83 -.24
-23.90 -28.90 24.90 -1.61 8.14 .09
-9.50 -16.35 23.20 -1.61 8.14 .09
-9.50 -16.35 23.20 .74 4.30 -1.93
-4.27 -6.97 18.61 -1.02 2.09 -1.88
-4.27 -6.97 18.61 .74 4.30 -1.93
-1.92 -5.56 15.69 -1.02 2.09 -1.88
-1.92 -5.56 15.69 -2.72 .77 -1.83
-.67 -8.53 13.23 -2.72 .77 -1.83
-.67 -8.53 13.23 -3.13 .30 -1.49
-.03 -9.59 10.00 -3.13 .30 -1.49
-.03 -9.59 10.00 -2.05 .21 -.96
.87 -8.52 8.09 -2.05 .21 -.96
.87 -8.52 8.09 .06 .14 -.35
1.88 -7.54 6.86 .06 .14 -.35
1.88 -7.54 6.86 .52 .13 -.14
2.47 -8.11 5.82 .52 .13 -.14
2.47 -8.11 5.82 .56 .09 .03
1.94 -8.37 5.74 .56 .09 .03
1.94 -8.37 5.74 .36 .00 .07
1.55 -7.96 5.59 .36 .00 .07
1.55 -7.96 5.59 .23 -.20 .11
2.09 -8.41 4.99 .23 -.20 .11
2.09 -8.41 4.99 .09 -.43 .12
2.81 -8.80 4.33 .09 -.43 .12
2.81 -8.80 4.33 .07 -.60 .04
3.18 -8.84 4.17 .07 -.60 .04
3.18 -8.84 4.17 .21 -.72 .05
3.30 -8.73 4.08 .21 -.72 .05
3.30 -8.73 4.08 .29 -.88 .06
3.50 -8.75 4.01 .29 -.88 .06
3.50 -8.75 4.01 .18 -1.07 .02
3.75 -8.83 3.68 .18 -1.07 .02
3.75 -8.83 3.68 .05 -1.24 -.02
3.79 -8.94 3.34 .05 -1.24 -.02
