3.97 -6.34 8.04 -.60 -.16 .47
3.97 -6.34 8.04 -.75 -.16 .53
3.46 -7.56 8.06 -.75 -.16 .53
3.46 -7.56 8.06 -.36 -.20 .48
3.56 -7.16 7.33 -.36 -.20 .48
3.56 -7.16 7.33 .27 -.41 .51
4.28 -6.31 6.54 .27 -.41 .51
4.28 -6.31 6.54 .54 -.61 .53
4.59 -5.68 6.10 .54 -.61 .53
4.59 -5.68 6.10 .25 -.72 .35
4.46 -5.50 6.13 .25 -.72 .35
4.46 -5.50 6.13 .00 -.82 .26
4.61 -5.70 6.05 .00 -.82 .26
4.61 -5.70 6.05 -.21 -.97 .22
5.29 -5.64 5.65 -.21 -.97 .22
5.29 -5.64 5.65 -.31 -1.04 .24
5.40 -5.96 5.21 -.31 -1.04 .24
5.40 -5.96 5.21 -.29 -.97 .19
8.57 -6.39 -6.46 -.18 -.07 -.10
8.57 -6.39 -6.46 -.44 .20 -.24
8.93 -7.12 -12.79 -.53 1.07 -.35
8.93 -7.12 -12.79 -.44 .20 -.24
4.39 -8.42 -12.88 -.53 1.07 -.35
4.39 -8.42 -12.88 -.99 3.04 -.46
-2.85 -13.09 -9.23 -.99 3.04 -.46
-2.85 -13.09 -9.23 -1.23 5.69 -.53
-.10 -11.46 -5.60 -1.23 5.69 -.53
-.10 -11.46 -5.60 -1.23 7.56 -.50
.62 -7.84 -10.30 -1.23 7.56 -.50
.62 -7.84 -10.30 -1.70 8.25 -.88
1.33 -8.22 -12.44 -1.70 8.25 -.88
1.33 -8.22 -12.44 -1.96 9.21 -1.28
-7.72 -12.27 18.11 -1.96 9.21 -1.28
-7.72 -12.27 18.11 -5.20 9.37 -2.76
-11.25 -7.24 18.90 -5.20 9.37 -2.76
-11.25 -7.24 18.90 -1.85 6.62 -1.38
-6.32 -3.07 27.10 -1.85 6.62 -1.38
-6.32 -3.07 27.10 .47 3.33 .31
-.44 -4.07 26.19 .47 3.33 .31
-.44 -4.07 26.19 -.86 3.08 -.58
-6.81 -9.81 21.73 -.86 3.08 -.58
-6.81 -9.81 21.73 -.49 2.33 -.62
-4.99 -7.87 17.08 -.49 2.33 -.62
-4.99 -7.87 17.08 .81 .52 -.15
-.53 -5.55 12.92 .70 -.83 .65
-.53 -5.55 12.92 .81 .52 -.15
3.11 -6.12 9.44 .70 -.83 .65
3.11 -6.12 9.44 -.15 -1.13 .40
4.79 -7.29 7.98 -.15 -1.13 .40
4.79 -7.29 7.98 -.40 -1.21 .18
4.19 -7.58 6.66 -.40 -1.21 .18
4.19 -7.58 6.66 .03 -1.04 -.01
2.78 -6.95 5.60 .03 -1.04 -.01
2.78 -6.95 5.60 .54 -.89 -.04
2.33 -6.39 5.34 .54 -.89 -.04
2.33 -6.39 5.34 .70 -.89 .01
2.64 -6.12 5.94 .70 -.89 .01
2.64 -6.12 5.94 .53 -.84 .07
3.11 -6.28 6.80 .53 -.84 .07
3.11 -6.28 6.80 .31 -.78 .16
3.56 -6.38 6.57 .31 -.78 .16
3.56 -6.38 6.57 .29 -.74 .14
3.77 -6.45 6.55 .29 -.74 .14
3.77 -6.45 6.55 .35 -.72 .07
3.61 -6.34 6.33 .35 -.72 .07
3.61 -6.34 6.33 .25 -.67 .02
