3.79 -8.94 3.34 .01 -1.32 -.11
6.98 -5.11 -11.70 -.44 -.64 -.33
6.98 -5.11 -11.70 -1.50 -.92 -.37
9.91 -3.73 -28.68 -1.50 -.92 -.37
9.91 -3.73 -28.68 -3.14 -.37 -.30
5.91 -6.55 -25.54 -3.14 -.37 -.30
5.91 -6.55 -25.54 -4.46 4.22 .73
-6.86 -11.60 -17.10 -4.46 4.22 .73
-6.86 -11.60 -17.10 -4.20 7.63 .74
-3.00 .15 -14.85 -4.20 7.63 .74
-3.00 .15 -14.85 -3.15 9.41 2.32
-4.98 -6.71 -11.29 -3.15 9.41 2.32
-4.98 -6.71 -11.29 -5.47 11.59 1.69
-18.36 -19.45 3.80 -5.47 11.59 1.69
-18.36 -19.45 3.80 -9.03 10.91 .73
-27.64 -30.08 12.28 -9.03 10.91 .73
-27.64 -30.08 12.28 -4.25 8.57 2.79
-9.53 -21.38 20.42 -4.25 8.57 2.79
-9.53 -21.38 20.42 1.71 3.74 .67
-2.89 -11.67 20.91 1.71 3.74 .67
-2.89 -11.67 20.91 .73 2.83 .17
-2.37 -9.29 16.88 .73 2.83 .17
-2.37 -9.29 16.88 -1.24 1.71 .05
-1.35 -10.82 12.84 -1.24 1.71 .05
-1.35 -10.82 12.84 -2.84 .88 -.35
.69 -12.71 10.09 -2.84 .88 -.35
.69 -12.71 10.09 -2.52 .34 -.01
2.94 -13.19 7.98 -2.52 .34 -.01
2.94 -13.19 7.98 -1.33 .08 .15
3.16 -12.04 6.31 -1.33 .08 .15
3.16 -12.04 6.31 .03 .11 .17
1.99 -10.39 5.28 .03 .11 .17
1.99 -10.39 5.28 .71 .04 .13
1.37 -9.11 4.37 .71 .04 .13
1.37 -9.11 4.37 .71 -.15 .07
1.35 -8.67 3.53 .71 -.15 .07
1.35 -8.67 3.53 .56 -.38 .07
1.40 -8.40 2.89 .37 -.49 .02
1.40 -8.40 2.89 .56 -.38 .07
1.31 -7.95 2.51 .24 -.59 .02
1.31 -7.95 2.51 .37 -.49 .02
1.39 -8.08 2.31 .24 -.59 .02
1.39 -8.08 2.31 .20 -.70 .10
1.55 -8.37 2.31 .17 -.85 .24
1.55 -8.37 2.31 .20 -.70 .10
1.47 -8.98 2.09 .17 -.85 .24
1.47 -8.98 2.09 .09 -.98 .31
