1.67 -9.28 1.70 .09 -.98 .31
1.67 -9.28 1.70 .16 -1.16 .35
1.78 -9.50 1.47 .16 -1.16 .35
1.78 -9.50 1.47 .15 -1.36 .37
-13.63 -15.48 -10.54 -8.72 8.89 2.64
-13.63 -15.48 -10.54 -7.81 9.77 3.26
-19.78 -29.74 4.76 -7.81 9.77 3.26
-19.78 -29.74 4.76 -6.09 8.97 3.48
-14.72 -28.54 15.04 -6.09 8.97 3.48
-14.72 -28.54 15.04 -1.50 7.46 3.11
-8.38 -23.27 17.37 -1.50 7.46 3.11
-8.38 -23.27 17.37 .08 5.01 1.07
-3.51 -18.66 14.65 .08 5.01 1.07
-3.51 -18.66 14.65 .38 2.81 -.38
1.20 -13.03 12.87 .38 2.81 -.38
1.20 -13.03 12.87 .76 1.33 -.71
2.46 -9.12 12.18 .76 1.33 -.71
2.46 -9.12 12.18 .67 .60 -.68
1.31 -7.20 10.20 .67 .60 -.68
1.31 -7.20 10.20 .12 .15 -.63
1.12 -6.52 7.71 .12 .15 -.63
1.12 -6.52 7.71 .08 -.34 -.29
3.10 -7.26 5.30 .08 -.34 -.29
3.10 -7.26 5.30 .31 -.72 -.01
3.96 -8.05 3.95 .31 -.72 -.01
3.96 -8.05 3.95 .59 -.78 .25
3.64 -8.04 3.44 .59 -.78 .25
3.64 -8.04 3.44 .84 -.78 .41
2.95 -7.67 3.28 .84 -.78 .41
2.95 -7.67 3.28 .91 -.89 .53
2.85 -7.60 2.92 .91 -.89 .53
2.85 -7.60 2.92 .66 -1.00 .53
3.26 -8.27 2.32 .66 -1.00 .53
3.26 -8.27 2.32 .35 -1.06 .49
3.55 -8.50 2.05 .35 -1.06 .49
3.55 -8.50 2.05 .28 -1.09 .47
4.06 -8.58 1.78 .28 -1.09 .47
4.06 -8.58 1.78 .33 -1.19 .47
4.42 -8.53 1.47 .33 -1.19 .47
4.42 -8.53 1.47 .25 -1.30 .45
4.11 -8.01 1.38 .25 -1.30 .45
4.11 -8.01 1.38 .28 -1.42 .42
3.63 -8.42 1.59 .28 -1.42 .42
3.63 -8.42 1.59 -.07 -1.58 .25
4.67 -9.00 1.25 -.07 -1.58 .25
4.67 -9.00 1.25 -.25 -1.73 .28
4.81 -9.15 .67 -.25 -1.73 .28
4.81 -9.15 .67 -.17 -1.70 .20
4.15 -9.04 .18 -.17 -1.70 .20
4.15 -9.04 .18 .01 -1.61 .10
4.06 -8.89 .69 .10 -1.61 .10
4.06 -8.89 .69 .01 -1.61 .10
4.84 -8.76 1.24 .12 -1.67 .16
