4.84 -8.76 1.24 .10 -1.61 .10
7.91 -4.92 -9.39 .65 -1.02 -.45
7.91 -4.92 -9.39 -.22 -.84 -.24
9.21 -5.40 -14.10 -.22 -.84 -.24
9.21 -5.40 -14.10 -1.20 -.06 -.06
8.26 -6.45 -18.92 -1.20 -.06 -.06
8.26 -6.45 -18.92 -2.34 1.44 .28
6.58 -7.11 -23.89 -2.34 1.44 .28
6.58 -7.11 -23.89 -3.42 4.03 .75
3.65 -5.01 -22.97 -3.42 4.03 .75
3.65 -5.01 -22.97 -4.27 7.21 1.22
-1.51 -7.24 -20.75 -4.40 10.33 1.40
-1.51 -7.24 -20.75 -4.27 7.21 1.22
-9.22 -13.68 -15.34 -4.40 10.33 1.40
-9.22 -13.68 -15.34 -5.09 12.91 .91
-25.44 -20.83 6.86 -5.09 12.91 .91
-25.44 -20.83 6.86 -6.46 12.70 .93
-29.48 -29.13 22.37 -6.46 12.70 .93
-29.48 -29.13 22.37 -1.71 10.10 2.02
-14.45 -22.80 25.14 -1.71 10.10 2.02
-14.45 -22.80 25.14 3.13 5.30 -1.01
-7.88 -9.04 22.80 3.13 5.30 -1.01
-7.88 -9.04 22.80 2.89 2.06 -1.12
-4.10 -1.52 20.99 2.89 2.06 -1.12
-4.10 -1.52 20.99 .26 -.13 -1.17
-.83 -4.24 17.41 .26 -.13 -1.17
-.83 -4.24 17.41 -2.31 -1.02 -1.02
.68 -8.10 12.68 -2.31 -1.02 -1.02
.68 -8.10 12.68 -2.47 -1.39 -.62
1.86 -8.37 8.60 -2.47 -1.39 -.62
1.86 -8.37 8.60 -.92 -1.28 -.42
2.03 -7.24 6.54 -.92 -1.28 -.42
2.03 -7.24 6.54 .76 -1.11 .09
2.54 -6.77 5.45 1.29 -1.10 .37
2.54 -6.77 5.45 .76 -1.11 .09
3.12 -6.99 5.05 1.29 -1.10 .37
3.12 -6.99 5.05 .94 -1.12 .55
3.26 -7.02 4.83 .94 -1.12 .55
3.26 -7.02 4.83 .50 -1.13 .60
3.56 -8.03 4.97 .50 -1.13 .60
3.56 -8.03 4.97 .28 -1.17 .58
3.62 -8.90 4.16 .28 -1.17 .58
3.62 -8.90 4.16 .51 -1.12 .45
3.25 -8.38 3.60 .51 -1.12 .45
3.25 -8.38 3.60 .97 -1.00 .30
3.44 -7.49 3.78 .97 -1.00 .30
3.44 -7.49 3.78 1.11 -1.25 .23
4.35 -7.20 4.01 1.11 -1.25 .23
4.35 -7.20 4.01 .88 -1.42 .13
