4.13 -6.95 3.60 .88 -1.42 .13
4.13 -6.95 3.60 .78 -1.52 .06
8.24 -5.09 -13.63 -.58 -.68 .03
8.24 -5.09 -13.63 -1.94 -.19 .18
8.50 -6.41 -18.73 -4.07 1.61 .37
8.50 -6.41 -18.73 -1.94 -.19 .18
3.23 -6.39 -17.71 -4.07 1.61 .37
3.23 -6.39 -17.71 -6.49 4.54 .82
1.96 -3.30 -18.11 -6.49 4.54 .82
1.96 -3.30 -18.11 -6.55 6.97 1.44
-.14 -8.65 -17.70 -6.55 6.97 1.44
-.14 -8.65 -17.70 -4.84 9.78 2.09
-9.06 -17.42 -3.73 -4.49 12.03 1.32
-9.06 -17.42 -3.73 -4.84 9.78 2.09
-19.67 -23.52 8.16 -4.49 12.03 1.32
-19.67 -23.52 8.16 -4.49 11.16 1.21
-22.32 -27.40 19.99 -4.49 11.16 1.21
-22.32 -27.40 19.99 -.46 8.06 .93
-8.33 -16.13 23.20 -.46 8.06 .93
-8.33 -16.13 23.20 1.30 3.97 -.85
-3.71 -7.51 21.16 1.30 3.97 -.85
-3.71 -7.51 21.16 .37 2.02 -.94
-1.66 -3.22 17.85 .37 2.02 -.94
-1.66 -3.22 17.85 -1.28 .39 -1.11
1.63 -5.82 13.55 -1.28 .39 -1.11
1.63 -5.82 13.55 -2.58 -.60 -.71
3.39 -7.82 9.79 -2.58 -.60 -.71
3.39 -7.82 9.79 -2.13 -.90 -.13
3.35 -8.16 7.17 -2.13 -.90 -.13
3.35 -8.16 7.17 -1.00 -.74 .17
2.09 -8.43 6.18 .11 -.62 .41
2.09 -8.43 6.18 -1.00 -.74 .17
2.41 -7.79 5.31 .11 -.62 .41
2.41 -7.79 5.31 .68 -.78 .66
3.60 -7.90 4.56 .68 -.78 .66
3.60 -7.90 4.56 .82 -.85 .83
3.77 -7.89 3.88 .64 -.77 .77
3.77 -7.89 3.88 .82 -.85 .83
3.01 -8.30 3.52 .49 -.69 .67
3.01 -8.30 3.52 .64 -.77 .77
2.60 -8.53 3.76 .26 -.76 .57
2.60 -8.53 3.76 .49 -.69 .67
3.15 -8.60 3.66 .26 -.76 .57
3.15 -8.60 3.66 .10 -.92 .55
3.64 -8.77 3.26 .10 -.92 .55
3.64 -8.77 3.26 .00 -.99 .53
3.59 -8.99 2.68 .00 -.99 .53
3.59 -8.99 2.68 .08 -1.01 .47
3.36 -8.84 2.47 .08 -1.01 .47
3.36 -8.84 2.47 .25 -1.07 .45
