3.71 -8.77 2.58 .25 -1.07 .45
3.71 -8.77 2.58 .32 -1.22 .46
9.48 -2.32 -17.86 -1.87 .79 .31
9.48 -2.32 -17.86 -4.31 1.88 .60
3.35 -6.13 -19.62 -6.97 4.55 1.54
3.35 -6.13 -19.62 -4.31 1.88 .60
1.39 -7.00 -21.78 -6.97 4.55 1.54
1.39 -7.00 -21.78 -7.00 6.95 2.20
-1.92 -13.88 -22.43 -7.00 6.95 2.20
-1.92 -13.88 -22.43 -2.47 10.24 2.69
-12.83 -22.02 -7.69 -2.47 10.24 2.69
-12.83 -22.02 -7.69 .96 13.32 1.45
-26.61 -20.39 13.54 .96 13.32 1.45
-26.61 -20.39 13.54 1.77 12.89 .34
-28.20 -14.25 22.93 1.77 12.89 .34
-28.20 -14.25 22.93 .58 9.22 -.39
-14.85 -11.62 23.55 .58 9.22 -.39
-14.85 -11.62 23.55 .00 4.79 -2.94
-7.05 -3.91 21.17 -.65 1.93 -1.97
-7.05 -3.91 21.17 .00 4.79 -2.94
-3.77 -3.11 18.85 -.65 1.93 -1.97
-3.77 -3.11 18.85 -1.94 .46 -1.56
-.74 -5.09 15.39 -1.94 .46 -1.56
-.74 -5.09 15.39 -2.71 -.38 -1.39
1.36 -6.92 11.78 -2.71 -.38 -1.39
1.36 -6.92 11.78 -2.20 -.74 -.66
1.77 -7.10 9.17 -1.37 -.71 -.23
1.77 -7.10 9.17 -2.20 -.74 -.66
1.30 -6.76 7.77 -.68 -.69 .08
1.30 -6.76 7.77 -1.37 -.71 -.23
1.37 -7.47 7.03 -.68 -.69 .08
1.37 -7.47 7.03 -.40 -.82 .18
2.15 -7.76 6.07 -.40 -.82 .18
2.15 -7.76 6.07 -.33 -.92 .33
2.73 -7.81 5.78 -.33 -.92 .33
2.73 -7.81 5.78 -.27 -.90 .36
2.35 -7.72 5.35 -.24 -.75 .33
2.35 -7.72 5.35 -.27 -.90 .36
1.88 -7.90 4.86 -.24 -.75 .33
1.88 -7.90 4.86 -.33 -.72 .22
2.62 -7.97 4.40 -.33 -.72 .22
2.62 -7.97 4.40 -.47 -.86 .27
3.51 -8.62 4.02 -.47 -.86 .27
3.51 -8.62 4.02 -.48 -.93 .33
3.31 -8.74 3.23 -.48 -.93 .33
3.31 -8.74 3.23 -.42 -.88 .33
2.53 -8.82 3.03 -.28 -.94 .28
2.53 -8.82 3.03 -.42 -.88 .33
2.62 -8.72 3.07 -.28 -.94 .28
