2.62 -8.72 3.07 -.39 -1.17 .31
3.26 -9.13 2.94 -.39 -1.17 .31
3.26 -9.13 2.94 -.60 -1.32 .30
7.45 -5.23 -12.79 -1.06 .21 .04
7.45 -5.23 -12.79 -1.86 .87 .16
6.54 -5.34 -18.45 -2.59 2.32 .40
6.54 -5.34 -18.45 -1.86 .87 .16
3.54 -5.38 -19.28 -2.59 2.32 .40
3.54 -5.38 -19.28 -3.26 4.95 1.18
1.56 -3.91 -13.57 -3.26 4.95 1.18
1.56 -3.91 -13.57 -3.85 7.05 2.09
.25 -4.01 -10.99 -3.85 7.05 2.09
.25 -4.01 -10.99 -4.82 8.72 2.37
-2.18 -6.01 -16.95 -6.36 10.48 2.46
-2.18 -6.01 -16.95 -4.82 8.72 2.37
-15.38 -20.01 -1.41 -6.36 10.48 2.46
-15.38 -20.01 -1.41 -7.18 11.58 2.18
-26.70 -43.06 11.61 -2.07 9.62 1.89
-26.70 -43.06 11.61 -7.18 11.58 2.18
-11.34 -22.85 18.90 5.26 3.80 .38
-11.34 -22.85 18.90 -2.07 9.62 1.89
-2.80 -5.76 19.95 5.26 3.80 .38
-2.80 -5.76 19.95 2.30 1.97 -.91
-1.44 -2.62 16.85 2.30 1.97 -.91
-1.44 -2.62 16.85 -2.00 .52 -.97
-1.71 -8.99 12.68 -4.99 -.22 -1.27
-1.71 -8.99 12.68 -2.00 .52 -.97
.85 -13.98 9.67 -3.58 -1.03 -.61
.85 -13.98 9.67 -4.99 -.22 -1.27
2.60 -13.01 7.15 -3.58 -1.03 -.61
2.60 -13.01 7.15 -1.05 -.86 -.21
2.13 -9.52 5.71 -1.05 -.86 -.21
2.13 -9.52 5.71 .97 -.63 .05
1.53 -7.47 4.41 .97 -.63 .05
1.53 -7.47 4.41 1.45 -.61 .26
2.32 -7.20 3.43 1.07 -.79 .44
2.32 -7.20 3.43 1.45 -.61 .26
2.88 -8.53 2.74 1.07 -.79 .44
2.88 -8.53 2.74 .49 -.82 .50
2.43 -9.17 2.59 .49 -.82 .50
2.43 -9.17 2.59 .20 -.74 .35
2.30 -8.89 2.30 .20 -.74 .35
2.30 -8.89 2.30 .39 -.75 .36
2.63 -8.58 2.01 .39 -.75 .36
2.63 -8.58 2.01 .54 -.76 .44
3.04 -8.59 1.25 .54 -.76 .44
3.04 -8.59 1.25 .57 -.79 .47
3.18 -9.16 .95 .57 -.79 .47
3.18 -9.16 .95 .58 -.84 .51
3.11 -9.16 1.06 .58 -.84 .51
3.11 -9.16 1.06 .70 -.91 .57
