2.98 -8.99 1.41 .70 -.91 .57
2.98 -8.99 1.41 .78 -1.03 .62
-3.07 -12.12 -8.47 -5.04 7.92 3.02
-3.07 -12.12 -8.47 -4.37 9.61 3.02
-10.62 -18.69 -.87 -4.37 9.61 3.02
-10.62 -18.69 -.87 -4.32 10.38 2.59
-17.14 -32.38 6.49 -4.32 10.38 2.59
-17.14 -32.38 6.49 -1.73 8.86 1.20
-13.93 -25.80 13.63 -1.73 8.86 1.20
-13.93 -25.80 13.63 2.15 5.96 .21
-5.86 -11.05 19.04 2.15 5.96 .21
-5.86 -11.05 19.04 2.37 2.69 -.57
-1.01 -2.21 18.03 2.37 2.69 -.57
-1.01 -2.21 18.03 -.74 1.09 -1.00
1.34 -7.72 13.47 -.74 1.09 -1.00
1.34 -7.72 13.47 -3.60 .11 -.93
1.37 -12.51 6.97 -1.92 -.30 -.50
1.37 -12.51 6.97 -3.60 .11 -.93
1.16 -10.39 5.88 -1.92 -.30 -.50
1.16 -10.39 5.88 .15 -.50 -.20
1.23 -8.17 5.66 .15 -.50 -.20
1.23 -8.17 5.66 .94 -.77 .10
1.55 -7.01 5.11 .94 -.77 .10
1.55 -7.01 5.11 .77 -.97 .23
2.09 -7.29 4.23 .77 -.97 .23
2.09 -7.29 4.23 .27 -1.11 .26
2.42 -8.02 3.37 .27 -1.11 .26
2.42 -8.02 3.37 -.14 -1.11 .25
2.50 -8.60 2.53 -.20 -1.07 .29
2.50 -8.60 2.53 -.14 -1.11 .25
2.74 -8.91 2.01 -.20 -1.07 .29
2.74 -8.91 2.01 -.05 -.96 .29
3.24 -8.76 1.94 -.05 -.96 .29
3.24 -8.76 1.94 .19 -.90 .39
3.89 -8.54 2.05 .19 -.90 .39
3.89 -8.54 2.05 .25 -.89 .46
4.01 -8.96 1.73 .25 -.89 .46
4.01 -8.96 1.73 .37 -.82 .49
3.45 -9.35 1.38 .37 -.82 .49
3.45 -9.35 1.38 .39 -.76 .39
2.99 -9.63 1.15 .39 -.76 .39
2.99 -9.63 1.15 .41 -.76 .34
3.20 -9.48 1.12 .41 -.76 .34
3.49 -9.36 1.53 .35 -.84 .29
3.20 -9.48 1.12 .35 -.84 .29
3.49 -9.36 1.53 .23 -.86 .26
3.25 -9.35 1.87 .23 -.86 .26
