3.25 -9.35 1.87 .15 -.83 .18
2.76 -9.35 1.67 .15 -.83 .18
2.76 -9.35 1.67 .19 -.83 .12
2.76 -9.32 1.56 .20 -.85 .08
2.76 -9.32 1.56 .19 -.83 .12
6.97 -4.30 -8.43 -.11 -1.19 -.55
6.97 -4.30 -8.43 -.29 -1.09 -.41
8.62 -1.94 -18.99 -.29 -1.09 -.41
8.62 -1.94 -18.99 -.68 -.32 -.03
6.18 -4.42 -21.46 -.68 -.32 -.03
6.18 -4.42 -21.46 -1.95 2.29 .74
1.33 -6.39 -18.76 -1.95 2.29 .74
1.33 -6.39 -18.76 -4.33 5.47 1.53
3.52 .12 -16.76 -4.96 7.46 2.35
3.52 .12 -16.76 -4.33 5.47 1.53
.41 -5.46 -18.68 -4.96 7.46 2.35
.41 -5.46 -18.68 -5.55 9.83 2.71
-11.61 -17.97 -1.97 -5.55 9.83 2.71
-11.61 -17.97 -1.97 -6.54 11.71 1.84
-23.14 -32.38 11.61 -6.54 11.71 1.84
-23.14 -32.38 11.61 -4.11 9.65 1.95
-15.31 -26.84 17.75 -4.11 9.65 1.95
-15.31 -26.84 17.75 2.46 5.47 1.08
-3.69 -13.70 17.74 2.25 2.86 -.68
-3.69 -13.70 17.74 2.46 5.47 1.08
-1.22 -6.45 14.67 2.25 2.86 -.68
-1.22 -6.45 14.67 -.56 1.50 -.86
-.89 -7.82 12.88 -.56 1.50 -.86
-.89 -7.82 12.88 -2.82 .47 -1.09
.62 -10.72 10.18 -2.82 .47 -1.09
.62 -10.72 10.18 -2.95 -.15 -.63
2.11 -11.91 7.51 -2.95 -.15 -.63
2.11 -11.91 7.51 -1.27 -.26 -.17
2.27 -10.01 5.59 -1.27 -.26 -.17
2.27 -10.01 5.59 .60 -.11 .06
1.84 -8.32 4.95 .60 -.11 .06
1.84 -8.32 4.95 1.44 -.17 .29
2.07 -7.10 4.92 1.44 -.17 .29
2.07 -7.10 4.92 1.07 -.35 .42
2.54 -7.78 4.33 1.07 -.35 .42
2.54 -7.78 4.33 .23 -.54 .42
2.81 -8.51 3.47 .23 -.54 .42
2.81 -8.51 3.47 -.24 -.57 .29
2.92 -9.15 2.82 -.24 -.57 .29
2.92 -9.15 2.82 -.13 -.58 .25
2.89 -9.09 2.61 -.13 -.58 .25
2.89 -9.09 2.61 .26 -.53 .26
2.99 -8.73 2.60 .26 -.53 .26
2.99 -8.73 2.60 .56 -.57 .32
3.25 -8.53 2.62 .56 -.57 .32
3.25 -8.53 2.62 .58 -.68 .35
3.34 -8.60 2.16 .58 -.68 .35
3.34 -8.60 2.16 .45 -.75 .35
3.03 -8.76 1.69 .45 -.75 .35
