3.03 -8.76 1.69 .31 -.79 .35
7.52 -6.88 -14.54 -1.50 1.29 .19
7.52 -6.88 -14.54 -2.41 2.05 .35
6.51 -6.82 -21.61 -2.41 2.05 .35
6.51 -6.82 -21.61 -3.65 3.85 .75
3.70 -6.71 -24.38 -3.65 3.85 .75
3.70 -6.71 -24.38 -4.02 7.15 1.26
-2.44 -7.55 -23.16 -4.02 7.15 1.26
-2.44 -7.55 -23.16 -3.68 10.55 1.37
-12.65 -13.07 -11.16 -3.68 10.55 1.37
-12.65 -13.07 -11.16 -4.27 13.30 1.16
-29.94 -26.74 9.21 -4.27 13.30 1.16
-29.94 -26.74 9.21 -4.69 12.86 1.46
-25.25 -25.77 19.13 -4.69 12.86 1.46
-25.25 -25.77 19.13 -.72 8.19 .53
-11.39 -16.28 22.80 -.72 8.19 .53
-11.39 -16.28 22.80 .70 3.99 -1.00
-8.07 -10.72 19.28 .70 3.99 -1.00
-8.07 -10.72 19.28 -1.04 1.39 -1.34
-5.61 -10.57 21.82 -1.04 1.39 -1.34
-5.61 -10.57 21.82 -1.83 -1.09 -1.39
-1.22 -6.73 13.23 -1.83 -1.09 -1.39
-1.22 -6.73 13.23 -1.25 -1.88 -.87
-.08 -7.70 9.28 -1.25 -1.88 -.87
-.08 -7.70 9.28 -2.35 -1.94 -.55
.61 -10.67 5.10 -2.35 -1.94 -.55
.61 -10.67 5.10 -1.53 -1.72 -.59
