1.88 -9.74 2.84 -1.53 -1.72 -.59
1.88 -9.74 2.84 1.01 -1.31 .05
2.77 -8.33 1.97 1.01 -1.31 .05
2.77 -8.33 1.97 2.08 -.94 .36
2.61 -7.88 1.87 2.08 -.94 .36
2.61 -7.88 1.87 1.77 -.65 .43
2.38 -7.65 2.19 .95 -.52 .47
2.38 -7.65 2.19 1.77 -.65 .43
2.43 -8.58 2.54 .95 -.52 .47
2.43 -8.58 2.54 .03 -.50 .44
2.80 -9.56 1.81 .03 -.50 .44
2.80 -9.56 1.81 -.19 -.50 .36
2.29 -9.79 .86 -.19 -.50 .36
2.29 -9.79 .86 .23 -.44 .36
1.63 -9.49 .77 .23 -.44 .36
1.63 -9.49 .77 .59 -.52 .35
1.82 -8.94 1.05 .59 -.52 .35
1.82 -8.94 1.05 .56 -.76 .43
2.03 -8.64 1.54 .56 -.76 .43
2.03 -8.64 1.54 .31 -.95 .47
1.69 -8.68 1.44 .31 -.95 .47
1.69 -8.68 1.44 .05 -1.10 .40
1.66 -8.93 1.01 .05 -1.10 .40
1.66 -8.93 1.01 -.04 -1.27 .39
7.26 -3.79 -16.80 -1.54 .47 -.23
7.26 -3.79 -16.80 -2.19 .96 .17
7.17 -3.55 -27.04 -2.19 .96 .17
7.17 -3.55 -27.04 -4.12 2.77 .82
1.47 -4.12 -27.68 -4.12 2.77 .82
1.47 -4.12 -27.68 -5.88 6.36 1.81
-3.57 -3.21 -22.96 -5.88 6.36 1.81
-3.57 -3.21 -22.96 -4.84 9.68 2.89
-11.22 -9.43 -15.98 -4.84 9.68 2.89
-11.22 -9.43 -15.98 -4.62 12.65 3.25
-27.08 -28.82 3.88 -4.62 12.65 3.25
-27.08 -28.82 3.88 -6.12 12.33 2.32
-29.06 -40.32 17.27 -2.68 10.07 2.52
-29.06 -40.32 17.27 -6.12 12.33 2.32
-14.37 -26.37 23.21 -2.68 10.07 2.52
-14.37 -26.37 23.21 1.47 4.78 -.11
-8.14 -16.71 19.56 1.47 4.78 -.11
-8.14 -16.71 19.56 -.11 1.79 -1.86
-3.01 -11.75 16.18 -.11 1.79 -1.86
-3.01 -11.75 16.18 -.52 -.14 -1.67
.65 -7.20 11.48 -1.43 -.46 -1.83
.65 -7.20 11.48 -.52 -.14 -1.67
-.27 -7.77 6.70 -1.43 -.46 -1.83
-.27 -7.77 6.70 -2.01 -.11 -1.17
-1.01 -7.61 4.22 -2.01 -.11 -1.17
-1.01 -7.61 4.22 -.32 -.03 -.53
.75 -6.65 1.94 -.32 -.03 -.53
.75 -6.65 1.94 .91 .14 -.12
